0,-3.80948e+06,-5.80041e+06,1.40322e+06,11.499,-123.295,702671,4671.69,-1827.78,5095.81
1,-3.8048e+06,-5.80223e+06,1.40831e+06,11.5413,-123.255,702671,4675.69,-1821.97,5094.23
2,-3.80013e+06,-5.80405e+06,1.41341e+06,11.5836,-123.214,702670,4679.68,-1816.16,5092.63
3,-3.79545e+06,-5.80586e+06,1.4185e+06,11.6259,-123.174,702670,4683.66,-1810.34,5091.04
4,-3.79076e+06,-5.80767e+06,1.42359e+06,11.6682,-123.133,702670,4687.64,-1804.53,5089.44
5,-3.78607e+06,-5.80947e+06,1.42868e+06,11.7105,-123.093,702670,4691.62,-1798.71,5087.83
6,-3.78138e+06,-5.81127e+06,1.43377e+06,11.7528,-123.052,702670,4695.59,-1792.89,5086.22
7,-3.77668e+06,-5.81306e+06,1.43885e+06,11.795,-123.011,702670,4699.56,-1787.07,5084.6
8,-3.77198e+06,-5.81484e+06,1.44393e+06,11.8373,-122.971,702670,4703.52,-1781.25,5082.97
9,-3.76727e+06,-5.81662e+06,1.44902e+06,11.8796,-122.93,702670,4707.48,-1775.43,5081.34
10,-3.76256e+06,-5.81839e+06,1.4541e+06,11.9218,-122.889,702670,4711.44,-1769.61,5079.7
11,-3.75785e+06,-5.82016e+06,1.45918e+06,11.9641,-122.849,702670,4715.39,-1763.78,5078.06
12,-3.75313e+06,-5.82192e+06,1.46425e+06,12.0063,-122.808,702670,4719.33,-1757.96,5076.41
13,-3.74841e+06,-5.82368e+06,1.46933e+06,12.0485,-122.767,702670,4723.27,-1752.13,5074.76
14,-3.74368e+06,-5.82543e+06,1.4744e+06,12.0908,-122.727,702671,4727.21,-1746.3,5073.1
15,-3.73896e+06,-5.82717e+06,1.47947e+06,12.133,-122.686,702671,4731.14,-1740.47,5071.44
16,-3.73422e+06,-5.82891e+06,1.48455e+06,12.1752,-122.645,702671,4735.07,-1734.64,5069.77
17,-3.72949e+06,-5.83064e+06,1.48961e+06,12.2174,-122.604,702671,4738.99,-1728.81,5068.09
18,-3.72474e+06,-5.83236e+06,1.49468e+06,12.2596,-122.564,702671,4742.91,-1722.97,5066.41
19,-3.72e+06,-5.83408e+06,1.49975e+06,12.3018,-122.523,702671,4746.83,-1717.14,5064.72
20,-3.71525e+06,-5.8358e+06,1.50481e+06,12.3439,-122.482,702672,4750.74,-1711.3,5063.03
21,-3.7105e+06,-5.83751e+06,1.50987e+06,12.3861,-122.441,702672,4754.64,-1705.46,5061.33
22,-3.70574e+06,-5.83921e+06,1.51493e+06,12.4283,-122.4,702672,4758.55,-1699.62,5059.62
23,-3.70098e+06,-5.84091e+06,1.51999e+06,12.4704,-122.36,702672,4762.44,-1693.78,5057.91
24,-3.69622e+06,-5.8426e+06,1.52505e+06,12.5126,-122.319,702673,4766.34,-1687.94,5056.19
25,-3.69145e+06,-5.84428e+06,1.5301e+06,12.5547,-122.278,702673,4770.22,-1682.09,5054.47
26,-3.68668e+06,-5.84596e+06,1.53516e+06,12.5968,-122.237,702673,4774.11,-1676.25,5052.74
27,-3.6819e+06,-5.84763e+06,1.54021e+06,12.639,-122.196,702674,4777.99,-1670.4,5051.01
28,-3.67712e+06,-5.8493e+06,1.54526e+06,12.6811,-122.155,702674,4781.86,-1664.56,5049.27
29,-3.67234e+06,-5.85096e+06,1.55031e+06,12.7232,-122.114,702675,4785.73,-1658.71,5047.53
30,-3.66755e+06,-5.85262e+06,1.55536e+06,12.7653,-122.073,702675,4789.59,-1652.86,5045.78
31,-3.66276e+06,-5.85427e+06,1.5604e+06,12.8074,-122.032,702675,4793.46,-1647,5044.02
32,-3.65796e+06,-5.85591e+06,1.56544e+06,12.8495,-121.991,702676,4797.31,-1641.15,5042.26
33,-3.65316e+06,-5.85755e+06,1.57048e+06,12.8916,-121.95,702676,4801.16,-1635.3,5040.49
34,-3.64836e+06,-5.85918e+06,1.57552e+06,12.9336,-121.909,702677,4805.01,-1629.44,5038.72
35,-3.64355e+06,-5.86081e+06,1.58056e+06,12.9757,-121.868,702677,4808.85,-1623.59,5036.94
36,-3.63874e+06,-5.86243e+06,1.5856e+06,13.0178,-121.827,702678,4812.69,-1617.73,5035.15
37,-3.63393e+06,-5.86405e+06,1.59063e+06,13.0598,-121.786,702678,4816.53,-1611.87,5033.36
38,-3.62911e+06,-5.86565e+06,1.59567e+06,13.1018,-121.745,702679,4820.36,-1606.01,5031.57
39,-3.62429e+06,-5.86726e+06,1.6007e+06,13.1439,-121.704,702680,4824.18,-1600.15,5029.77
40,-3.61946e+06,-5.86885e+06,1.60572e+06,13.1859,-121.663,702680,4828,-1594.28,5027.96
41,-3.61463e+06,-5.87045e+06,1.61075e+06,13.2279,-121.622,702681,4831.82,-1588.42,5026.14
42,-3.6098e+06,-5.87203e+06,1.61578e+06,13.2699,-121.581,702681,4835.63,-1582.55,5024.33
43,-3.60496e+06,-5.87361e+06,1.6208e+06,13.3119,-121.54,702682,4839.43,-1576.69,5022.5
44,-3.60012e+06,-5.87519e+06,1.62582e+06,13.3539,-121.499,702683,4843.24,-1570.82,5020.67
45,-3.59527e+06,-5.87675e+06,1.63084e+06,13.3959,-121.457,702683,4847.03,-1564.95,5018.84
46,-3.59042e+06,-5.87831e+06,1.63586e+06,13.4379,-121.416,702684,4850.83,-1559.08,5016.99
47,-3.58557e+06,-5.87987e+06,1.64088e+06,13.4798,-121.375,702685,4854.61,-1553.21,5015.15
48,-3.58071e+06,-5.88142e+06,1.64589e+06,13.5218,-121.334,702686,4858.4,-1547.34,5013.29
49,-3.57585e+06,-5.88297e+06,1.6509e+06,13.5637,-121.293,702686,4862.18,-1541.46,5011.44
50,-3.57099e+06,-5.8845e+06,1.65591e+06,13.6057,-121.251,702687,4865.95,-1535.59,5009.57
51,-3.56612e+06,-5.88604e+06,1.66092e+06,13.6476,-121.21,702688,4869.72,-1529.71,5007.7
52,-3.56125e+06,-5.88756e+06,1.66593e+06,13.6895,-121.169,702689,4873.49,-1523.83,5005.83
53,-3.55638e+06,-5.88908e+06,1.67093e+06,13.7314,-121.127,702690,4877.25,-1517.96,5003.95
54,-3.5515e+06,-5.8906e+06,1.67594e+06,13.7734,-121.086,702690,4881,-1512.08,5002.06
55,-3.54661e+06,-5.89211e+06,1.68094e+06,13.8152,-121.045,702691,4884.76,-1506.2,5000.17
56,-3.54173e+06,-5.89361e+06,1.68594e+06,13.8571,-121.003,702692,4888.5,-1500.31,4998.27
57,-3.53684e+06,-5.89511e+06,1.69093e+06,13.899,-120.962,702693,4892.25,-1494.43,4996.37
58,-3.53194e+06,-5.8966e+06,1.69593e+06,13.9409,-120.921,702694,4895.98,-1488.55,4994.46
59,-3.52704e+06,-5.89809e+06,1.70092e+06,13.9828,-120.879,702695,4899.72,-1482.66,4992.54
60,-3.52214e+06,-5.89957e+06,1.70591e+06,14.0246,-120.838,702696,4903.44,-1476.77,4990.62
61,-3.51724e+06,-5.90104e+06,1.7109e+06,14.0665,-120.797,702697,4907.17,-1470.89,4988.7
62,-3.51233e+06,-5.90251e+06,1.71589e+06,14.1083,-120.755,702698,4910.89,-1465,4986.76
63,-3.50742e+06,-5.90397e+06,1.72088e+06,14.1501,-120.714,702699,4914.6,-1459.11,4984.83
64,-3.5025e+06,-5.90543e+06,1.72586e+06,14.192,-120.672,702700,4918.31,-1453.22,4982.88
65,-3.49758e+06,-5.90688e+06,1.73084e+06,14.2338,-120.631,702701,4922.02,-1447.33,4980.94
66,-3.49266e+06,-5.90832e+06,1.73582e+06,14.2756,-120.589,702702,4925.72,-1441.43,4978.98
67,-3.48773e+06,-5.90976e+06,1.7408e+06,14.3174,-120.548,702703,4929.41,-1435.54,4977.02
68,-3.4828e+06,-5.91119e+06,1.74578e+06,14.3591,-120.506,702704,4933.11,-1429.64,4975.06
69,-3.47786e+06,-5.91262e+06,1.75075e+06,14.4009,-120.464,702705,4936.79,-1423.75,4973.09
70,-3.47292e+06,-5.91404e+06,1.75572e+06,14.4427,-120.423,702707,4940.47,-1417.85,4971.11
71,-3.46798e+06,-5.91545e+06,1.76069e+06,14.4845,-120.381,702708,4944.15,-1411.95,4969.13
72,-3.46303e+06,-5.91686e+06,1.76566e+06,14.5262,-120.34,702709,4947.82,-1406.05,4967.14
73,-3.45808e+06,-5.91827e+06,1.77063e+06,14.5679,-120.298,702710,4951.49,-1400.15,4965.15
74,-3.45313e+06,-5.91966e+06,1.77559e+06,14.6097,-120.256,702711,4955.16,-1394.25,4963.15
75,-3.44817e+06,-5.92105e+06,1.78055e+06,14.6514,-120.215,702713,4958.81,-1388.35,4961.14
76,-3.44321e+06,-5.92244e+06,1.78551e+06,14.6931,-120.173,702714,4962.47,-1382.45,4959.13
77,-3.43825e+06,-5.92382e+06,1.79047e+06,14.7348,-120.131,702715,4966.12,-1376.54,4957.12
78,-3.43328e+06,-5.92519e+06,1.79543e+06,14.7765,-120.09,702716,4969.76,-1370.64,4955.1
79,-3.42831e+06,-5.92656e+06,1.80038e+06,14.8182,-120.048,702718,4973.4,-1364.73,4953.07
80,-3.42333e+06,-5.92792e+06,1.80533e+06,14.8599,-120.006,702719,4977.04,-1358.82,4951.04
81,-3.41836e+06,-5.92928e+06,1.81028e+06,14.9015,-119.964,702720,4980.67,-1352.91,4949
82,-3.41337e+06,-5.93063e+06,1.81523e+06,14.9432,-119.923,702722,4984.29,-1347,4946.95
83,-3.40839e+06,-5.93197e+06,1.82018e+06,14.9848,-119.881,702723,4987.92,-1341.09,4944.91
84,-3.4034e+06,-5.93331e+06,1.82512e+06,15.0265,-119.839,702724,4991.53,-1335.18,4942.85
85,-3.3984e+06,-5.93464e+06,1.83006e+06,15.0681,-119.797,702726,4995.14,-1329.27,4940.79
86,-3.39341e+06,-5.93597e+06,1.835e+06,15.1097,-119.755,702727,4998.75,-1323.36,4938.72
87,-3.38841e+06,-5.93729e+06,1.83994e+06,15.1513,-119.713,702729,5002.35,-1317.44,4936.65
88,-3.3834e+06,-5.9386e+06,1.84488e+06,15.1929,-119.671,702730,5005.95,-1311.53,4934.58
89,-3.37839e+06,-5.93991e+06,1.84981e+06,15.2345,-119.63,702732,5009.54,-1305.61,4932.49
90,-3.37338e+06,-5.94122e+06,1.85474e+06,15.2761,-119.588,702733,5013.13,-1299.69,4930.4
91,-3.36837e+06,-5.94251e+06,1.85967e+06,15.3177,-119.546,702735,5016.71,-1293.77,4928.31
92,-3.36335e+06,-5.9438e+06,1.8646e+06,15.3593,-119.504,702736,5020.29,-1287.86,4926.21
93,-3.35833e+06,-5.94509e+06,1.86952e+06,15.4008,-119.462,702738,5023.87,-1281.94,4924.11
94,-3.3533e+06,-5.94637e+06,1.87445e+06,15.4424,-119.42,702739,5027.43,-1276.01,4922
95,-3.34827e+06,-5.94764e+06,1.87937e+06,15.4839,-119.378,702741,5031,-1270.09,4919.88
96,-3.34324e+06,-5.94891e+06,1.88429e+06,15.5254,-119.336,702742,5034.56,-1264.17,4917.76
97,-3.3382e+06,-5.95017e+06,1.8892e+06,15.5669,-119.294,702744,5038.11,-1258.25,4915.63
98,-3.33316e+06,-5.95142e+06,1.89412e+06,15.6084,-119.252,702746,5041.66,-1252.32,4913.5
99,-3.32812e+06,-5.95267e+06,1.89903e+06,15.6499,-119.209,702747,5045.21,-1246.4,4911.36
100,-3.32307e+06,-5.95392e+06,1.90394e+06,15.6914,-119.167,702749,5048.75,-1240.47,4909.22
101,-3.31802e+06,-5.95515e+06,1.90885e+06,15.7329,-119.125,702750,5052.28,-1234.54,4907.07
102,-3.31297e+06,-5.95639e+06,1.91375e+06,15.7744,-119.083,702752,5055.81,-1228.62,4904.91
103,-3.30791e+06,-5.95761e+06,1.91866e+06,15.8158,-119.041,702754,5059.34,-1222.69,4902.75
104,-3.30285e+06,-5.95883e+06,1.92356e+06,15.8573,-118.999,702756,5062.86,-1216.76,4900.59
105,-3.29779e+06,-5.96004e+06,1.92846e+06,15.8987,-118.956,702757,5066.38,-1210.83,4898.42
106,-3.29272e+06,-5.96125e+06,1.93336e+06,15.9401,-118.914,702759,5069.89,-1204.89,4896.24
107,-3.28765e+06,-5.96245e+06,1.93825e+06,15.9815,-118.872,702761,5073.4,-1198.96,4894.06
108,-3.28257e+06,-5.96365e+06,1.94315e+06,16.0229,-118.83,702763,5076.9,-1193.03,4891.87
109,-3.27749e+06,-5.96484e+06,1.94804e+06,16.0643,-118.787,702765,5080.4,-1187.1,4889.68
110,-3.27241e+06,-5.96602e+06,1.95292e+06,16.1057,-118.745,702766,5083.89,-1181.16,4887.48
111,-3.26732e+06,-5.9672e+06,1.95781e+06,16.1471,-118.703,702768,5087.38,-1175.23,4885.27
112,-3.26224e+06,-5.96837e+06,1.9627e+06,16.1885,-118.66,702770,5090.86,-1169.29,4883.06
113,-3.25714e+06,-5.96954e+06,1.96758e+06,16.2298,-118.618,702772,5094.34,-1163.35,4880.85
114,-3.25205e+06,-5.9707e+06,1.97246e+06,16.2712,-118.576,702774,5097.81,-1157.41,4878.63
115,-3.24695e+06,-5.97186e+06,1.97733e+06,16.3125,-118.533,702776,5101.28,-1151.47,4876.4
116,-3.24184e+06,-5.973e+06,1.98221e+06,16.3538,-118.491,702778,5104.74,-1145.54,4874.17
117,-3.23674e+06,-5.97415e+06,1.98708e+06,16.3951,-118.448,702780,5108.2,-1139.6,4871.93
118,-3.23163e+06,-5.97528e+06,1.99195e+06,16.4364,-118.406,702782,5111.65,-1133.65,4869.69
119,-3.22651e+06,-5.97641e+06,1.99682e+06,16.4777,-118.363,702784,5115.1,-1127.71,4867.44
120,-3.2214e+06,-5.97754e+06,2.00169e+06,16.519,-118.321,702786,5118.54,-1121.77,4865.18
121,-3.21628e+06,-5.97866e+06,2.00655e+06,16.5603,-118.278,702788,5121.98,-1115.83,4862.93
122,-3.21115e+06,-5.97977e+06,2.01141e+06,16.6015,-118.236,702790,5125.42,-1109.88,4860.66
123,-3.20603e+06,-5.98088e+06,2.01627e+06,16.6428,-118.193,702792,5128.85,-1103.94,4858.39
124,-3.2009e+06,-5.98198e+06,2.02113e+06,16.684,-118.151,702794,5132.27,-1097.99,4856.11
125,-3.19576e+06,-5.98307e+06,2.02599e+06,16.7252,-118.108,702796,5135.69,-1092.05,4853.83
126,-3.19062e+06,-5.98416e+06,2.03084e+06,16.7665,-118.066,702798,5139.11,-1086.1,4851.55
127,-3.18548e+06,-5.98525e+06,2.03569e+06,16.8077,-118.023,702800,5142.52,-1080.15,4849.25
128,-3.18034e+06,-5.98632e+06,2.04054e+06,16.8489,-117.98,702802,5145.92,-1074.2,4846.96
129,-3.17519e+06,-5.98739e+06,2.04538e+06,16.89,-117.938,702804,5149.32,-1068.25,4844.65
130,-3.17004e+06,-5.98846e+06,2.05023e+06,16.9312,-117.895,702806,5152.72,-1062.3,4842.34
131,-3.16489e+06,-5.98952e+06,2.05507e+06,16.9724,-117.852,702808,5156.11,-1056.35,4840.03
132,-3.15973e+06,-5.99057e+06,2.05991e+06,17.0135,-117.809,702811,5159.49,-1050.4,4837.71
133,-3.15457e+06,-5.99162e+06,2.06474e+06,17.0547,-117.767,702813,5162.87,-1044.45,4835.39
134,-3.1494e+06,-5.99266e+06,2.06958e+06,17.0958,-117.724,702815,5166.25,-1038.5,4833.05
135,-3.14423e+06,-5.9937e+06,2.07441e+06,17.1369,-117.681,702817,5169.62,-1032.54,4830.72
136,-3.13906e+06,-5.99473e+06,2.07924e+06,17.178,-117.638,702820,5172.98,-1026.59,4828.38
137,-3.13389e+06,-5.99575e+06,2.08407e+06,17.2191,-117.595,702822,5176.34,-1020.64,4826.03
138,-3.12871e+06,-5.99677e+06,2.08889e+06,17.2602,-117.553,702824,5179.7,-1014.68,4823.68
139,-3.12353e+06,-5.99778e+06,2.09371e+06,17.3013,-117.51,702826,5183.05,-1008.72,4821.32
140,-3.11834e+06,-5.99878e+06,2.09853e+06,17.3424,-117.467,702829,5186.4,-1002.77,4818.96
141,-3.11316e+06,-5.99978e+06,2.10335e+06,17.3834,-117.424,702831,5189.74,-996.81,4816.59
142,-3.10797e+06,-6.00078e+06,2.10817e+06,17.4245,-117.381,702833,5193.07,-990.853,4814.22
143,-3.10277e+06,-6.00177e+06,2.11298e+06,17.4655,-117.338,702836,5196.41,-984.894,4811.84
144,-3.09757e+06,-6.00275e+06,2.11779e+06,17.5065,-117.295,702838,5199.73,-978.935,4809.45
145,-3.09237e+06,-6.00372e+06,2.1226e+06,17.5475,-117.252,702841,5203.05,-972.975,4807.06
146,-3.08717e+06,-6.00469e+06,2.1274e+06,17.5885,-117.209,702843,5206.37,-967.015,4804.66
147,-3.08196e+06,-6.00566e+06,2.13221e+06,17.6295,-117.166,702845,5209.68,-961.054,4802.26
148,-3.07675e+06,-6.00662e+06,2.13701e+06,17.6705,-117.123,702848,5212.99,-955.093,4799.86
149,-3.07153e+06,-6.00757e+06,2.14181e+06,17.7114,-117.08,702850,5216.29,-949.131,4797.45
150,-3.06631e+06,-6.00851e+06,2.1466e+06,17.7524,-117.037,702853,5219.58,-943.168,4795.03
151,-3.06109e+06,-6.00945e+06,2.1514e+06,17.7933,-116.993,702855,5222.88,-937.205,4792.61
152,-3.05587e+06,-6.01039e+06,2.15619e+06,17.8343,-116.95,702858,5226.16,-931.241,4790.18
153,-3.05064e+06,-6.01132e+06,2.16098e+06,17.8752,-116.907,702860,5229.44,-925.277,4787.74
154,-3.04541e+06,-6.01224e+06,2.16576e+06,17.9161,-116.864,702863,5232.72,-919.312,4785.3
155,-3.04018e+06,-6.01316e+06,2.17055e+06,17.957,-116.821,702865,5235.99,-913.347,4782.86
156,-3.03494e+06,-6.01407e+06,2.17533e+06,17.9978,-116.777,702868,5239.26,-907.381,4780.41
157,-3.0297e+06,-6.01497e+06,2.18011e+06,18.0387,-116.734,702871,5242.52,-901.414,4777.96
158,-3.02445e+06,-6.01587e+06,2.18489e+06,18.0796,-116.691,702873,5245.78,-895.447,4775.49
159,-3.01921e+06,-6.01676e+06,2.18966e+06,18.1204,-116.647,702876,5249.03,-889.479,4773.03
160,-3.01395e+06,-6.01765e+06,2.19443e+06,18.1613,-116.604,702878,5252.28,-883.511,4770.56
161,-3.0087e+06,-6.01853e+06,2.1992e+06,18.2021,-116.561,702881,5255.52,-877.543,4768.08
162,-3.00344e+06,-6.0194e+06,2.20397e+06,18.2429,-116.517,702884,5258.75,-871.574,4765.6
163,-2.99818e+06,-6.02027e+06,2.20873e+06,18.2837,-116.474,702886,5261.99,-865.604,4763.11
164,-2.99292e+06,-6.02113e+06,2.21349e+06,18.3245,-116.431,702889,5265.21,-859.634,4760.62
165,-2.98765e+06,-6.02199e+06,2.21825e+06,18.3652,-116.387,702892,5268.43,-853.663,4758.12
166,-2.98238e+06,-6.02284e+06,2.22301e+06,18.406,-116.344,702894,5271.65,-847.692,4755.62
167,-2.97711e+06,-6.02369e+06,2.22777e+06,18.4468,-116.3,702897,5274.86,-841.721,4753.11
168,-2.97183e+06,-6.02452e+06,2.23252e+06,18.4875,-116.257,702900,5278.07,-835.749,4750.59
169,-2.96655e+06,-6.02536e+06,2.23727e+06,18.5282,-116.213,702903,5281.27,-829.776,4748.07
170,-2.96127e+06,-6.02618e+06,2.24201e+06,18.5689,-116.17,702905,5284.47,-823.803,4745.55
171,-2.95598e+06,-6.027e+06,2.24676e+06,18.6096,-116.126,702908,5287.66,-817.83,4743.02
172,-2.95069e+06,-6.02782e+06,2.2515e+06,18.6503,-116.082,702911,5290.84,-811.856,4740.48
173,-2.9454e+06,-6.02863e+06,2.25624e+06,18.691,-116.039,702914,5294.02,-805.881,4737.94
174,-2.94011e+06,-6.02943e+06,2.26098e+06,18.7317,-115.995,702917,5297.2,-799.907,4735.4
175,-2.93481e+06,-6.03023e+06,2.26571e+06,18.7723,-115.951,702920,5300.37,-793.931,4732.84
176,-2.92951e+06,-6.03102e+06,2.27044e+06,18.813,-115.908,702922,5303.54,-787.956,4730.29
177,-2.9242e+06,-6.0318e+06,2.27517e+06,18.8536,-115.864,702925,5306.7,-781.98,4727.73
178,-2.91889e+06,-6.03258e+06,2.2799e+06,18.8942,-115.82,702928,5309.85,-776.003,4725.16
179,-2.91358e+06,-6.03336e+06,2.28462e+06,18.9348,-115.776,702931,5313.01,-770.027,4722.58
180,-2.90827e+06,-6.03412e+06,2.28934e+06,18.9754,-115.733,702934,5316.15,-764.049,4720.01
181,-2.90295e+06,-6.03488e+06,2.29406e+06,19.016,-115.689,702937,5319.29,-758.072,4717.42
182,-2.89763e+06,-6.03564e+06,2.29878e+06,19.0565,-115.645,702940,5322.43,-752.094,4714.83
183,-2.8923e+06,-6.03639e+06,2.30349e+06,19.0971,-115.601,702943,5325.56,-746.115,4712.24
184,-2.88698e+06,-6.03713e+06,2.3082e+06,19.1376,-115.557,702946,5328.68,-740.136,4709.64
185,-2.88165e+06,-6.03787e+06,2.31291e+06,19.1782,-115.513,702949,5331.8,-734.157,4707.04
186,-2.87631e+06,-6.0386e+06,2.31761e+06,19.2187,-115.469,702952,5334.92,-728.178,4704.43
187,-2.87098e+06,-6.03933e+06,2.32232e+06,19.2592,-115.425,702955,5338.03,-722.198,4701.81
188,-2.86564e+06,-6.04004e+06,2.32702e+06,19.2997,-115.382,702958,5341.13,-716.217,4699.19
189,-2.86029e+06,-6.04076e+06,2.33172e+06,19.3401,-115.338,702961,5344.23,-710.237,4696.56
190,-2.85495e+06,-6.04146e+06,2.33641e+06,19.3806,-115.293,702964,5347.33,-704.256,4693.93
191,-2.8496e+06,-6.04217e+06,2.3411e+06,19.4211,-115.249,702967,5350.42,-698.275,4691.29
192,-2.84425e+06,-6.04286e+06,2.34579e+06,19.4615,-115.205,702970,5353.5,-692.293,4688.65
193,-2.83889e+06,-6.04355e+06,2.35048e+06,19.5019,-115.161,702973,5356.58,-686.311,4686.01
194,-2.83353e+06,-6.04423e+06,2.35517e+06,19.5423,-115.117,702977,5359.66,-680.329,4683.35
195,-2.82817e+06,-6.04491e+06,2.35985e+06,19.5827,-115.073,702980,5362.73,-674.346,4680.7
196,-2.82281e+06,-6.04558e+06,2.36453e+06,19.6231,-115.029,702983,5365.79,-668.363,4678.03
197,-2.81744e+06,-6.04625e+06,2.3692e+06,19.6635,-114.985,702986,5368.85,-662.38,4675.36
198,-2.81207e+06,-6.04691e+06,2.37388e+06,19.7038,-114.94,702989,5371.9,-656.397,4672.69
199,-2.8067e+06,-6.04756e+06,2.37855e+06,19.7442,-114.896,702992,5374.95,-650.413,4670.01
