0,-5.45087e+06,-4.29493e+06,-1.41759e+06,-11.6134,-141.764,705664,2224.28,-4496.04,5091.51
1,-5.44864e+06,-4.29943e+06,-1.4125e+06,-11.5711,-141.724,705653,2229.71,-4491.56,5093.1
2,-5.44641e+06,-4.30392e+06,-1.40741e+06,-11.5288,-141.683,705642,2235.15,-4487.08,5094.69
3,-5.44417e+06,-4.3084e+06,-1.40231e+06,-11.4865,-141.643,705632,2240.58,-4482.6,5096.27
4,-5.44193e+06,-4.31288e+06,-1.39721e+06,-11.4443,-141.602,705621,2246.01,-4478.11,5097.85
5,-5.43968e+06,-4.31736e+06,-1.39211e+06,-11.402,-141.562,705611,2251.44,-4473.61,5099.42
6,-5.43743e+06,-4.32183e+06,-1.38701e+06,-11.3597,-141.521,705600,2256.86,-4469.11,5100.98
7,-5.43517e+06,-4.3263e+06,-1.38191e+06,-11.3173,-141.481,705589,2262.29,-4464.61,5102.54
8,-5.4329e+06,-4.33076e+06,-1.37681e+06,-11.275,-141.44,705579,2267.71,-4460.1,5104.1
9,-5.43063e+06,-4.33522e+06,-1.3717e+06,-11.2327,-141.4,705568,2273.13,-4455.59,5105.64
10,-5.42836e+06,-4.33967e+06,-1.3666e+06,-11.1904,-141.36,705558,2278.55,-4451.07,5107.18
11,-5.42607e+06,-4.34412e+06,-1.36149e+06,-11.148,-141.319,705547,2283.97,-4446.55,5108.72
12,-5.42379e+06,-4.34856e+06,-1.35638e+06,-11.1057,-141.279,705537,2289.38,-4442.03,5110.25
13,-5.4215e+06,-4.353e+06,-1.35127e+06,-11.0633,-141.238,705526,2294.8,-4437.5,5111.78
14,-5.4192e+06,-4.35744e+06,-1.34616e+06,-11.021,-141.198,705516,2300.21,-4432.97,5113.29
15,-5.4169e+06,-4.36187e+06,-1.34104e+06,-10.9786,-141.158,705505,2305.62,-4428.43,5114.81
16,-5.41459e+06,-4.3663e+06,-1.33593e+06,-10.9362,-141.117,705495,2311.02,-4423.89,5116.31
17,-5.41227e+06,-4.37072e+06,-1.33081e+06,-10.8939,-141.077,705485,2316.43,-4419.34,5117.81
18,-5.40995e+06,-4.37513e+06,-1.32569e+06,-10.8515,-141.037,705474,2321.83,-4414.8,5119.31
19,-5.40763e+06,-4.37955e+06,-1.32057e+06,-10.8091,-140.997,705464,2327.23,-4410.24,5120.8
20,-5.4053e+06,-4.38395e+06,-1.31545e+06,-10.7667,-140.956,705454,2332.63,-4405.68,5122.28
21,-5.40296e+06,-4.38836e+06,-1.31033e+06,-10.7243,-140.916,705443,2338.03,-4401.12,5123.76
22,-5.40062e+06,-4.39276e+06,-1.3052e+06,-10.6819,-140.876,705433,2343.43,-4396.56,5125.24
23,-5.39828e+06,-4.39715e+06,-1.30008e+06,-10.6395,-140.836,705423,2348.82,-4391.99,5126.7
24,-5.39593e+06,-4.40154e+06,-1.29495e+06,-10.597,-140.795,705412,2354.22,-4387.41,5128.16
25,-5.39357e+06,-4.40593e+06,-1.28982e+06,-10.5546,-140.755,705402,2359.61,-4382.83,5129.62
26,-5.39121e+06,-4.41031e+06,-1.28469e+06,-10.5122,-140.715,705392,2364.99,-4378.25,5131.07
27,-5.38884e+06,-4.41468e+06,-1.27956e+06,-10.4697,-140.675,705382,2370.38,-4373.66,5132.51
28,-5.38647e+06,-4.41905e+06,-1.27442e+06,-10.4273,-140.635,705371,2375.76,-4369.07,5133.95
29,-5.38409e+06,-4.42342e+06,-1.26929e+06,-10.3848,-140.594,705361,2381.15,-4364.48,5135.38
30,-5.3817e+06,-4.42778e+06,-1.26415e+06,-10.3424,-140.554,705351,2386.53,-4359.88,5136.81
31,-5.37931e+06,-4.43214e+06,-1.25902e+06,-10.2999,-140.514,705341,2391.91,-4355.28,5138.23
32,-5.37692e+06,-4.43649e+06,-1.25388e+06,-10.2574,-140.474,705331,2397.28,-4350.67,5139.64
33,-5.37452e+06,-4.44084e+06,-1.24874e+06,-10.2149,-140.434,705320,2402.66,-4346.06,5141.05
34,-5.37211e+06,-4.44519e+06,-1.2436e+06,-10.1725,-140.394,705310,2408.03,-4341.44,5142.46
35,-5.3697e+06,-4.44952e+06,-1.23845e+06,-10.13,-140.354,705300,2413.4,-4336.82,5143.85
36,-5.36729e+06,-4.45386e+06,-1.23331e+06,-10.0875,-140.314,705290,2418.77,-4332.2,5145.24
37,-5.36487e+06,-4.45819e+06,-1.22816e+06,-10.045,-140.274,705280,2424.14,-4327.57,5146.63
38,-5.36244e+06,-4.46251e+06,-1.22301e+06,-10.0025,-140.233,705270,2429.5,-4322.94,5148.01
39,-5.36001e+06,-4.46683e+06,-1.21787e+06,-9.95994,-140.193,705260,2434.86,-4318.3,5149.38
40,-5.35757e+06,-4.47115e+06,-1.21272e+06,-9.91742,-140.153,705250,2440.22,-4313.66,5150.75
41,-5.35513e+06,-4.47546e+06,-1.20756e+06,-9.87489,-140.113,705240,2445.58,-4309.02,5152.12
42,-5.35268e+06,-4.47977e+06,-1.20241e+06,-9.83235,-140.073,705230,2450.94,-4304.37,5153.47
43,-5.35023e+06,-4.48407e+06,-1.19726e+06,-9.78981,-140.033,705220,2456.29,-4299.72,5154.82
44,-5.34777e+06,-4.48837e+06,-1.1921e+06,-9.74726,-139.993,705210,2461.64,-4295.06,5156.17
45,-5.3453e+06,-4.49266e+06,-1.18694e+06,-9.70471,-139.953,705200,2466.99,-4290.4,5157.51
46,-5.34283e+06,-4.49695e+06,-1.18179e+06,-9.66215,-139.913,705190,2472.34,-4285.74,5158.84
47,-5.34036e+06,-4.50123e+06,-1.17663e+06,-9.61959,-139.873,705180,2477.69,-4281.07,5160.17
48,-5.33788e+06,-4.50551e+06,-1.17147e+06,-9.57702,-139.833,705170,2483.03,-4276.4,5161.49
49,-5.33539e+06,-4.50979e+06,-1.1663e+06,-9.53444,-139.794,705161,2488.38,-4271.72,5162.81
50,-5.3329e+06,-4.51405e+06,-1.16114e+06,-9.49186,-139.754,705151,2493.72,-4267.04,5164.12
51,-5.3304e+06,-4.51832e+06,-1.15598e+06,-9.44927,-139.714,705141,2499.05,-4262.36,5165.42
52,-5.3279e+06,-4.52258e+06,-1.15081e+06,-9.40668,-139.674,705131,2504.39,-4257.67,5166.72
53,-5.32539e+06,-4.52683e+06,-1.14564e+06,-9.36408,-139.634,705121,2509.72,-4252.98,5168.02
54,-5.32288e+06,-4.53109e+06,-1.14047e+06,-9.32148,-139.594,705111,2515.05,-4248.28,5169.3
55,-5.32036e+06,-4.53533e+06,-1.1353e+06,-9.27887,-139.554,705102,2520.38,-4243.58,5170.58
56,-5.31784e+06,-4.53957e+06,-1.13013e+06,-9.23625,-139.514,705092,2525.71,-4238.88,5171.86
57,-5.31531e+06,-4.54381e+06,-1.12496e+06,-9.19363,-139.474,705082,2531.04,-4234.17,5173.13
58,-5.31278e+06,-4.54804e+06,-1.11979e+06,-9.151,-139.435,705072,2536.36,-4229.46,5174.39
59,-5.31024e+06,-4.55227e+06,-1.11461e+06,-9.10837,-139.395,705063,2541.68,-4224.74,5175.65
60,-5.3077e+06,-4.55649e+06,-1.10944e+06,-9.06573,-139.355,705053,2547,-4220.02,5176.9
61,-5.30515e+06,-4.56071e+06,-1.10426e+06,-9.02309,-139.315,705043,2552.32,-4215.3,5178.15
62,-5.30259e+06,-4.56492e+06,-1.09908e+06,-8.98044,-139.275,705034,2557.63,-4210.57,5179.39
63,-5.30003e+06,-4.56913e+06,-1.0939e+06,-8.93778,-139.236,705024,2562.94,-4205.84,5180.63
64,-5.29747e+06,-4.57333e+06,-1.08872e+06,-8.89512,-139.196,705015,2568.25,-4201.1,5181.85
65,-5.29489e+06,-4.57753e+06,-1.08354e+06,-8.85246,-139.156,705005,2573.56,-4196.36,5183.08
66,-5.29232e+06,-4.58173e+06,-1.07835e+06,-8.80979,-139.116,704995,2578.87,-4191.62,5184.3
67,-5.28974e+06,-4.58591e+06,-1.07317e+06,-8.76711,-139.076,704986,2584.17,-4186.87,5185.51
68,-5.28715e+06,-4.5901e+06,-1.06798e+06,-8.72443,-139.037,704976,2589.47,-4182.12,5186.71
69,-5.28456e+06,-4.59428e+06,-1.06279e+06,-8.68175,-138.997,704967,2594.77,-4177.36,5187.91
70,-5.28196e+06,-4.59845e+06,-1.0576e+06,-8.63906,-138.957,704957,2600.07,-4172.6,5189.11
71,-5.27936e+06,-4.60262e+06,-1.05241e+06,-8.59636,-138.918,704948,2605.37,-4167.84,5190.29
72,-5.27675e+06,-4.60679e+06,-1.04722e+06,-8.55366,-138.878,704938,2610.66,-4163.07,5191.48
73,-5.27414e+06,-4.61095e+06,-1.04203e+06,-8.51095,-138.838,704929,2615.95,-4158.3,5192.65
74,-5.27152e+06,-4.61511e+06,-1.03684e+06,-8.46824,-138.799,704919,2621.24,-4153.53,5193.82
75,-5.26889e+06,-4.61926e+06,-1.03164e+06,-8.42552,-138.759,704910,2626.52,-4148.75,5194.99
76,-5.26627e+06,-4.6234e+06,-1.02645e+06,-8.3828,-138.719,704901,2631.81,-4143.96,5196.15
77,-5.26363e+06,-4.62754e+06,-1.02125e+06,-8.34007,-138.68,704891,2637.09,-4139.18,5197.3
78,-5.26099e+06,-4.63168e+06,-1.01605e+06,-8.29734,-138.64,704882,2642.37,-4134.39,5198.45
79,-5.25835e+06,-4.63581e+06,-1.01086e+06,-8.2546,-138.6,704872,2647.65,-4129.59,5199.59
80,-5.2557e+06,-4.63994e+06,-1.00566e+06,-8.21186,-138.561,704863,2652.92,-4124.79,5200.72
81,-5.25304e+06,-4.64406e+06,-1.00045e+06,-8.16911,-138.521,704854,2658.19,-4119.99,5201.85
82,-5.25038e+06,-4.64818e+06,-995251,-8.12636,-138.481,704845,2663.47,-4115.19,5202.98
83,-5.24771e+06,-4.65229e+06,-990048,-8.08361,-138.442,704835,2668.73,-4110.38,5204.1
84,-5.24504e+06,-4.6564e+06,-984843,-8.04084,-138.402,704826,2674,-4105.56,5205.21
85,-5.24237e+06,-4.6605e+06,-979637,-7.99808,-138.363,704817,2679.26,-4100.75,5206.31
86,-5.23968e+06,-4.6646e+06,-974431,-7.95531,-138.323,704808,2684.53,-4095.92,5207.41
87,-5.237e+06,-4.6687e+06,-969223,-7.91253,-138.284,704798,2689.78,-4091.1,5208.51
88,-5.2343e+06,-4.67279e+06,-964013,-7.86975,-138.244,704789,2695.04,-4086.27,5209.6
89,-5.23161e+06,-4.67687e+06,-958803,-7.82697,-138.204,704780,2700.3,-4081.44,5210.68
90,-5.2289e+06,-4.68095e+06,-953592,-7.78418,-138.165,704771,2705.55,-4076.6,5211.76
91,-5.2262e+06,-4.68502e+06,-948380,-7.74138,-138.125,704762,2710.8,-4071.76,5212.83
92,-5.22348e+06,-4.68909e+06,-943166,-7.69858,-138.086,704753,2716.05,-4066.91,5213.89
93,-5.22076e+06,-4.69316e+06,-937952,-7.65578,-138.046,704743,2721.29,-4062.07,5214.95
94,-5.21804e+06,-4.69722e+06,-932737,-7.61297,-138.007,704734,2726.54,-4057.21,5216.01
95,-5.21531e+06,-4.70127e+06,-927520,-7.57016,-137.967,704725,2731.78,-4052.36,5217.05
96,-5.21258e+06,-4.70532e+06,-922302,-7.52734,-137.928,704716,2737.01,-4047.5,5218.1
97,-5.20984e+06,-4.70937e+06,-917084,-7.48452,-137.888,704707,2742.25,-4042.64,5219.13
98,-5.20709e+06,-4.71341e+06,-911864,-7.44169,-137.849,704698,2747.48,-4037.77,5220.16
99,-5.20434e+06,-4.71744e+06,-906644,-7.39886,-137.809,704689,2752.72,-4032.9,5221.19
100,-5.20159e+06,-4.72147e+06,-901422,-7.35602,-137.77,704680,2757.95,-4028.02,5222.2
101,-5.19882e+06,-4.7255e+06,-896199,-7.31318,-137.731,704671,2763.17,-4023.15,5223.22
102,-5.19606e+06,-4.72952e+06,-890975,-7.27034,-137.691,704662,2768.4,-4018.26,5224.22
103,-5.19329e+06,-4.73353e+06,-885751,-7.22749,-137.652,704653,2773.62,-4013.38,5225.22
104,-5.19051e+06,-4.73754e+06,-880525,-7.18464,-137.612,704645,2778.84,-4008.49,5226.22
105,-5.18773e+06,-4.74155e+06,-875298,-7.14178,-137.573,704636,2784.06,-4003.59,5227.21
106,-5.18494e+06,-4.74555e+06,-870071,-7.09892,-137.534,704627,2789.27,-3998.7,5228.19
107,-5.18215e+06,-4.74955e+06,-864842,-7.05605,-137.494,704618,2794.48,-3993.8,5229.17
108,-5.17935e+06,-4.75354e+06,-859612,-7.01318,-137.455,704609,2799.69,-3988.89,5230.14
109,-5.17655e+06,-4.75753e+06,-854382,-6.97031,-137.415,704600,2804.9,-3983.98,5231.1
110,-5.17375e+06,-4.76151e+06,-849150,-6.92743,-137.376,704592,2810.11,-3979.07,5232.06
111,-5.17093e+06,-4.76548e+06,-843917,-6.88455,-137.337,704583,2815.31,-3974.16,5233.02
112,-5.16811e+06,-4.76946e+06,-838684,-6.84166,-137.297,704574,2820.51,-3969.24,5233.96
113,-5.16529e+06,-4.77342e+06,-833450,-6.79877,-137.258,704565,2825.71,-3964.31,5234.91
114,-5.16246e+06,-4.77738e+06,-828214,-6.75588,-137.219,704557,2830.9,-3959.39,5235.84
115,-5.15963e+06,-4.78134e+06,-822978,-6.71298,-137.179,704548,2836.1,-3954.46,5236.77
116,-5.15679e+06,-4.78529e+06,-817741,-6.67008,-137.14,704539,2841.29,-3949.52,5237.69
117,-5.15395e+06,-4.78924e+06,-812503,-6.62717,-137.101,704531,2846.48,-3944.59,5238.61
118,-5.1511e+06,-4.79318e+06,-807263,-6.58426,-137.061,704522,2851.66,-3939.64,5239.53
119,-5.14824e+06,-4.79712e+06,-802023,-6.54134,-137.022,704513,2856.85,-3934.7,5240.43
120,-5.14538e+06,-4.80105e+06,-796783,-6.49843,-136.983,704505,2862.03,-3929.75,5241.33
121,-5.14252e+06,-4.80498e+06,-791541,-6.4555,-136.943,704496,2867.21,-3924.8,5242.23
122,-5.13965e+06,-4.8089e+06,-786298,-6.41258,-136.904,704488,2872.38,-3919.84,5243.12
123,-5.13677e+06,-4.81282e+06,-781055,-6.36965,-136.865,704479,2877.56,-3914.88,5244
124,-5.13389e+06,-4.81673e+06,-775810,-6.32671,-136.826,704470,2882.73,-3909.92,5244.87
125,-5.13101e+06,-4.82064e+06,-770565,-6.28378,-136.786,704462,2887.9,-3904.95,5245.75
126,-5.12812e+06,-4.82454e+06,-765319,-6.24083,-136.747,704453,2893.06,-3899.98,5246.61
127,-5.12522e+06,-4.82844e+06,-760072,-6.19789,-136.708,704445,2898.23,-3895.01,5247.47
128,-5.12232e+06,-4.83233e+06,-754824,-6.15494,-136.669,704437,2903.39,-3890.03,5248.32
129,-5.11942e+06,-4.83622e+06,-749575,-6.11199,-136.629,704428,2908.55,-3885.05,5249.17
130,-5.11651e+06,-4.8401e+06,-744325,-6.06903,-136.59,704420,2913.7,-3880.06,5250.01
131,-5.11359e+06,-4.84398e+06,-739075,-6.02607,-136.551,704411,2918.86,-3875.07,5250.85
132,-5.11067e+06,-4.84785e+06,-733824,-5.98311,-136.512,704403,2924.01,-3870.08,5251.68
133,-5.10774e+06,-4.85172e+06,-728572,-5.94014,-136.473,704395,2929.16,-3865.08,5252.5
134,-5.10481e+06,-4.85558e+06,-723319,-5.89717,-136.433,704386,2934.3,-3860.09,5253.32
135,-5.10187e+06,-4.85944e+06,-718065,-5.8542,-136.394,704378,2939.45,-3855.08,5254.13
136,-5.09893e+06,-4.86329e+06,-712810,-5.81122,-136.355,704370,2944.59,-3850.08,5254.94
137,-5.09598e+06,-4.86714e+06,-707555,-5.76824,-136.316,704361,2949.73,-3845.07,5255.74
138,-5.09303e+06,-4.87098e+06,-702299,-5.72526,-136.277,704353,2954.86,-3840.05,5256.53
139,-5.09007e+06,-4.87482e+06,-697042,-5.68227,-136.237,704345,2960,-3835.03,5257.32
140,-5.08711e+06,-4.87865e+06,-691784,-5.63928,-136.198,704337,2965.13,-3830.01,5258.1
141,-5.08414e+06,-4.88248e+06,-686526,-5.59628,-136.159,704328,2970.26,-3824.99,5258.88
142,-5.08117e+06,-4.8863e+06,-681267,-5.55328,-136.12,704320,2975.38,-3819.96,5259.65
143,-5.07819e+06,-4.89012e+06,-676007,-5.51028,-136.081,704312,2980.5,-3814.93,5260.41
144,-5.07521e+06,-4.89393e+06,-670746,-5.46728,-136.042,704304,2985.62,-3809.89,5261.17
145,-5.07222e+06,-4.89774e+06,-665484,-5.42427,-136.003,704296,2990.74,-3804.86,5261.92
146,-5.06923e+06,-4.90154e+06,-660222,-5.38126,-135.964,704288,2995.86,-3799.81,5262.67
147,-5.06623e+06,-4.90534e+06,-654959,-5.33825,-135.924,704280,3000.97,-3794.77,5263.41
148,-5.06323e+06,-4.90913e+06,-649695,-5.29523,-135.885,704271,3006.08,-3789.72,5264.14
149,-5.06022e+06,-4.91292e+06,-644431,-5.25221,-135.846,704263,3011.19,-3784.67,5264.87
150,-5.0572e+06,-4.9167e+06,-639165,-5.20919,-135.807,704255,3016.29,-3779.61,5265.6
151,-5.05418e+06,-4.92048e+06,-633899,-5.16616,-135.768,704247,3021.4,-3774.55,5266.31
152,-5.05116e+06,-4.92425e+06,-628633,-5.12313,-135.729,704239,3026.5,-3769.49,5267.02
153,-5.04813e+06,-4.92802e+06,-623365,-5.0801,-135.69,704231,3031.59,-3764.42,5267.73
154,-5.0451e+06,-4.93178e+06,-618097,-5.03706,-135.651,704223,3036.69,-3759.35,5268.43
155,-5.04206e+06,-4.93553e+06,-612829,-4.99402,-135.612,704215,3041.78,-3754.28,5269.12
156,-5.03901e+06,-4.93929e+06,-607559,-4.95098,-135.573,704208,3046.87,-3749.2,5269.81
157,-5.03596e+06,-4.94303e+06,-602289,-4.90794,-135.534,704200,3051.96,-3744.12,5270.49
158,-5.03291e+06,-4.94677e+06,-597018,-4.86489,-135.495,704192,3057.04,-3739.03,5271.17
159,-5.02985e+06,-4.95051e+06,-591747,-4.82184,-135.455,704184,3062.12,-3733.95,5271.84
160,-5.02679e+06,-4.95424e+06,-586474,-4.77878,-135.416,704176,3067.2,-3728.86,5272.5
161,-5.02372e+06,-4.95797e+06,-581202,-4.73573,-135.377,704168,3072.28,-3723.76,5273.16
162,-5.02064e+06,-4.96169e+06,-575928,-4.69267,-135.338,704160,3077.35,-3718.66,5273.81
163,-5.01756e+06,-4.96541e+06,-570654,-4.64961,-135.299,704153,3082.42,-3713.56,5274.46
164,-5.01448e+06,-4.96912e+06,-565379,-4.60654,-135.26,704145,3087.49,-3708.46,5275.09
165,-5.01139e+06,-4.97282e+06,-560104,-4.56348,-135.221,704137,3092.55,-3703.35,5275.73
166,-5.00829e+06,-4.97652e+06,-554828,-4.52041,-135.182,704129,3097.62,-3698.24,5276.36
167,-5.00519e+06,-4.98022e+06,-549551,-4.47733,-135.143,704122,3102.67,-3693.12,5276.98
168,-5.00209e+06,-4.98391e+06,-544274,-4.43426,-135.104,704114,3107.73,-3688.01,5277.6
169,-4.99898e+06,-4.9876e+06,-538996,-4.39118,-135.065,704106,3112.79,-3682.88,5278.21
170,-4.99586e+06,-4.99128e+06,-533717,-4.3481,-135.026,704099,3117.84,-3677.76,5278.81
171,-4.99274e+06,-4.99495e+06,-528438,-4.30501,-134.987,704091,3122.89,-3672.63,5279.41
172,-4.98961e+06,-4.99862e+06,-523159,-4.26193,-134.948,704083,3127.93,-3667.5,5280
173,-4.98648e+06,-5.00229e+06,-517878,-4.21884,-134.909,704076,3132.98,-3662.36,5280.59
174,-4.98335e+06,-5.00595e+06,-512597,-4.17575,-134.87,704068,3138.02,-3657.22,5281.17
175,-4.98021e+06,-5.0096e+06,-507316,-4.13266,-134.831,704061,3143.06,-3652.08,5281.74
176,-4.97706e+06,-5.01325e+06,-502034,-4.08956,-134.792,704053,3148.09,-3646.94,5282.31
177,-4.97391e+06,-5.01689e+06,-496751,-4.04646,-134.754,704046,3153.12,-3641.79,5282.87
178,-4.97076e+06,-5.02053e+06,-491468,-4.00336,-134.715,704038,3158.15,-3636.64,5283.43
179,-4.9676e+06,-5.02417e+06,-486184,-3.96026,-134.676,704031,3163.18,-3631.48,5283.98
180,-4.96443e+06,-5.0278e+06,-480900,-3.91715,-134.637,704023,3168.2,-3626.32,5284.52
181,-4.96126e+06,-5.03142e+06,-475615,-3.87404,-134.598,704016,3173.23,-3621.16,5285.06
182,-4.95808e+06,-5.03504e+06,-470330,-3.83093,-134.559,704008,3178.24,-3615.99,5285.6
183,-4.9549e+06,-5.03865e+06,-465044,-3.78782,-134.52,704001,3183.26,-3610.82,5286.12
184,-4.95172e+06,-5.04226e+06,-459758,-3.74471,-134.481,703994,3188.27,-3605.65,5286.64
185,-4.94853e+06,-5.04586e+06,-454471,-3.70159,-134.442,703986,3193.28,-3600.48,5287.16
186,-4.94533e+06,-5.04946e+06,-449184,-3.65847,-134.403,703979,3198.29,-3595.3,5287.67
187,-4.94213e+06,-5.05305e+06,-443896,-3.61535,-134.364,703972,3203.3,-3590.12,5288.17
188,-4.93892e+06,-5.05664e+06,-438607,-3.57223,-134.325,703964,3208.3,-3584.93,5288.67
189,-4.93571e+06,-5.06022e+06,-433318,-3.5291,-134.286,703957,3213.3,-3579.74,5289.16
190,-4.9325e+06,-5.0638e+06,-428029,-3.48597,-134.247,703950,3218.29,-3574.55,5289.64
191,-4.92928e+06,-5.06737e+06,-422739,-3.44284,-134.209,703943,3223.29,-3569.35,5290.12
192,-4.92605e+06,-5.07094e+06,-417449,-3.39971,-134.17,703935,3228.28,-3564.16,5290.6
193,-4.92282e+06,-5.0745e+06,-412158,-3.35658,-134.131,703928,3233.27,-3558.95,5291.06
194,-4.91958e+06,-5.07806e+06,-406867,-3.31344,-134.092,703921,3238.25,-3553.75,5291.53
195,-4.91634e+06,-5.08161e+06,-401575,-3.2703,-134.053,703914,3243.23,-3548.54,5291.98
196,-4.9131e+06,-5.08515e+06,-396283,-3.22716,-134.014,703907,3248.21,-3543.33,5292.43
197,-4.90985e+06,-5.08869e+06,-390990,-3.18402,-133.975,703900,3253.19,-3538.11,5292.87
198,-4.90659e+06,-5.09223e+06,-385697,-3.14088,-133.936,703893,3258.16,-3532.9,5293.31
199,-4.90333e+06,-5.09576e+06,-380403,-3.09773,-133.897,703885,3263.13,-3527.67,5293.74
