0,3.11191e+06,6.20266e+06,1.40324e+06,11.4991,63.3568,702684,-3922.09,3127.71,-5095.8
1,3.10799e+06,6.20579e+06,1.39814e+06,11.4568,63.3973,702684,-3925.11,3121.34,-5097.38
2,3.10406e+06,6.2089e+06,1.39304e+06,11.4145,63.4378,702685,-3928.13,3114.97,-5098.95
3,3.10013e+06,6.21202e+06,1.38794e+06,11.3721,63.4783,702685,-3931.15,3108.59,-5100.52
4,3.0962e+06,6.21512e+06,1.38284e+06,11.3298,63.5188,702685,-3934.17,3102.21,-5102.08
5,3.09226e+06,6.21822e+06,1.37774e+06,11.2874,63.5593,702685,-3937.18,3095.83,-5103.64
6,3.08832e+06,6.22131e+06,1.37263e+06,11.2451,63.5997,702685,-3940.18,3089.45,-5105.19
7,3.08438e+06,6.2244e+06,1.36753e+06,11.2027,63.6402,702686,-3943.19,3083.06,-5106.73
8,3.08044e+06,6.22748e+06,1.36242e+06,11.1603,63.6806,702686,-3946.19,3076.66,-5108.27
9,3.07649e+06,6.23055e+06,1.35731e+06,11.118,63.721,702686,-3949.18,3070.27,-5109.8
10,3.07254e+06,6.23362e+06,1.3522e+06,11.0756,63.7614,702687,-3952.18,3063.87,-5111.33
11,3.06858e+06,6.23668e+06,1.34709e+06,11.0332,63.8018,702687,-3955.17,3057.47,-5112.85
12,3.06463e+06,6.23973e+06,1.34197e+06,10.9908,63.8422,702687,-3958.15,3051.07,-5114.37
13,3.06067e+06,6.24278e+06,1.33686e+06,10.9484,63.8825,702688,-3961.14,3044.66,-5115.88
14,3.05671e+06,6.24582e+06,1.33174e+06,10.906,63.9229,702688,-3964.11,3038.25,-5117.38
15,3.05274e+06,6.24886e+06,1.32663e+06,10.8636,63.9632,702689,-3967.09,3031.84,-5118.88
16,3.04877e+06,6.25189e+06,1.32151e+06,10.8211,64.0035,702689,-3970.06,3025.42,-5120.37
17,3.0448e+06,6.25491e+06,1.31638e+06,10.7787,64.0438,702690,-3973.03,3019.01,-5121.86
18,3.04083e+06,6.25793e+06,1.31126e+06,10.7363,64.0841,702690,-3976,3012.58,-5123.34
19,3.03685e+06,6.26093e+06,1.30614e+06,10.6938,64.1244,702690,-3978.96,3006.16,-5124.82
20,3.03287e+06,6.26394e+06,1.30101e+06,10.6514,64.1647,702691,-3981.92,2999.73,-5126.28
21,3.02888e+06,6.26693e+06,1.29589e+06,10.6089,64.205,702692,-3984.87,2993.3,-5127.75
22,3.0249e+06,6.26992e+06,1.29076e+06,10.5665,64.2452,702692,-3987.82,2986.87,-5129.21
23,3.02091e+06,6.27291e+06,1.28563e+06,10.524,64.2855,702693,-3990.77,2980.43,-5130.66
24,3.01692e+06,6.27588e+06,1.2805e+06,10.4815,64.3257,702693,-3993.71,2973.99,-5132.11
25,3.01292e+06,6.27886e+06,1.27536e+06,10.4391,64.3659,702694,-3996.65,2967.55,-5133.55
26,3.00892e+06,6.28182e+06,1.27023e+06,10.3966,64.4061,702695,-3999.59,2961.11,-5134.98
27,3.00492e+06,6.28478e+06,1.26509e+06,10.3541,64.4463,702695,-4002.52,2954.66,-5136.41
28,3.00092e+06,6.28773e+06,1.25996e+06,10.3116,64.4865,702696,-4005.45,2948.21,-5137.83
29,2.99691e+06,6.29067e+06,1.25482e+06,10.2691,64.5266,702697,-4008.38,2941.76,-5139.25
30,2.9929e+06,6.29361e+06,1.24968e+06,10.2266,64.5668,702697,-4011.3,2935.3,-5140.66
31,2.98889e+06,6.29654e+06,1.24454e+06,10.1841,64.6069,702698,-4014.22,2928.84,-5142.07
32,2.98487e+06,6.29947e+06,1.23939e+06,10.1415,64.647,702699,-4017.14,2922.38,-5143.47
33,2.98085e+06,6.30239e+06,1.23425e+06,10.099,64.6872,702700,-4020.05,2915.91,-5144.86
34,2.97683e+06,6.3053e+06,1.2291e+06,10.0565,64.7273,702700,-4022.96,2909.45,-5146.25
35,2.97281e+06,6.30821e+06,1.22396e+06,10.0139,64.7674,702701,-4025.86,2902.98,-5147.63
36,2.96878e+06,6.31111e+06,1.21881e+06,9.97138,64.8074,702702,-4028.76,2896.5,-5149.01
37,2.96475e+06,6.314e+06,1.21366e+06,9.92883,64.8475,702703,-4031.66,2890.03,-5150.38
38,2.96072e+06,6.31689e+06,1.20851e+06,9.88627,64.8876,702704,-4034.56,2883.55,-5151.75
39,2.95668e+06,6.31977e+06,1.20335e+06,9.8437,64.9276,702705,-4037.45,2877.07,-5153.11
40,2.95264e+06,6.32264e+06,1.1982e+06,9.80114,64.9677,702705,-4040.33,2870.58,-5154.46
41,2.9486e+06,6.32551e+06,1.19305e+06,9.75856,65.0077,702706,-4043.22,2864.1,-5155.81
42,2.94456e+06,6.32837e+06,1.18789e+06,9.71598,65.0477,702707,-4046.1,2857.61,-5157.15
43,2.94051e+06,6.33123e+06,1.18273e+06,9.67339,65.0877,702708,-4048.97,2851.11,-5158.48
44,2.93646e+06,6.33407e+06,1.17757e+06,9.6308,65.1277,702709,-4051.85,2844.62,-5159.82
45,2.93241e+06,6.33691e+06,1.17241e+06,9.5882,65.1677,702710,-4054.72,2838.12,-5161.14
46,2.92835e+06,6.33975e+06,1.16725e+06,9.54559,65.2076,702711,-4057.58,2831.62,-5162.46
47,2.92429e+06,6.34258e+06,1.16209e+06,9.50298,65.2476,702712,-4060.44,2825.12,-5163.77
48,2.92023e+06,6.3454e+06,1.15692e+06,9.46037,65.2876,702713,-4063.3,2818.61,-5165.08
49,2.91616e+06,6.34821e+06,1.15176e+06,9.41775,65.3275,702715,-4066.16,2812.1,-5166.38
50,2.9121e+06,6.35102e+06,1.14659e+06,9.37512,65.3674,702716,-4069.01,2805.59,-5167.68
51,2.90803e+06,6.35383e+06,1.14142e+06,9.33249,65.4073,702717,-4071.86,2799.07,-5168.96
52,2.90395e+06,6.35662e+06,1.13625e+06,9.28985,65.4472,702718,-4074.7,2792.56,-5170.25
53,2.89988e+06,6.35941e+06,1.13108e+06,9.24721,65.4871,702719,-4077.54,2786.04,-5171.53
54,2.8958e+06,6.36219e+06,1.12591e+06,9.20456,65.527,702720,-4080.38,2779.51,-5172.8
55,2.89172e+06,6.36497e+06,1.12074e+06,9.16191,65.5669,702721,-4083.21,2772.99,-5174.06
56,2.88763e+06,6.36774e+06,1.11556e+06,9.11925,65.6067,702723,-4086.04,2766.46,-5175.33
57,2.88354e+06,6.3705e+06,1.11038e+06,9.07658,65.6466,702724,-4088.87,2759.93,-5176.58
58,2.87945e+06,6.37326e+06,1.10521e+06,9.03391,65.6864,702725,-4091.69,2753.4,-5177.83
59,2.87536e+06,6.37601e+06,1.10003e+06,8.99124,65.7263,702727,-4094.51,2746.86,-5179.07
60,2.87126e+06,6.37875e+06,1.09485e+06,8.94855,65.7661,702728,-4097.32,2740.32,-5180.31
61,2.86717e+06,6.38149e+06,1.08967e+06,8.90587,65.8059,702729,-4100.13,2733.78,-5181.54
62,2.86306e+06,6.38422e+06,1.08449e+06,8.86318,65.8457,702730,-4102.94,2727.24,-5182.77
63,2.85896e+06,6.38695e+06,1.0793e+06,8.82048,65.8855,702732,-4105.74,2720.69,-5183.98
64,2.85485e+06,6.38966e+06,1.07412e+06,8.77778,65.9253,702733,-4108.55,2714.14,-5185.2
65,2.85074e+06,6.39237e+06,1.06893e+06,8.73507,65.965,702735,-4111.34,2707.59,-5186.41
66,2.84663e+06,6.39508e+06,1.06375e+06,8.69236,66.0048,702736,-4114.14,2701.03,-5187.61
67,2.84251e+06,6.39778e+06,1.05856e+06,8.64964,66.0446,702738,-4116.92,2694.48,-5188.8
68,2.8384e+06,6.40047e+06,1.05337e+06,8.60692,66.0843,702739,-4119.71,2687.92,-5189.99
69,2.83427e+06,6.40315e+06,1.04818e+06,8.56419,66.124,702740,-4122.49,2681.35,-5191.18
70,2.83015e+06,6.40583e+06,1.04299e+06,8.52146,66.1637,702742,-4125.27,2674.79,-5192.36
71,2.82602e+06,6.4085e+06,1.03779e+06,8.47872,66.2035,702744,-4128.05,2668.22,-5193.53
72,2.82189e+06,6.41117e+06,1.0326e+06,8.43598,66.2432,702745,-4130.82,2661.65,-5194.7
73,2.81776e+06,6.41382e+06,1.0274e+06,8.39324,66.2828,702747,-4133.58,2655.08,-5195.86
74,2.81363e+06,6.41648e+06,1.02221e+06,8.35048,66.3225,702748,-4136.35,2648.5,-5197.01
75,2.80949e+06,6.41912e+06,1.01701e+06,8.30773,66.3622,702750,-4139.11,2641.93,-5198.16
76,2.80535e+06,6.42176e+06,1.01181e+06,8.26496,66.4019,702751,-4141.87,2635.35,-5199.31
77,2.80121e+06,6.42439e+06,1.00661e+06,8.2222,66.4415,702753,-4144.62,2628.76,-5200.44
78,2.79706e+06,6.42702e+06,1.00141e+06,8.17943,66.4812,702755,-4147.37,2622.18,-5201.58
79,2.79291e+06,6.42964e+06,996207,8.13665,66.5208,702756,-4150.11,2615.59,-5202.7
80,2.78876e+06,6.43225e+06,991004,8.09387,66.5604,702758,-4152.85,2609,-5203.82
81,2.78461e+06,6.43485e+06,985800,8.05108,66.6,702760,-4155.59,2602.41,-5204.94
82,2.78045e+06,6.43745e+06,980594,8.00829,66.6396,702762,-4158.33,2595.81,-5206.04
83,2.77629e+06,6.44005e+06,975388,7.9655,66.6792,702763,-4161.06,2589.21,-5207.15
84,2.77213e+06,6.44263e+06,970180,7.9227,66.7188,702765,-4163.79,2582.61,-5208.24
85,2.76796e+06,6.44521e+06,964971,7.87989,66.7584,702767,-4166.51,2576.01,-5209.33
86,2.76379e+06,6.44778e+06,959761,7.83709,66.798,702769,-4169.23,2569.4,-5210.42
87,2.75962e+06,6.45035e+06,954550,7.79427,66.8375,702771,-4171.94,2562.8,-5211.5
88,2.75545e+06,6.45291e+06,949338,7.75145,66.8771,702773,-4174.66,2556.19,-5212.57
89,2.75127e+06,6.45546e+06,944125,7.70863,66.9166,702774,-4177.36,2549.57,-5213.64
90,2.74709e+06,6.45801e+06,938911,7.66581,66.9562,702776,-4180.07,2542.96,-5214.7
91,2.74291e+06,6.46055e+06,933696,7.62297,66.9957,702778,-4182.77,2536.34,-5215.75
92,2.73873e+06,6.46308e+06,928480,7.58014,67.0352,702780,-4185.47,2529.72,-5216.8
93,2.73454e+06,6.46561e+06,923262,7.5373,67.0747,702782,-4188.16,2523.1,-5217.85
94,2.73035e+06,6.46813e+06,918044,7.49445,67.1142,702784,-4190.85,2516.47,-5218.89
95,2.72616e+06,6.47064e+06,912824,7.4516,67.1537,702786,-4193.54,2509.85,-5219.92
96,2.72197e+06,6.47315e+06,907604,7.40875,67.1932,702788,-4196.22,2503.22,-5220.94
97,2.71777e+06,6.47565e+06,902383,7.36589,67.2327,702790,-4198.9,2496.58,-5221.96
98,2.71357e+06,6.47814e+06,897160,7.32303,67.2721,702792,-4201.57,2489.95,-5222.98
99,2.70937e+06,6.48063e+06,891937,7.28017,67.3116,702794,-4204.24,2483.31,-5223.99
100,2.70516e+06,6.48311e+06,886712,7.2373,67.351,702797,-4206.91,2476.67,-5224.99
101,2.70095e+06,6.48558e+06,881487,7.19442,67.3905,702799,-4209.58,2470.03,-5225.98
102,2.69674e+06,6.48805e+06,876260,7.15154,67.4299,702801,-4212.24,2463.39,-5226.98
103,2.69253e+06,6.49051e+06,871033,7.10866,67.4693,702803,-4214.89,2456.74,-5227.96
104,2.68831e+06,6.49296e+06,865804,7.06577,67.5088,702805,-4217.55,2450.09,-5228.94
105,2.68409e+06,6.49541e+06,860575,7.02288,67.5482,702807,-4220.19,2443.44,-5229.91
106,2.67987e+06,6.49785e+06,855344,6.97999,67.5876,702810,-4222.84,2436.79,-5230.88
107,2.67565e+06,6.50028e+06,850113,6.93709,67.627,702812,-4225.48,2430.13,-5231.84
108,2.67142e+06,6.50271e+06,844881,6.89418,67.6663,702814,-4228.12,2423.47,-5232.8
109,2.66719e+06,6.50513e+06,839647,6.85128,67.7057,702817,-4230.75,2416.81,-5233.75
110,2.66296e+06,6.50754e+06,834413,6.80837,67.7451,702819,-4233.38,2410.15,-5234.69
111,2.65872e+06,6.50995e+06,829178,6.76545,67.7844,702821,-4236.01,2403.49,-5235.63
112,2.65449e+06,6.51235e+06,823942,6.72253,67.8238,702824,-4238.63,2396.82,-5236.56
113,2.65025e+06,6.51474e+06,818705,6.67961,67.8631,702826,-4241.25,2390.15,-5237.48
114,2.646e+06,6.51713e+06,813467,6.63668,67.9025,702828,-4243.86,2383.48,-5238.4
115,2.64176e+06,6.51951e+06,808228,6.59375,67.9418,702831,-4246.47,2376.8,-5239.32
116,2.63751e+06,6.52188e+06,802988,6.55082,67.9811,702833,-4249.08,2370.13,-5240.23
117,2.63326e+06,6.52425e+06,797748,6.50788,68.0204,702836,-4251.69,2363.45,-5241.13
118,2.62901e+06,6.52661e+06,792506,6.46494,68.0598,702838,-4254.29,2356.77,-5242.02
119,2.62475e+06,6.52896e+06,787264,6.42199,68.0991,702841,-4256.88,2350.08,-5242.91
120,2.62049e+06,6.53131e+06,782020,6.37904,68.1383,702843,-4259.47,2343.4,-5243.8
121,2.61623e+06,6.53365e+06,776776,6.33609,68.1776,702846,-4262.06,2336.71,-5244.68
122,2.61197e+06,6.53598e+06,771531,6.29313,68.2169,702848,-4264.65,2330.02,-5245.55
123,2.6077e+06,6.53831e+06,766285,6.25017,68.2562,702851,-4267.23,2323.33,-5246.42
124,2.60343e+06,6.54063e+06,761038,6.20721,68.2954,702853,-4269.8,2316.63,-5247.28
125,2.59916e+06,6.54294e+06,755790,6.16424,68.3347,702856,-4272.38,2309.94,-5248.13
126,2.59489e+06,6.54525e+06,750542,6.12127,68.374,702859,-4274.95,2303.24,-5248.98
127,2.59061e+06,6.54755e+06,745293,6.0783,68.4132,702861,-4277.51,2296.54,-5249.82
128,2.58633e+06,6.54984e+06,740042,6.03532,68.4524,702864,-4280.07,2289.83,-5250.66
129,2.58205e+06,6.55213e+06,734791,5.99234,68.4917,702867,-4282.63,2283.13,-5251.49
130,2.57777e+06,6.55441e+06,729539,5.94935,68.5309,702870,-4285.19,2276.42,-5252.32
131,2.57348e+06,6.55668e+06,724287,5.90636,68.5701,702872,-4287.74,2269.71,-5253.14
132,2.56919e+06,6.55895e+06,719033,5.86337,68.6093,702875,-4290.28,2263,-5253.95
133,2.5649e+06,6.56121e+06,713779,5.82038,68.6485,702878,-4292.82,2256.29,-5254.76
134,2.56061e+06,6.56346e+06,708524,5.77738,68.6877,702881,-4295.36,2249.57,-5255.56
135,2.55631e+06,6.56571e+06,703268,5.73438,68.7269,702883,-4297.9,2242.85,-5256.35
136,2.55201e+06,6.56795e+06,698011,5.69137,68.7661,702886,-4300.43,2236.13,-5257.14
137,2.54771e+06,6.57018e+06,692753,5.64837,68.8053,702889,-4302.96,2229.41,-5257.93
138,2.54341e+06,6.57241e+06,687495,5.60535,68.8444,702892,-4305.48,2222.68,-5258.71
139,2.5391e+06,6.57462e+06,682236,5.56234,68.8836,702895,-4308,2215.96,-5259.48
140,2.53479e+06,6.57684e+06,676976,5.51932,68.9227,702898,-4310.52,2209.23,-5260.24
141,2.53048e+06,6.57904e+06,671715,5.4763,68.9619,702901,-4313.03,2202.5,-5261
142,2.52616e+06,6.58124e+06,666454,5.43328,69.001,702904,-4315.54,2195.77,-5261.76
143,2.52185e+06,6.58343e+06,661192,5.39025,69.0402,702907,-4318.04,2189.03,-5262.51
144,2.51753e+06,6.58562e+06,655929,5.34722,69.0793,702910,-4320.54,2182.29,-5263.25
145,2.51321e+06,6.5878e+06,650665,5.30419,69.1184,702913,-4323.04,2175.55,-5263.99
146,2.50888e+06,6.58997e+06,645401,5.26115,69.1576,702916,-4325.53,2168.81,-5264.72
147,2.50456e+06,6.59214e+06,640136,5.21811,69.1967,702919,-4328.02,2162.07,-5265.44
148,2.50023e+06,6.5943e+06,634870,5.17507,69.2358,702922,-4330.5,2155.32,-5266.16
149,2.49589e+06,6.59645e+06,629604,5.13202,69.2749,702925,-4332.98,2148.58,-5266.87
150,2.49156e+06,6.59859e+06,624336,5.08897,69.314,702928,-4335.46,2141.83,-5267.58
151,2.48722e+06,6.60073e+06,619068,5.04592,69.3531,702932,-4337.93,2135.08,-5268.28
152,2.48288e+06,6.60286e+06,613800,5.00287,69.3922,702935,-4340.4,2128.32,-5268.97
153,2.47854e+06,6.60499e+06,608531,4.95981,69.4312,702938,-4342.87,2121.57,-5269.66
154,2.4742e+06,6.60711e+06,603261,4.91675,69.4703,702941,-4345.33,2114.81,-5270.35
155,2.46985e+06,6.60922e+06,597990,4.87369,69.5094,702944,-4347.79,2108.05,-5271.02
156,2.4655e+06,6.61132e+06,592719,4.83063,69.5484,702948,-4350.24,2101.29,-5271.69
157,2.46115e+06,6.61342e+06,587446,4.78756,69.5875,702951,-4352.69,2094.53,-5272.36
158,2.4568e+06,6.61551e+06,582174,4.74449,69.6265,702954,-4355.14,2087.76,-5273.02
159,2.45244e+06,6.6176e+06,576900,4.70141,69.6656,702958,-4357.58,2080.99,-5273.67
160,2.44808e+06,6.61967e+06,571626,4.65834,69.7046,702961,-4360.02,2074.22,-5274.32
161,2.44372e+06,6.62174e+06,566352,4.61526,69.7437,702964,-4362.45,2067.45,-5274.96
162,2.43936e+06,6.62381e+06,561077,4.57218,69.7827,702968,-4364.89,2060.68,-5275.59
163,2.43499e+06,6.62587e+06,555801,4.52909,69.8217,702971,-4367.31,2053.9,-5276.22
164,2.43062e+06,6.62792e+06,550524,4.48601,69.8607,702975,-4369.73,2047.13,-5276.85
165,2.42625e+06,6.62996e+06,545247,4.44292,69.8998,702978,-4372.15,2040.35,-5277.46
166,2.42188e+06,6.632e+06,539969,4.39983,69.9388,702982,-4374.57,2033.57,-5278.08
167,2.4175e+06,6.63403e+06,534691,4.35673,69.9778,702985,-4376.98,2026.78,-5278.68
168,2.41313e+06,6.63605e+06,529412,4.31364,70.0168,702989,-4379.39,2020,-5279.28
169,2.40874e+06,6.63807e+06,524132,4.27054,70.0558,702992,-4381.79,2013.21,-5279.88
170,2.40436e+06,6.64008e+06,518852,4.22744,70.0948,702996,-4384.19,2006.42,-5280.46
171,2.39998e+06,6.64208e+06,513571,4.18433,70.1337,702999,-4386.58,1999.63,-5281.04
172,2.39559e+06,6.64408e+06,508290,4.14123,70.1727,703003,-4388.98,1992.84,-5281.62
173,2.3912e+06,6.64607e+06,503008,4.09812,70.2117,703006,-4391.36,1986.05,-5282.19
174,2.38681e+06,6.64805e+06,497726,4.05501,70.2507,703010,-4393.75,1979.25,-5282.75
175,2.38241e+06,6.65002e+06,492443,4.0119,70.2896,703014,-4396.13,1972.45,-5283.31
176,2.37801e+06,6.65199e+06,487159,3.96878,70.3286,703017,-4398.5,1965.65,-5283.86
177,2.37361e+06,6.65396e+06,481875,3.92566,70.3676,703021,-4400.87,1958.85,-5284.41
178,2.36921e+06,6.65591e+06,476590,3.88254,70.4065,703025,-4403.24,1952.05,-5284.95
179,2.36481e+06,6.65786e+06,471305,3.83942,70.4455,703029,-4405.61,1945.24,-5285.48
180,2.3604e+06,6.6598e+06,466019,3.7963,70.4844,703032,-4407.97,1938.44,-5286.01
181,2.35599e+06,6.66174e+06,460733,3.75317,70.5233,703036,-4410.32,1931.63,-5286.54
182,2.35158e+06,6.66366e+06,455446,3.71004,70.5623,703040,-4412.67,1924.82,-5287.05
183,2.34717e+06,6.66559e+06,450159,3.66691,70.6012,703044,-4415.02,1918,-5287.56
184,2.34275e+06,6.6675e+06,444871,3.62378,70.6401,703048,-4417.37,1911.19,-5288.07
185,2.33833e+06,6.66941e+06,439583,3.58065,70.6791,703052,-4419.71,1904.37,-5288.56
186,2.33391e+06,6.67131e+06,434294,3.53751,70.718,703055,-4422.04,1897.56,-5289.06
187,2.32949e+06,6.6732e+06,429005,3.49437,70.7569,703059,-4424.38,1890.74,-5289.54
188,2.32506e+06,6.67509e+06,423715,3.45123,70.7958,703063,-4426.7,1883.92,-5290.02
189,2.32063e+06,6.67697e+06,418425,3.40809,70.8347,703067,-4429.03,1877.09,-5290.5
190,2.3162e+06,6.67884e+06,413134,3.36494,70.8736,703071,-4431.35,1870.27,-5290.97
191,2.31177e+06,6.68071e+06,407843,3.3218,70.9125,703075,-4433.67,1863.44,-5291.43
192,2.30734e+06,6.68257e+06,402551,3.27865,70.9514,703079,-4435.98,1856.61,-5291.89
193,2.3029e+06,6.68442e+06,397259,3.2355,70.9903,703083,-4438.29,1849.78,-5292.34
194,2.29846e+06,6.68627e+06,391966,3.19235,71.0292,703087,-4440.59,1842.95,-5292.78
195,2.29402e+06,6.68811e+06,386673,3.1492,71.0681,703091,-4442.89,1836.12,-5293.22
196,2.28957e+06,6.68994e+06,381380,3.10604,71.1069,703096,-4445.19,1829.28,-5293.65
197,2.28513e+06,6.69177e+06,376086,3.06288,71.1458,703100,-4447.48,1822.45,-5294.08
198,2.28068e+06,6.69359e+06,370792,3.01973,71.1847,703104,-4449.77,1815.61,-5294.5
199,2.27623e+06,6.6954e+06,365497,2.97656,71.2236,703108,-4452.05,1808.77,-5294.92
