0,2.59491e+06,5.39529e+06,-3.78815e+06,-32.4798,64.3144,712687,-6213.04,553.921,-3470.85
1,2.5887e+06,5.39585e+06,-3.79162e+06,-32.5131,64.3703,712700,-6215.85,548.812,-3466.59
2,2.58248e+06,5.39639e+06,-3.79508e+06,-32.5463,64.4263,712713,-6218.66,543.702,-3462.33
3,2.57626e+06,5.39693e+06,-3.79854e+06,-32.5795,64.4822,712727,-6221.45,538.592,-3458.07
4,2.57004e+06,5.39747e+06,-3.802e+06,-32.6127,64.5383,712740,-6224.24,533.482,-3453.8
5,2.56381e+06,5.398e+06,-3.80545e+06,-32.6459,64.5944,712753,-6227.03,528.372,-3449.53
6,2.55758e+06,5.39853e+06,-3.80889e+06,-32.679,64.6505,712766,-6229.81,523.262,-3445.25
7,2.55135e+06,5.39905e+06,-3.81234e+06,-32.7121,64.7067,712779,-6232.58,518.151,-3440.97
8,2.54512e+06,5.39956e+06,-3.81578e+06,-32.7452,64.7629,712793,-6235.34,513.04,-3436.69
9,2.53888e+06,5.40007e+06,-3.81921e+06,-32.7782,64.8191,712806,-6238.1,507.93,-3432.4
10,2.53264e+06,5.40058e+06,-3.82264e+06,-32.8113,64.8754,712819,-6240.86,502.819,-3428.11
11,2.5264e+06,5.40108e+06,-3.82607e+06,-32.8442,64.9318,712832,-6243.6,497.707,-3423.81
12,2.52015e+06,5.40157e+06,-3.82949e+06,-32.8772,64.9882,712845,-6246.35,492.596,-3419.51
13,2.51391e+06,5.40206e+06,-3.83291e+06,-32.9101,65.0446,712859,-6249.08,487.485,-3415.21
14,2.50765e+06,5.40255e+06,-3.83632e+06,-32.943,65.1011,712872,-6251.81,482.373,-3410.9
15,2.5014e+06,5.40303e+06,-3.83973e+06,-32.9759,65.1576,712885,-6254.53,477.262,-3406.59
16,2.49515e+06,5.4035e+06,-3.84313e+06,-33.0087,65.2142,712898,-6257.25,472.15,-3402.28
17,2.48889e+06,5.40397e+06,-3.84653e+06,-33.0415,65.2708,712911,-6259.96,467.038,-3397.96
18,2.48263e+06,5.40444e+06,-3.84993e+06,-33.0743,65.3275,712924,-6262.66,461.926,-3393.64
19,2.47636e+06,5.4049e+06,-3.85332e+06,-33.1071,65.3842,712937,-6265.36,456.814,-3389.31
20,2.4701e+06,5.40535e+06,-3.85671e+06,-33.1398,65.4409,712950,-6268.05,451.702,-3384.98
21,2.46383e+06,5.4058e+06,-3.86009e+06,-33.1725,65.4977,712963,-6270.73,446.59,-3380.65
22,2.45755e+06,5.40624e+06,-3.86347e+06,-33.2051,65.5546,712977,-6273.41,441.478,-3376.31
23,2.45128e+06,5.40668e+06,-3.86684e+06,-33.2378,65.6114,712990,-6276.08,436.366,-3371.97
24,2.445e+06,5.40712e+06,-3.87021e+06,-33.2704,65.6684,713003,-6278.75,431.253,-3367.62
25,2.43872e+06,5.40755e+06,-3.87358e+06,-33.3029,65.7253,713016,-6281.41,426.141,-3363.28
26,2.43244e+06,5.40797e+06,-3.87694e+06,-33.3355,65.7824,713029,-6284.06,421.028,-3358.92
27,2.42615e+06,5.40839e+06,-3.8803e+06,-33.368,65.8394,713042,-6286.71,415.916,-3354.57
28,2.41987e+06,5.4088e+06,-3.88365e+06,-33.4004,65.8965,713055,-6289.35,410.803,-3350.21
29,2.41357e+06,5.40921e+06,-3.887e+06,-33.4329,65.9537,713068,-6291.99,405.69,-3345.84
30,2.40728e+06,5.40961e+06,-3.89034e+06,-33.4653,66.0109,713081,-6294.62,400.578,-3341.48
31,2.40099e+06,5.41001e+06,-3.89368e+06,-33.4977,66.0681,713094,-6297.24,395.465,-3337.1
32,2.39469e+06,5.4104e+06,-3.89701e+06,-33.5301,66.1254,713107,-6299.85,390.352,-3332.73
33,2.38839e+06,5.41079e+06,-3.90034e+06,-33.5624,66.1828,713120,-6302.46,385.239,-3328.35
34,2.38208e+06,5.41117e+06,-3.90367e+06,-33.5947,66.2402,713133,-6305.07,380.126,-3323.97
35,2.37578e+06,5.41155e+06,-3.90699e+06,-33.6269,66.2976,713146,-6307.66,375.013,-3319.58
36,2.36947e+06,5.41192e+06,-3.91031e+06,-33.6592,66.3551,713159,-6310.25,369.9,-3315.19
37,2.36316e+06,5.41229e+06,-3.91362e+06,-33.6914,66.4126,713172,-6312.84,364.788,-3310.8
38,2.35684e+06,5.41265e+06,-3.91693e+06,-33.7235,66.4702,713185,-6315.42,359.675,-3306.4
39,2.35052e+06,5.41301e+06,-3.92024e+06,-33.7557,66.5278,713198,-6317.99,354.562,-3302
40,2.34421e+06,5.41336e+06,-3.92354e+06,-33.7878,66.5854,713210,-6320.55,349.449,-3297.6
41,2.33788e+06,5.41371e+06,-3.92683e+06,-33.8199,66.6431,713223,-6323.11,344.336,-3293.19
42,2.33156e+06,5.41405e+06,-3.93012e+06,-33.8519,66.7009,713236,-6325.67,339.223,-3288.78
43,2.32523e+06,5.41439e+06,-3.93341e+06,-33.8839,66.7587,713249,-6328.21,334.11,-3284.36
44,2.3189e+06,5.41472e+06,-3.93669e+06,-33.9159,66.8165,713262,-6330.75,328.997,-3279.94
45,2.31257e+06,5.41505e+06,-3.93997e+06,-33.9478,66.8744,713275,-6333.29,323.885,-3275.52
46,2.30624e+06,5.41537e+06,-3.94324e+06,-33.9798,66.9324,713288,-6335.81,318.772,-3271.09
47,2.2999e+06,5.41568e+06,-3.94651e+06,-34.0117,66.9903,713301,-6338.33,313.659,-3266.66
48,2.29356e+06,5.41599e+06,-3.94978e+06,-34.0435,67.0484,713313,-6340.85,308.546,-3262.23
49,2.28722e+06,5.4163e+06,-3.95304e+06,-34.0753,67.1064,713326,-6343.36,303.434,-3257.79
50,2.28087e+06,5.4166e+06,-3.95629e+06,-34.1071,67.1646,713339,-6345.86,298.321,-3253.35
51,2.27453e+06,5.4169e+06,-3.95954e+06,-34.1389,67.2227,713352,-6348.36,293.209,-3248.91
52,2.26818e+06,5.41719e+06,-3.96279e+06,-34.1706,67.2809,713365,-6350.85,288.096,-3244.46
53,2.26182e+06,5.41747e+06,-3.96603e+06,-34.2023,67.3392,713378,-6353.33,282.984,-3240.01
54,2.25547e+06,5.41775e+06,-3.96927e+06,-34.234,67.3975,713390,-6355.81,277.871,-3235.55
55,2.24911e+06,5.41803e+06,-3.9725e+06,-34.2656,67.4559,713403,-6358.28,272.759,-3231.09
56,2.24275e+06,5.4183e+06,-3.97573e+06,-34.2972,67.5143,713416,-6360.74,267.647,-3226.63
57,2.23639e+06,5.41856e+06,-3.97896e+06,-34.3288,67.5727,713429,-6363.2,262.535,-3222.16
58,2.23003e+06,5.41882e+06,-3.98217e+06,-34.3603,67.6312,713441,-6365.65,257.423,-3217.69
59,2.22366e+06,5.41908e+06,-3.98539e+06,-34.3918,67.6897,713454,-6368.1,252.311,-3213.22
60,2.21729e+06,5.41933e+06,-3.9886e+06,-34.4233,67.7483,713467,-6370.53,247.199,-3208.74
61,2.21092e+06,5.41957e+06,-3.99181e+06,-34.4548,67.807,713480,-6372.97,242.088,-3204.26
62,2.20454e+06,5.41981e+06,-3.99501e+06,-34.4862,67.8656,713492,-6375.39,236.976,-3199.78
63,2.19817e+06,5.42005e+06,-3.99821e+06,-34.5175,67.9244,713505,-6377.81,231.865,-3195.29
64,2.19179e+06,5.42028e+06,-4.0014e+06,-34.5489,67.9831,713518,-6380.22,226.753,-3190.8
65,2.18541e+06,5.4205e+06,-4.00459e+06,-34.5802,68.042,713530,-6382.63,221.642,-3186.3
66,2.17902e+06,5.42072e+06,-4.00777e+06,-34.6115,68.1008,713543,-6385.03,216.531,-3181.8
67,2.17264e+06,5.42093e+06,-4.01095e+06,-34.6427,68.1598,713556,-6387.43,211.42,-3177.3
68,2.16625e+06,5.42114e+06,-4.01413e+06,-34.6739,68.2187,713568,-6389.81,206.309,-3172.79
69,2.15986e+06,5.42135e+06,-4.0173e+06,-34.7051,68.2777,713581,-6392.2,201.198,-3168.29
70,2.15346e+06,5.42155e+06,-4.02046e+06,-34.7362,68.3368,713593,-6394.57,196.088,-3163.77
71,2.14707e+06,5.42174e+06,-4.02363e+06,-34.7674,68.3959,713606,-6396.94,190.977,-3159.26
72,2.14067e+06,5.42193e+06,-4.02678e+06,-34.7984,68.455,713619,-6399.3,185.867,-3154.74
73,2.13427e+06,5.42211e+06,-4.02994e+06,-34.8295,68.5142,713631,-6401.66,180.757,-3150.21
74,2.12787e+06,5.42229e+06,-4.03308e+06,-34.8605,68.5735,713644,-6404.01,175.647,-3145.69
75,2.12146e+06,5.42246e+06,-4.03623e+06,-34.8915,68.6328,713656,-6406.35,170.537,-3141.15
76,2.11505e+06,5.42263e+06,-4.03937e+06,-34.9224,68.6921,713669,-6408.69,165.428,-3136.62
77,2.10864e+06,5.42279e+06,-4.0425e+06,-34.9533,68.7515,713681,-6411.02,160.319,-3132.08
78,2.10223e+06,5.42295e+06,-4.04563e+06,-34.9842,68.8109,713694,-6413.34,155.209,-3127.54
79,2.09582e+06,5.4231e+06,-4.04875e+06,-35.0151,68.8704,713707,-6415.66,150.1,-3123
80,2.0894e+06,5.42325e+06,-4.05188e+06,-35.0459,68.93,713719,-6417.97,144.992,-3118.45
81,2.08298e+06,5.42339e+06,-4.05499e+06,-35.0767,68.9895,713732,-6420.27,139.883,-3113.9
82,2.07656e+06,5.42353e+06,-4.0581e+06,-35.1074,69.0492,713744,-6422.57,134.775,-3109.34
83,2.07014e+06,5.42366e+06,-4.06121e+06,-35.1381,69.1088,713756,-6424.86,129.666,-3104.79
84,2.06371e+06,5.42379e+06,-4.06431e+06,-35.1688,69.1686,713769,-6427.15,124.558,-3100.22
85,2.05728e+06,5.42391e+06,-4.06741e+06,-35.1995,69.2283,713781,-6429.43,119.451,-3095.66
86,2.05085e+06,5.42403e+06,-4.0705e+06,-35.2301,69.2881,713794,-6431.7,114.343,-3091.09
87,2.04442e+06,5.42414e+06,-4.07359e+06,-35.2606,69.348,713806,-6433.96,109.236,-3086.52
88,2.03798e+06,5.42425e+06,-4.07668e+06,-35.2912,69.4079,713819,-6436.22,104.129,-3081.94
89,2.03155e+06,5.42435e+06,-4.07976e+06,-35.3217,69.4679,713831,-6438.48,99.0218,-3077.36
90,2.02511e+06,5.42445e+06,-4.08283e+06,-35.3522,69.5279,713843,-6440.72,93.9152,-3072.78
91,2.01867e+06,5.42454e+06,-4.0859e+06,-35.3826,69.588,713856,-6442.96,88.8088,-3068.19
92,2.01222e+06,5.42462e+06,-4.08897e+06,-35.413,69.6481,713868,-6445.2,83.7027,-3063.6
93,2.00578e+06,5.4247e+06,-4.09203e+06,-35.4434,69.7082,713881,-6447.42,78.5969,-3059.01
94,1.99933e+06,5.42478e+06,-4.09509e+06,-35.4737,69.7684,713893,-6449.65,73.4913,-3054.42
95,1.99288e+06,5.42485e+06,-4.09814e+06,-35.504,69.8287,713905,-6451.86,68.386,-3049.82
96,1.98642e+06,5.42492e+06,-4.10119e+06,-35.5343,69.889,713918,-6454.07,63.281,-3045.21
97,1.97997e+06,5.42498e+06,-4.10423e+06,-35.5645,69.9493,713930,-6456.27,58.1762,-3040.61
98,1.97351e+06,5.42503e+06,-4.10727e+06,-35.5947,70.0097,713942,-6458.46,53.0717,-3036
99,1.96705e+06,5.42508e+06,-4.1103e+06,-35.6249,70.0701,713954,-6460.65,47.9675,-3031.38
100,1.96059e+06,5.42513e+06,-4.11333e+06,-35.655,70.1306,713967,-6462.83,42.8636,-3026.77
101,1.95413e+06,5.42517e+06,-4.11635e+06,-35.6851,70.1912,713979,-6465.01,37.7599,-3022.15
102,1.94766e+06,5.4252e+06,-4.11937e+06,-35.7152,70.2518,713991,-6467.18,32.6566,-3017.52
103,1.94119e+06,5.42523e+06,-4.12239e+06,-35.7452,70.3124,714004,-6469.34,27.5536,-3012.9
104,1.93472e+06,5.42526e+06,-4.1254e+06,-35.7752,70.3731,714016,-6471.5,22.4509,-3008.27
105,1.92825e+06,5.42528e+06,-4.12841e+06,-35.8051,70.4338,714028,-6473.65,17.3485,-3003.63
106,1.92177e+06,5.42529e+06,-4.13141e+06,-35.8351,70.4946,714040,-6475.79,12.2464,-2999
107,1.9153e+06,5.4253e+06,-4.1344e+06,-35.865,70.5554,714052,-6477.93,7.14464,-2994.36
108,1.90882e+06,5.42531e+06,-4.1374e+06,-35.8948,70.6163,714065,-6480.06,2.0432,-2989.71
109,1.90234e+06,5.42531e+06,-4.14038e+06,-35.9246,70.6772,714077,-6482.18,-3.0579,-2985.06
110,1.89585e+06,5.4253e+06,-4.14337e+06,-35.9544,70.7382,714089,-6484.3,-8.15867,-2980.41
111,1.88937e+06,5.42529e+06,-4.14634e+06,-35.9841,70.7992,714101,-6486.41,-13.2591,-2975.76
112,1.88288e+06,5.42528e+06,-4.14932e+06,-36.0138,70.8603,714113,-6488.51,-18.3592,-2971.1
113,1.87639e+06,5.42526e+06,-4.15229e+06,-36.0435,70.9214,714125,-6490.61,-23.4589,-2966.44
114,1.8699e+06,5.42523e+06,-4.15525e+06,-36.0731,70.9826,714137,-6492.7,-28.5583,-2961.78
115,1.86341e+06,5.4252e+06,-4.15821e+06,-36.1027,71.0438,714149,-6494.79,-33.6573,-2957.11
116,1.85691e+06,5.42516e+06,-4.16116e+06,-36.1323,71.1051,714161,-6496.87,-38.7559,-2952.44
117,1.85041e+06,5.42512e+06,-4.16412e+06,-36.1618,71.1664,714174,-6498.94,-43.8542,-2947.77
118,1.84391e+06,5.42507e+06,-4.16706e+06,-36.1913,71.2278,714186,-6501,-48.9521,-2943.09
119,1.83741e+06,5.42502e+06,-4.17e+06,-36.2208,71.2892,714198,-6503.06,-54.0496,-2938.41
120,1.83091e+06,5.42497e+06,-4.17294e+06,-36.2502,71.3507,714210,-6505.11,-59.1467,-2933.73
121,1.8244e+06,5.4249e+06,-4.17587e+06,-36.2796,71.4122,714222,-6507.16,-64.2435,-2929.04
122,1.81789e+06,5.42484e+06,-4.1788e+06,-36.3089,71.4737,714234,-6509.2,-69.3399,-2924.35
123,1.81138e+06,5.42477e+06,-4.18172e+06,-36.3383,71.5353,714246,-6511.23,-74.4358,-2919.66
124,1.80487e+06,5.42469e+06,-4.18463e+06,-36.3675,71.597,714258,-6513.26,-79.5314,-2914.96
125,1.79835e+06,5.42461e+06,-4.18755e+06,-36.3968,71.6587,714270,-6515.28,-84.6265,-2910.26
126,1.79184e+06,5.42452e+06,-4.19046e+06,-36.426,71.7205,714282,-6517.29,-89.7213,-2905.56
127,1.78532e+06,5.42443e+06,-4.19336e+06,-36.4551,71.7823,714293,-6519.3,-94.8156,-2900.86
128,1.7788e+06,5.42433e+06,-4.19626e+06,-36.4843,71.8441,714305,-6521.3,-99.9095,-2896.15
129,1.77228e+06,5.42423e+06,-4.19915e+06,-36.5134,71.906,714317,-6523.29,-105.003,-2891.43
130,1.76575e+06,5.42412e+06,-4.20204e+06,-36.5424,71.968,714329,-6525.28,-110.096,-2886.72
131,1.75923e+06,5.42401e+06,-4.20492e+06,-36.5714,72.03,714341,-6527.26,-115.189,-2882
132,1.7527e+06,5.42389e+06,-4.2078e+06,-36.6004,72.0921,714353,-6529.23,-120.281,-2877.28
133,1.74617e+06,5.42377e+06,-4.21068e+06,-36.6294,72.1542,714365,-6531.2,-125.373,-2872.55
134,1.73964e+06,5.42364e+06,-4.21355e+06,-36.6583,72.2163,714377,-6533.16,-130.464,-2867.82
135,1.7331e+06,5.42351e+06,-4.21641e+06,-36.6871,72.2785,714388,-6535.12,-135.555,-2863.09
136,1.72657e+06,5.42337e+06,-4.21928e+06,-36.716,72.3408,714400,-6537.06,-140.645,-2858.36
137,1.72003e+06,5.42322e+06,-4.22213e+06,-36.7448,72.4031,714412,-6539,-145.735,-2853.62
138,1.71349e+06,5.42308e+06,-4.22498e+06,-36.7735,72.4654,714424,-6540.94,-150.824,-2848.88
139,1.70695e+06,5.42292e+06,-4.22783e+06,-36.8022,72.5278,714436,-6542.87,-155.913,-2844.13
140,1.7004e+06,5.42276e+06,-4.23067e+06,-36.8309,72.5903,714447,-6544.79,-161.002,-2839.38
141,1.69386e+06,5.4226e+06,-4.23351e+06,-36.8596,72.6528,714459,-6546.7,-166.09,-2834.63
142,1.68731e+06,5.42243e+06,-4.23634e+06,-36.8882,72.7153,714471,-6548.61,-171.177,-2829.88
143,1.68076e+06,5.42226e+06,-4.23917e+06,-36.9168,72.7779,714483,-6550.51,-176.264,-2825.12
144,1.67421e+06,5.42208e+06,-4.24199e+06,-36.9453,72.8406,714494,-6552.41,-181.351,-2820.36
145,1.66766e+06,5.4219e+06,-4.24481e+06,-36.9738,72.9033,714506,-6554.3,-186.437,-2815.6
146,1.6611e+06,5.42171e+06,-4.24762e+06,-37.0022,72.966,714518,-6556.18,-191.522,-2810.83
147,1.65454e+06,5.42151e+06,-4.25043e+06,-37.0307,73.0288,714529,-6558.06,-196.607,-2806.06
148,1.64798e+06,5.42131e+06,-4.25323e+06,-37.0591,73.0917,714541,-6559.93,-201.692,-2801.29
149,1.64142e+06,5.42111e+06,-4.25603e+06,-37.0874,73.1545,714553,-6561.79,-206.776,-2796.51
150,1.63486e+06,5.4209e+06,-4.25883e+06,-37.1157,73.2175,714564,-6563.64,-211.859,-2791.73
151,1.6283e+06,5.42069e+06,-4.26162e+06,-37.144,73.2805,714576,-6565.49,-216.942,-2786.95
152,1.62173e+06,5.42047e+06,-4.2644e+06,-37.1722,73.3435,714587,-6567.34,-222.025,-2782.16
153,1.61516e+06,5.42024e+06,-4.26718e+06,-37.2004,73.4066,714599,-6569.17,-227.106,-2777.38
154,1.60859e+06,5.42001e+06,-4.26996e+06,-37.2286,73.4698,714611,-6571,-232.188,-2772.58
155,1.60202e+06,5.41978e+06,-4.27273e+06,-37.2567,73.533,714622,-6572.82,-237.268,-2767.79
156,1.59545e+06,5.41954e+06,-4.27549e+06,-37.2847,73.5962,714634,-6574.64,-242.349,-2762.99
157,1.58887e+06,5.41929e+06,-4.27825e+06,-37.3128,73.6595,714645,-6576.45,-247.428,-2758.19
158,1.58229e+06,5.41904e+06,-4.28101e+06,-37.3408,73.7229,714657,-6578.25,-252.507,-2753.39
159,1.57571e+06,5.41879e+06,-4.28376e+06,-37.3687,73.7863,714668,-6580.05,-257.586,-2748.58
160,1.56913e+06,5.41853e+06,-4.2865e+06,-37.3967,73.8497,714680,-6581.84,-262.664,-2743.77
161,1.56255e+06,5.41826e+06,-4.28925e+06,-37.4246,73.9132,714691,-6583.62,-267.741,-2738.96
162,1.55597e+06,5.41799e+06,-4.29198e+06,-37.4524,73.9767,714702,-6585.4,-272.818,-2734.14
163,1.54938e+06,5.41772e+06,-4.29471e+06,-37.4802,74.0403,714714,-6587.17,-277.894,-2729.32
164,1.54279e+06,5.41744e+06,-4.29744e+06,-37.508,74.104,714725,-6588.93,-282.97,-2724.5
165,1.5362e+06,5.41715e+06,-4.30016e+06,-37.5357,74.1677,714737,-6590.69,-288.045,-2719.67
166,1.52961e+06,5.41686e+06,-4.30288e+06,-37.5634,74.2314,714748,-6592.44,-293.119,-2714.84
167,1.52302e+06,5.41656e+06,-4.30559e+06,-37.591,74.2952,714759,-6594.19,-298.193,-2710.01
168,1.51642e+06,5.41626e+06,-4.3083e+06,-37.6186,74.3591,714771,-6595.92,-303.266,-2705.18
169,1.50982e+06,5.41596e+06,-4.311e+06,-37.6462,74.4229,714782,-6597.65,-308.339,-2700.34
170,1.50323e+06,5.41565e+06,-4.3137e+06,-37.6737,74.4869,714793,-6599.38,-313.411,-2695.5
171,1.49663e+06,5.41533e+06,-4.31639e+06,-37.7012,74.5509,714805,-6601.09,-318.482,-2690.66
172,1.49002e+06,5.41501e+06,-4.31908e+06,-37.7287,74.6149,714816,-6602.81,-323.553,-2685.81
173,1.48342e+06,5.41468e+06,-4.32177e+06,-37.7561,74.679,714827,-6604.51,-328.623,-2680.96
174,1.47681e+06,5.41435e+06,-4.32444e+06,-37.7835,74.7432,714839,-6606.21,-333.693,-2676.11
175,1.47021e+06,5.41402e+06,-4.32712e+06,-37.8108,74.8074,714850,-6607.9,-338.761,-2671.25
176,1.4636e+06,5.41368e+06,-4.32979e+06,-37.8381,74.8716,714861,-6609.58,-343.83,-2666.39
177,1.45699e+06,5.41333e+06,-4.33245e+06,-37.8654,74.9359,714872,-6611.26,-348.897,-2661.53
178,1.45038e+06,5.41298e+06,-4.33511e+06,-37.8926,75.0003,714884,-6612.93,-353.964,-2656.67
179,1.44376e+06,5.41262e+06,-4.33776e+06,-37.9198,75.0647,714895,-6614.59,-359.03,-2651.8
180,1.43715e+06,5.41226e+06,-4.34041e+06,-37.9469,75.1291,714906,-6616.25,-364.096,-2646.93
181,1.43053e+06,5.41189e+06,-4.34306e+06,-37.974,75.1936,714917,-6617.9,-369.161,-2642.06
182,1.42391e+06,5.41152e+06,-4.3457e+06,-38.001,75.2581,714928,-6619.55,-374.225,-2637.18
183,1.41729e+06,5.41114e+06,-4.34833e+06,-38.028,75.3227,714939,-6621.19,-379.288,-2632.3
184,1.41067e+06,5.41076e+06,-4.35096e+06,-38.055,75.3874,714950,-6622.82,-384.351,-2627.42
185,1.40405e+06,5.41038e+06,-4.35359e+06,-38.082,75.4521,714961,-6624.44,-389.413,-2622.54
186,1.39742e+06,5.40998e+06,-4.35621e+06,-38.1088,75.5168,714973,-6626.06,-394.475,-2617.65
187,1.39079e+06,5.40959e+06,-4.35882e+06,-38.1357,75.5816,714984,-6627.67,-399.536,-2612.76
188,1.38417e+06,5.40918e+06,-4.36143e+06,-38.1625,75.6465,714995,-6629.27,-404.596,-2607.86
189,1.37754e+06,5.40878e+06,-4.36404e+06,-38.1893,75.7114,715006,-6630.87,-409.655,-2602.97
190,1.3709e+06,5.40837e+06,-4.36664e+06,-38.216,75.7763,715017,-6632.46,-414.714,-2598.07
191,1.36427e+06,5.40795e+06,-4.36923e+06,-38.2427,75.8413,715028,-6634.05,-419.772,-2593.16
192,1.35764e+06,5.40753e+06,-4.37182e+06,-38.2693,75.9064,715039,-6635.63,-424.829,-2588.26
193,1.351e+06,5.4071e+06,-4.37441e+06,-38.296,75.9715,715050,-6637.2,-429.885,-2583.35
194,1.34436e+06,5.40667e+06,-4.37699e+06,-38.3225,76.0366,715061,-6638.76,-434.941,-2578.44
195,1.33772e+06,5.40623e+06,-4.37957e+06,-38.349,76.1018,715072,-6640.32,-439.996,-2573.52
196,1.33108e+06,5.40579e+06,-4.38214e+06,-38.3755,76.1671,715082,-6641.87,-445.05,-2568.61
197,1.32444e+06,5.40534e+06,-4.3847e+06,-38.402,76.2324,715093,-6643.41,-450.104,-2563.69
198,1.31779e+06,5.40489e+06,-4.38727e+06,-38.4284,76.2978,715104,-6644.95,-455.157,-2558.76
199,1.31115e+06,5.40443e+06,-4.38982e+06,-38.4547,76.3632,715115,-6646.48,-460.209,-2553.84
