0,-1.59588e+06,-6.75352e+06,1.40322e+06,11.499,-103.295,702671,5015.09,-119.737,5095.81
1,-1.59087e+06,-6.75363e+06,1.40831e+06,11.5413,-103.255,702671,5016.85,-112.911,5094.23
2,-1.58585e+06,-6.75374e+06,1.41341e+06,11.5836,-103.214,702670,5018.62,-106.085,5092.64
3,-1.58083e+06,-6.75385e+06,1.4185e+06,11.6259,-103.174,702670,5020.37,-99.2593,5091.04
4,-1.57581e+06,-6.75394e+06,1.42359e+06,11.6682,-103.133,702670,5022.12,-92.4337,5089.44
5,-1.57079e+06,-6.75403e+06,1.42868e+06,11.7105,-103.093,702670,5023.87,-85.6082,5087.83
6,-1.56576e+06,-6.75411e+06,1.43376e+06,11.7528,-103.052,702670,5025.62,-78.783,5086.22
7,-1.56073e+06,-6.75419e+06,1.43885e+06,11.795,-103.011,702670,5027.35,-71.9578,5084.6
8,-1.55571e+06,-6.75426e+06,1.44393e+06,11.8373,-102.971,702670,5029.09,-65.1329,5082.97
9,-1.55068e+06,-6.75432e+06,1.44901e+06,11.8796,-102.93,702670,5030.82,-58.3081,5081.34
10,-1.54564e+06,-6.75437e+06,1.45409e+06,11.9218,-102.889,702670,5032.54,-51.4835,5079.71
11,-1.54061e+06,-6.75442e+06,1.45917e+06,11.964,-102.849,702670,5034.26,-44.659,5078.07
12,-1.53558e+06,-6.75446e+06,1.46425e+06,12.0063,-102.808,702670,5035.98,-37.8348,5076.42
13,-1.53054e+06,-6.7545e+06,1.46933e+06,12.0485,-102.767,702670,5037.69,-31.0108,5074.76
14,-1.5255e+06,-6.75453e+06,1.4744e+06,12.0907,-102.727,702671,5039.39,-24.187,5073.1
15,-1.52046e+06,-6.75455e+06,1.47947e+06,12.133,-102.686,702671,5041.09,-17.3634,5071.44
16,-1.51542e+06,-6.75456e+06,1.48454e+06,12.1752,-102.645,702671,5042.79,-10.54,5069.77
17,-1.51038e+06,-6.75457e+06,1.48961e+06,12.2174,-102.604,702671,5044.48,-3.71686,5068.09
18,-1.50533e+06,-6.75457e+06,1.49468e+06,12.2596,-102.564,702671,5046.17,3.10605,5066.41
19,-1.50028e+06,-6.75456e+06,1.49975e+06,12.3017,-102.523,702671,5047.85,9.92872,5064.72
20,-1.49523e+06,-6.75455e+06,1.50481e+06,12.3439,-102.482,702672,5049.53,16.7511,5063.03
21,-1.49018e+06,-6.75453e+06,1.50987e+06,12.3861,-102.441,702672,5051.2,23.5733,5061.33
22,-1.48513e+06,-6.7545e+06,1.51493e+06,12.4283,-102.4,702672,5052.87,30.3952,5059.62
23,-1.48008e+06,-6.75447e+06,1.51999e+06,12.4704,-102.36,702672,5054.54,37.2168,5057.91
24,-1.47502e+06,-6.75443e+06,1.52505e+06,12.5126,-102.319,702673,5056.2,44.0381,5056.2
25,-1.46997e+06,-6.75438e+06,1.5301e+06,12.5547,-102.278,702673,5057.85,50.8592,5054.48
26,-1.46491e+06,-6.75432e+06,1.53516e+06,12.5968,-102.237,702673,5059.5,57.6799,5052.75
27,-1.45985e+06,-6.75426e+06,1.54021e+06,12.639,-102.196,702674,5061.15,64.5004,5051.01
28,-1.45478e+06,-6.7542e+06,1.54526e+06,12.6811,-102.155,702674,5062.79,71.3206,5049.27
29,-1.44972e+06,-6.75412e+06,1.55031e+06,12.7232,-102.114,702675,5064.42,78.1404,5047.53
30,-1.44466e+06,-6.75404e+06,1.55535e+06,12.7653,-102.073,702675,5066.05,84.9599,5045.78
31,-1.43959e+06,-6.75395e+06,1.5604e+06,12.8074,-102.032,702675,5067.68,91.7791,5044.02
32,-1.43452e+06,-6.75386e+06,1.56544e+06,12.8495,-101.991,702676,5069.3,98.598,5042.26
33,-1.42945e+06,-6.75375e+06,1.57048e+06,12.8915,-101.95,702676,5070.92,105.416,5040.49
34,-1.42438e+06,-6.75364e+06,1.57552e+06,12.9336,-101.909,702677,5072.53,112.235,5038.72
35,-1.41931e+06,-6.75353e+06,1.58056e+06,12.9757,-101.868,702677,5074.14,119.052,5036.94
36,-1.41423e+06,-6.75341e+06,1.5856e+06,13.0177,-101.827,702678,5075.74,125.87,5035.16
37,-1.40915e+06,-6.75328e+06,1.59063e+06,13.0598,-101.786,702678,5077.34,132.687,5033.37
38,-1.40408e+06,-6.75314e+06,1.59566e+06,13.1018,-101.745,702679,5078.94,139.504,5031.57
39,-1.399e+06,-6.753e+06,1.60069e+06,13.1439,-101.704,702680,5080.53,146.32,5029.77
40,-1.39391e+06,-6.75285e+06,1.60572e+06,13.1859,-101.663,702680,5082.11,153.136,5027.96
41,-1.38883e+06,-6.75269e+06,1.61075e+06,13.2279,-101.622,702681,5083.69,159.951,5026.15
42,-1.38375e+06,-6.75253e+06,1.61577e+06,13.2699,-101.581,702681,5085.27,166.767,5024.33
43,-1.37866e+06,-6.75236e+06,1.6208e+06,13.3119,-101.54,702682,5086.84,173.581,5022.5
44,-1.37357e+06,-6.75218e+06,1.62582e+06,13.3539,-101.499,702683,5088.4,180.396,5020.67
45,-1.36848e+06,-6.752e+06,1.63084e+06,13.3959,-101.457,702683,5089.96,187.209,5018.84
46,-1.36339e+06,-6.75181e+06,1.63586e+06,13.4378,-101.416,702684,5091.52,194.023,5017
47,-1.3583e+06,-6.75161e+06,1.64087e+06,13.4798,-101.375,702685,5093.07,200.836,5015.15
48,-1.35321e+06,-6.7514e+06,1.64589e+06,13.5218,-101.334,702686,5094.62,207.648,5013.3
49,-1.34811e+06,-6.75119e+06,1.6509e+06,13.5637,-101.293,702686,5096.16,214.46,5011.44
50,-1.34302e+06,-6.75098e+06,1.65591e+06,13.6057,-101.251,702687,5097.7,221.272,5009.58
51,-1.33792e+06,-6.75075e+06,1.66092e+06,13.6476,-101.21,702688,5099.23,228.083,5007.71
52,-1.33282e+06,-6.75052e+06,1.66593e+06,13.6895,-101.169,702689,5100.76,234.894,5005.83
53,-1.32772e+06,-6.75028e+06,1.67093e+06,13.7314,-101.127,702690,5102.28,241.704,5003.95
54,-1.32261e+06,-6.75004e+06,1.67593e+06,13.7733,-101.086,702690,5103.8,248.514,5002.06
55,-1.31751e+06,-6.74978e+06,1.68094e+06,13.8152,-101.045,702691,5105.32,255.323,5000.17
56,-1.3124e+06,-6.74953e+06,1.68593e+06,13.8571,-101.003,702692,5106.82,262.132,4998.27
57,-1.30729e+06,-6.74926e+06,1.69093e+06,13.899,-100.962,702693,5108.33,268.94,4996.37
58,-1.30218e+06,-6.74899e+06,1.69593e+06,13.9409,-100.921,702694,5109.83,275.748,4994.46
59,-1.29707e+06,-6.74871e+06,1.70092e+06,13.9827,-100.879,702695,5111.32,282.555,4992.55
60,-1.29196e+06,-6.74842e+06,1.70591e+06,14.0246,-100.838,702696,5112.81,289.361,4990.63
61,-1.28685e+06,-6.74813e+06,1.7109e+06,14.0664,-100.797,702697,5114.3,296.168,4988.7
62,-1.28173e+06,-6.74783e+06,1.71589e+06,14.1083,-100.755,702698,5115.78,302.973,4986.77
63,-1.27662e+06,-6.74752e+06,1.72088e+06,14.1501,-100.714,702699,5117.26,309.778,4984.83
64,-1.2715e+06,-6.74721e+06,1.72586e+06,14.1919,-100.672,702700,5118.73,316.583,4982.89
65,-1.26638e+06,-6.74689e+06,1.73084e+06,14.2337,-100.631,702701,5120.2,323.386,4980.94
66,-1.26126e+06,-6.74656e+06,1.73582e+06,14.2755,-100.589,702702,5121.66,330.19,4978.99
67,-1.25614e+06,-6.74623e+06,1.7408e+06,14.3173,-100.548,702703,5123.11,336.993,4977.03
68,-1.25101e+06,-6.74589e+06,1.74578e+06,14.3591,-100.506,702704,5124.57,343.795,4975.06
69,-1.24589e+06,-6.74554e+06,1.75075e+06,14.4009,-100.464,702705,5126.01,350.596,4973.09
70,-1.24076e+06,-6.74519e+06,1.75572e+06,14.4427,-100.423,702707,5127.46,357.397,4971.11
71,-1.23563e+06,-6.74483e+06,1.76069e+06,14.4844,-100.381,702708,5128.9,364.198,4969.13
72,-1.2305e+06,-6.74446e+06,1.76566e+06,14.5262,-100.34,702709,5130.33,370.997,4967.14
73,-1.22537e+06,-6.74409e+06,1.77063e+06,14.5679,-100.298,702710,5131.76,377.796,4965.15
74,-1.22024e+06,-6.7437e+06,1.77559e+06,14.6097,-100.256,702711,5133.18,384.595,4963.15
75,-1.21511e+06,-6.74332e+06,1.78055e+06,14.6514,-100.215,702713,5134.6,391.393,4961.15
76,-1.20997e+06,-6.74292e+06,1.78551e+06,14.6931,-100.173,702714,5136.02,398.19,4959.14
77,-1.20483e+06,-6.74252e+06,1.79047e+06,14.7348,-100.131,702715,5137.43,404.986,4957.12
78,-1.19969e+06,-6.74211e+06,1.79543e+06,14.7765,-100.09,702716,5138.83,411.782,4955.1
79,-1.19456e+06,-6.7417e+06,1.80038e+06,14.8182,-100.048,702718,5140.23,418.578,4953.07
80,-1.18941e+06,-6.74127e+06,1.80533e+06,14.8599,-100.006,702719,5141.63,425.372,4951.04
81,-1.18427e+06,-6.74085e+06,1.81028e+06,14.9015,-99.9644,702720,5143.02,432.166,4949
82,-1.17913e+06,-6.74041e+06,1.81523e+06,14.9432,-99.9226,702722,5144.4,438.959,4946.96
83,-1.17398e+06,-6.73997e+06,1.82018e+06,14.9848,-99.8808,702723,5145.78,445.752,4944.91
84,-1.16884e+06,-6.73952e+06,1.82512e+06,15.0265,-99.839,702724,5147.16,452.544,4942.85
85,-1.16369e+06,-6.73906e+06,1.83006e+06,15.0681,-99.7971,702726,5148.53,459.335,4940.79
86,-1.15854e+06,-6.7386e+06,1.835e+06,15.1097,-99.7553,702727,5149.9,466.125,4938.73
87,-1.15339e+06,-6.73813e+06,1.83994e+06,15.1513,-99.7134,702729,5151.26,472.915,4936.66
88,-1.14824e+06,-6.73765e+06,1.84488e+06,15.1929,-99.6715,702730,5152.62,479.704,4934.58
89,-1.14308e+06,-6.73717e+06,1.84981e+06,15.2345,-99.6296,702732,5153.97,486.492,4932.5
90,-1.13793e+06,-6.73668e+06,1.85474e+06,15.2761,-99.5876,702733,5155.32,493.279,4930.41
91,-1.13277e+06,-6.73618e+06,1.85967e+06,15.3177,-99.5457,702735,5156.66,500.066,4928.31
92,-1.12762e+06,-6.73568e+06,1.8646e+06,15.3592,-99.5037,702736,5158,506.852,4926.22
93,-1.12246e+06,-6.73517e+06,1.86952e+06,15.4008,-99.4617,702738,5159.33,513.637,4924.11
94,-1.1173e+06,-6.73465e+06,1.87445e+06,15.4423,-99.4197,702739,5160.66,520.422,4922
95,-1.11214e+06,-6.73413e+06,1.87937e+06,15.4839,-99.3777,702741,5161.99,527.206,4919.88
96,-1.10697e+06,-6.7336e+06,1.88428e+06,15.5254,-99.3357,702742,5163.31,533.988,4917.76
97,-1.10181e+06,-6.73306e+06,1.8892e+06,15.5669,-99.2936,702744,5164.62,540.771,4915.64
98,-1.09664e+06,-6.73252e+06,1.89412e+06,15.6084,-99.2515,702746,5165.93,547.552,4913.5
99,-1.09148e+06,-6.73197e+06,1.89903e+06,15.6499,-99.2094,702747,5167.23,554.332,4911.36
100,-1.08631e+06,-6.73141e+06,1.90394e+06,15.6914,-99.1673,702749,5168.53,561.112,4909.22
101,-1.08114e+06,-6.73084e+06,1.90885e+06,15.7329,-99.1252,702750,5169.83,567.891,4907.07
102,-1.07597e+06,-6.73027e+06,1.91375e+06,15.7743,-99.083,702752,5171.12,574.669,4904.92
103,-1.0708e+06,-6.7297e+06,1.91866e+06,15.8158,-99.0409,702754,5172.41,581.446,4902.76
104,-1.06563e+06,-6.72911e+06,1.92356e+06,15.8572,-98.9987,702756,5173.69,588.223,4900.59
105,-1.06045e+06,-6.72852e+06,1.92846e+06,15.8987,-98.9565,702757,5174.96,594.998,4898.42
106,-1.05528e+06,-6.72792e+06,1.93336e+06,15.9401,-98.9142,702759,5176.23,601.773,4896.24
107,-1.0501e+06,-6.72732e+06,1.93825e+06,15.9815,-98.872,702761,5177.5,608.547,4894.06
108,-1.04492e+06,-6.7267e+06,1.94314e+06,16.0229,-98.8297,702763,5178.76,615.32,4891.87
109,-1.03974e+06,-6.72608e+06,1.94803e+06,16.0643,-98.7874,702765,5180.02,622.092,4889.68
110,-1.03456e+06,-6.72546e+06,1.95292e+06,16.1057,-98.7451,702766,5181.27,628.863,4887.48
111,-1.02938e+06,-6.72483e+06,1.95781e+06,16.1471,-98.7028,702768,5182.52,635.634,4885.28
112,-1.0242e+06,-6.72419e+06,1.96269e+06,16.1884,-98.6604,702770,5183.76,642.403,4883.07
113,-1.01901e+06,-6.72354e+06,1.96758e+06,16.2298,-98.6181,702772,5185,649.172,4880.85
114,-1.01383e+06,-6.72289e+06,1.97246e+06,16.2711,-98.5757,702774,5186.23,655.939,4878.63
115,-1.00864e+06,-6.72223e+06,1.97733e+06,16.3125,-98.5333,702776,5187.46,662.706,4876.4
116,-1.00345e+06,-6.72156e+06,1.98221e+06,16.3538,-98.4909,702778,5188.68,669.472,4874.17
117,-998261,-6.72089e+06,1.98708e+06,16.3951,-98.4484,702780,5189.9,676.237,4871.93
118,-993070,-6.72021e+06,1.99195e+06,16.4364,-98.406,702782,5191.11,683.001,4869.69
119,-987879,-6.71953e+06,1.99682e+06,16.4777,-98.3635,702784,5192.32,689.764,4867.44
120,-982686,-6.71883e+06,2.00169e+06,16.519,-98.321,702786,5193.52,696.526,4865.19
121,-977492,-6.71813e+06,2.00655e+06,16.5603,-98.2785,702788,5194.72,703.287,4862.93
122,-972296,-6.71743e+06,2.01141e+06,16.6015,-98.2359,702790,5195.92,710.047,4860.66
123,-967100,-6.71671e+06,2.01627e+06,16.6428,-98.1934,702792,5197.11,716.806,4858.39
124,-961902,-6.71599e+06,2.02113e+06,16.684,-98.1508,702794,5198.29,723.565,4856.12
125,-956703,-6.71527e+06,2.02598e+06,16.7252,-98.1082,702796,5199.47,730.322,4853.84
126,-951503,-6.71453e+06,2.03084e+06,16.7664,-98.0656,702798,5200.64,737.078,4851.55
127,-946302,-6.71379e+06,2.03569e+06,16.8077,-98.0229,702800,5201.81,743.833,4849.26
128,-941100,-6.71304e+06,2.04054e+06,16.8488,-97.9803,702802,5202.98,750.588,4846.96
129,-935896,-6.71229e+06,2.04538e+06,16.89,-97.9376,702804,5204.14,757.341,4844.66
130,-930691,-6.71153e+06,2.05022e+06,16.9312,-97.8949,702806,5205.3,764.093,4842.35
131,-925485,-6.71076e+06,2.05507e+06,16.9724,-97.8522,702808,5206.45,770.844,4840.03
132,-920278,-6.70999e+06,2.0599e+06,17.0135,-97.8094,702811,5207.59,777.595,4837.71
133,-915070,-6.70921e+06,2.06474e+06,17.0547,-97.7667,702813,5208.73,784.344,4835.39
134,-909861,-6.70842e+06,2.06958e+06,17.0958,-97.7239,702815,5209.87,791.092,4833.06
135,-904651,-6.70762e+06,2.07441e+06,17.1369,-97.6811,702817,5211,797.839,4830.72
136,-899439,-6.70682e+06,2.07924e+06,17.178,-97.6383,702820,5212.13,804.585,4828.38
137,-894226,-6.70601e+06,2.08406e+06,17.2191,-97.5954,702822,5213.25,811.33,4826.03
138,-889012,-6.7052e+06,2.08889e+06,17.2602,-97.5525,702824,5214.36,818.074,4823.68
139,-883798,-6.70438e+06,2.09371e+06,17.3013,-97.5097,702826,5215.48,824.817,4821.32
140,-878581,-6.70355e+06,2.09853e+06,17.3423,-97.4667,702829,5216.58,831.558,4818.96
141,-873364,-6.70272e+06,2.10335e+06,17.3834,-97.4238,702831,5217.69,838.299,4816.59
142,-868146,-6.70187e+06,2.10816e+06,17.4244,-97.3809,702833,5218.78,845.038,4814.22
143,-862927,-6.70103e+06,2.11298e+06,17.4655,-97.3379,702836,5219.87,851.777,4811.84
144,-857706,-6.70017e+06,2.11779e+06,17.5065,-97.2949,702838,5220.96,858.514,4809.45
145,-852485,-6.69931e+06,2.1226e+06,17.5475,-97.2519,702841,5222.04,865.25,4807.06
146,-847262,-6.69844e+06,2.1274e+06,17.5885,-97.2089,702843,5223.12,871.985,4804.67
147,-842039,-6.69756e+06,2.13221e+06,17.6295,-97.1658,702845,5224.2,878.719,4802.27
148,-836814,-6.69668e+06,2.13701e+06,17.6705,-97.1227,702848,5225.26,885.452,4799.86
149,-831588,-6.69579e+06,2.14181e+06,17.7114,-97.0796,702850,5226.33,892.184,4797.45
150,-826361,-6.6949e+06,2.1466e+06,17.7524,-97.0365,702853,5227.39,898.914,4795.03
151,-821133,-6.694e+06,2.1514e+06,17.7933,-96.9934,702855,5228.44,905.643,4792.61
152,-815904,-6.69309e+06,2.15619e+06,17.8342,-96.9502,702858,5229.49,912.372,4790.18
153,-810674,-6.69217e+06,2.16098e+06,17.8752,-96.907,702860,5230.53,919.099,4787.75
154,-805443,-6.69125e+06,2.16576e+06,17.9161,-96.8638,702863,5231.57,925.824,4785.31
155,-800211,-6.69032e+06,2.17055e+06,17.9569,-96.8206,702865,5232.6,932.549,4782.86
156,-794978,-6.68938e+06,2.17533e+06,17.9978,-96.7773,702868,5233.63,939.272,4780.41
157,-789744,-6.68844e+06,2.18011e+06,18.0387,-96.7341,702871,5234.66,945.995,4777.96
158,-784509,-6.68749e+06,2.18488e+06,18.0796,-96.6908,702873,5235.68,952.716,4775.5
159,-779273,-6.68654e+06,2.18966e+06,18.1204,-96.6475,702876,5236.69,959.435,4773.03
160,-774035,-6.68557e+06,2.19443e+06,18.1612,-96.6041,702878,5237.7,966.154,4770.56
161,-768797,-6.6846e+06,2.1992e+06,18.2021,-96.5608,702881,5238.71,972.871,4768.08
162,-763558,-6.68363e+06,2.20397e+06,18.2429,-96.5174,702884,5239.7,979.587,4765.6
163,-758318,-6.68264e+06,2.20873e+06,18.2837,-96.474,702886,5240.7,986.302,4763.12
164,-753077,-6.68165e+06,2.21349e+06,18.3245,-96.4306,702889,5241.69,993.016,4760.62
165,-747834,-6.68066e+06,2.21825e+06,18.3652,-96.3871,702892,5242.67,999.728,4758.12
166,-742591,-6.67965e+06,2.22301e+06,18.406,-96.3436,702894,5243.66,1006.44,4755.62
167,-737347,-6.67864e+06,2.22776e+06,18.4467,-96.3002,702897,5244.63,1013.15,4753.11
168,-732102,-6.67763e+06,2.23252e+06,18.4875,-96.2566,702900,5245.6,1019.86,4750.6
169,-726856,-6.67661e+06,2.23726e+06,18.5282,-96.2131,702903,5246.57,1026.57,4748.08
170,-721609,-6.67558e+06,2.24201e+06,18.5689,-96.1695,702905,5247.53,1033.27,4745.55
171,-716361,-6.67454e+06,2.24676e+06,18.6096,-96.126,702908,5248.48,1039.98,4743.02
172,-711112,-6.6735e+06,2.2515e+06,18.6503,-96.0824,702911,5249.43,1046.68,4740.49
173,-705862,-6.67245e+06,2.25624e+06,18.691,-96.0387,702914,5250.38,1053.38,4737.95
174,-700611,-6.67139e+06,2.26097e+06,18.7317,-95.9951,702917,5251.32,1060.08,4735.4
175,-695359,-6.67033e+06,2.26571e+06,18.7723,-95.9514,702920,5252.26,1066.78,4732.85
176,-690107,-6.66925e+06,2.27044e+06,18.8129,-95.9077,702922,5253.19,1073.48,4730.29
177,-684853,-6.66818e+06,2.27517e+06,18.8536,-95.864,702925,5254.12,1080.18,4727.73
178,-679598,-6.66709e+06,2.27989e+06,18.8942,-95.8202,702928,5255.04,1086.87,4725.16
179,-674343,-6.666e+06,2.28462e+06,18.9348,-95.7765,702931,5255.95,1093.57,4722.59
180,-669086,-6.66491e+06,2.28934e+06,18.9754,-95.7327,702934,5256.87,1100.26,4720.01
181,-663829,-6.6638e+06,2.29406e+06,19.016,-95.6889,702937,5257.77,1106.95,4717.43
182,-658571,-6.66269e+06,2.29877e+06,19.0565,-95.645,702940,5258.67,1113.64,4714.84
183,-653312,-6.66158e+06,2.30349e+06,19.0971,-95.6012,702943,5259.57,1120.33,4712.24
184,-648052,-6.66045e+06,2.3082e+06,19.1376,-95.5573,702946,5260.46,1127.02,4709.64
185,-642791,-6.65932e+06,2.31291e+06,19.1781,-95.5134,702949,5261.35,1133.7,4707.04
186,-637529,-6.65819e+06,2.31761e+06,19.2187,-95.4695,702952,5262.23,1140.39,4704.43
187,-632266,-6.65704e+06,2.32232e+06,19.2592,-95.4255,702955,5263.11,1147.07,4701.81
188,-627003,-6.65589e+06,2.32702e+06,19.2997,-95.3815,702958,5263.98,1153.75,4699.19
189,-621738,-6.65473e+06,2.33171e+06,19.3401,-95.3375,702961,5264.85,1160.43,4696.57
190,-616473,-6.65357e+06,2.33641e+06,19.3806,-95.2935,702964,5265.71,1167.11,4693.93
191,-611207,-6.6524e+06,2.3411e+06,19.421,-95.2495,702967,5266.57,1173.79,4691.3
192,-605940,-6.65122e+06,2.34579e+06,19.4615,-95.2054,702970,5267.42,1180.46,4688.66
193,-600672,-6.65004e+06,2.35048e+06,19.5019,-95.1613,702973,5268.27,1187.14,4686.01
194,-595403,-6.64885e+06,2.35516e+06,19.5423,-95.1172,702977,5269.11,1193.81,4683.36
195,-590134,-6.64765e+06,2.35985e+06,19.5827,-95.073,702980,5269.95,1200.48,4680.7
196,-584864,-6.64645e+06,2.36453e+06,19.6231,-95.0289,702983,5270.78,1207.15,4678.04
197,-579592,-6.64524e+06,2.3692e+06,19.6635,-94.9847,702986,5271.61,1213.82,4675.37
198,-574320,-6.64402e+06,2.37388e+06,19.7038,-94.9405,702989,5272.44,1220.49,4672.69
199,-569047,-6.6428e+06,2.37855e+06,19.7442,-94.8962,702992,5273.25,1227.15,4670.01
