0,1.46833e+06,-5.80123e+06,3.77747e+06,32.4185,-75.7964,704670,5123.29,3568.36,3478.71
1,1.47345e+06,-5.79766e+06,3.78095e+06,32.4519,-75.7404,704675,5122.16,3574.1,3474.45
2,1.47857e+06,-5.79408e+06,3.78442e+06,32.4853,-75.6844,704681,5121.03,3579.84,3470.19
3,1.48369e+06,-5.7905e+06,3.78789e+06,32.5187,-75.6284,704687,5119.9,3585.57,3465.92
4,1.48881e+06,-5.78691e+06,3.79135e+06,32.552,-75.5723,704693,5118.76,3591.3,3461.65
5,1.49393e+06,-5.78332e+06,3.79481e+06,32.5853,-75.5161,704699,5117.62,3597.02,3457.37
6,1.49905e+06,-5.77972e+06,3.79827e+06,32.6185,-75.46,704705,5116.47,3602.75,3453.09
7,1.50416e+06,-5.77611e+06,3.80172e+06,32.6518,-75.4037,704711,5115.31,3608.46,3448.81
8,1.50928e+06,-5.7725e+06,3.80517e+06,32.685,-75.3475,704717,5114.15,3614.18,3444.52
9,1.51439e+06,-5.76888e+06,3.80861e+06,32.7181,-75.2912,704723,5112.99,3619.89,3440.23
10,1.5195e+06,-5.76526e+06,3.81205e+06,32.7513,-75.2348,704729,5111.82,3625.6,3435.94
11,1.52461e+06,-5.76163e+06,3.81548e+06,32.7844,-75.1784,704735,5110.65,3631.3,3431.64
12,1.52972e+06,-5.758e+06,3.81891e+06,32.8175,-75.1219,704741,5109.47,3637,3427.34
13,1.53483e+06,-5.75436e+06,3.82234e+06,32.8505,-75.0654,704747,5108.29,3642.69,3423.03
14,1.53994e+06,-5.75071e+06,3.82576e+06,32.8836,-75.0089,704753,5107.1,3648.38,3418.72
15,1.54505e+06,-5.74706e+06,3.82917e+06,32.9166,-74.9523,704759,5105.9,3654.07,3414.41
16,1.55015e+06,-5.74341e+06,3.83258e+06,32.9495,-74.8957,704765,5104.71,3659.75,3410.09
17,1.55526e+06,-5.73974e+06,3.83599e+06,32.9825,-74.839,704771,5103.5,3665.43,3405.77
18,1.56036e+06,-5.73607e+06,3.8394e+06,33.0154,-74.7823,704777,5102.3,3671.11,3401.44
19,1.56546e+06,-5.7324e+06,3.8428e+06,33.0483,-74.7255,704783,5101.08,3676.78,3397.12
20,1.57056e+06,-5.72872e+06,3.84619e+06,33.0811,-74.6687,704789,5099.87,3682.44,3392.78
21,1.57566e+06,-5.72504e+06,3.84958e+06,33.1139,-74.6119,704795,5098.64,3688.11,3388.45
22,1.58076e+06,-5.72134e+06,3.85297e+06,33.1467,-74.555,704801,5097.42,3693.77,3384.11
23,1.58586e+06,-5.71765e+06,3.85635e+06,33.1795,-74.498,704807,5096.18,3699.42,3379.76
24,1.59095e+06,-5.71395e+06,3.85973e+06,33.2122,-74.441,704813,5094.95,3705.07,3375.41
25,1.59605e+06,-5.71024e+06,3.8631e+06,33.2449,-74.384,704819,5093.7,3710.72,3371.06
26,1.60114e+06,-5.70652e+06,3.86647e+06,33.2776,-74.3269,704825,5092.46,3716.36,3366.71
27,1.60623e+06,-5.70281e+06,3.86983e+06,33.3102,-74.2698,704831,5091.21,3722,3362.35
28,1.61132e+06,-5.69908e+06,3.87319e+06,33.3428,-74.2126,704837,5089.95,3727.64,3357.98
29,1.61641e+06,-5.69535e+06,3.87655e+06,33.3754,-74.1554,704843,5088.69,3733.27,3353.62
30,1.6215e+06,-5.69161e+06,3.8799e+06,33.4079,-74.0981,704849,5087.42,3738.9,3349.24
31,1.62659e+06,-5.68787e+06,3.88325e+06,33.4404,-74.0408,704854,5086.15,3744.52,3344.87
32,1.63167e+06,-5.68412e+06,3.88659e+06,33.4729,-73.9835,704860,5084.87,3750.14,3340.49
33,1.63676e+06,-5.68037e+06,3.88993e+06,33.5054,-73.9261,704866,5083.59,3755.76,3336.11
34,1.64184e+06,-5.67661e+06,3.89326e+06,33.5378,-73.8686,704872,5082.31,3761.37,3331.72
35,1.64692e+06,-5.67285e+06,3.89659e+06,33.5702,-73.8111,704878,5081.02,3766.98,3327.33
36,1.652e+06,-5.66908e+06,3.89992e+06,33.6026,-73.7536,704884,5079.72,3772.58,3322.94
37,1.65708e+06,-5.6653e+06,3.90324e+06,33.6349,-73.696,704890,5078.42,3778.18,3318.54
38,1.66216e+06,-5.66152e+06,3.90655e+06,33.6672,-73.6384,704896,5077.12,3783.77,3314.14
39,1.66723e+06,-5.65774e+06,3.90987e+06,33.6995,-73.5807,704902,5075.81,3789.36,3309.74
40,1.67231e+06,-5.65394e+06,3.91317e+06,33.7317,-73.523,704908,5074.49,3794.95,3305.33
41,1.67738e+06,-5.65015e+06,3.91648e+06,33.7639,-73.4652,704914,5073.17,3800.54,3300.92
42,1.68245e+06,-5.64634e+06,3.91978e+06,33.7961,-73.4074,704920,5071.85,3806.11,3296.5
43,1.68753e+06,-5.64253e+06,3.92307e+06,33.8282,-73.3495,704926,5070.52,3811.69,3292.08
44,1.6926e+06,-5.63872e+06,3.92636e+06,33.8603,-73.2916,704932,5069.18,3817.26,3287.66
45,1.69766e+06,-5.6349e+06,3.92965e+06,33.8924,-73.2337,704938,5067.84,3822.83,3283.23
46,1.70273e+06,-5.63107e+06,3.93293e+06,33.9245,-73.1757,704944,5066.5,3828.39,3278.8
47,1.7078e+06,-5.62724e+06,3.9362e+06,33.9565,-73.1176,704950,5065.15,3833.95,3274.37
48,1.71286e+06,-5.62341e+06,3.93948e+06,33.9885,-73.0595,704956,5063.8,3839.5,3269.93
49,1.71793e+06,-5.61956e+06,3.94274e+06,34.0204,-73.0014,704962,5062.44,3845.05,3265.49
50,1.72299e+06,-5.61572e+06,3.94601e+06,34.0524,-72.9432,704968,5061.07,3850.6,3261.04
51,1.72805e+06,-5.61186e+06,3.94926e+06,34.0843,-72.885,704974,5059.71,3856.14,3256.59
52,1.73311e+06,-5.608e+06,3.95252e+06,34.1161,-72.8267,704980,5058.33,3861.68,3252.14
53,1.73816e+06,-5.60414e+06,3.95577e+06,34.1479,-72.7683,704986,5056.95,3867.21,3247.68
54,1.74322e+06,-5.60027e+06,3.95901e+06,34.1797,-72.71,704992,5055.57,3872.74,3243.22
55,1.74827e+06,-5.59639e+06,3.96226e+06,34.2115,-72.6516,704998,5054.18,3878.27,3238.76
56,1.75333e+06,-5.59251e+06,3.96549e+06,34.2432,-72.5931,705004,5052.79,3883.79,3234.29
57,1.75838e+06,-5.58863e+06,3.96872e+06,34.2749,-72.5346,705010,5051.39,3889.31,3229.82
58,1.76343e+06,-5.58473e+06,3.97195e+06,34.3066,-72.476,705016,5049.99,3894.82,3225.35
59,1.76848e+06,-5.58084e+06,3.97517e+06,34.3382,-72.4174,705022,5048.58,3900.33,3220.87
60,1.77353e+06,-5.57693e+06,3.97839e+06,34.3698,-72.3587,705028,5047.17,3905.83,3216.39
61,1.77857e+06,-5.57302e+06,3.98161e+06,34.4014,-72.3,705034,5045.76,3911.34,3211.9
62,1.78362e+06,-5.56911e+06,3.98482e+06,34.4329,-72.2413,705040,5044.33,3916.83,3207.41
63,1.78866e+06,-5.56519e+06,3.98802e+06,34.4645,-72.1825,705046,5042.91,3922.32,3202.92
64,1.79371e+06,-5.56127e+06,3.99122e+06,34.4959,-72.1236,705052,5041.48,3927.81,3198.43
65,1.79875e+06,-5.55734e+06,3.99442e+06,34.5274,-72.0648,705058,5040.04,3933.3,3193.93
66,1.80379e+06,-5.5534e+06,3.99761e+06,34.5588,-72.0058,705064,5038.6,3938.78,3189.42
67,1.80882e+06,-5.54946e+06,4.0008e+06,34.5902,-71.9468,705070,5037.15,3944.25,3184.92
68,1.81386e+06,-5.54551e+06,4.00398e+06,34.6215,-71.8878,705076,5035.7,3949.72,3180.4
69,1.8189e+06,-5.54156e+06,4.00716e+06,34.6528,-71.8287,705082,5034.25,3955.19,3175.89
70,1.82393e+06,-5.5376e+06,4.01033e+06,34.6841,-71.7696,705088,5032.79,3960.65,3171.37
71,1.82896e+06,-5.53364e+06,4.0135e+06,34.7153,-71.7104,705093,5031.32,3966.11,3166.85
72,1.83399e+06,-5.52967e+06,4.01667e+06,34.7465,-71.6512,705099,5029.85,3971.57,3162.33
73,1.83902e+06,-5.52569e+06,4.01983e+06,34.7777,-71.5919,705105,5028.38,3977.02,3157.8
74,1.84405e+06,-5.52171e+06,4.02298e+06,34.8089,-71.5326,705111,5026.9,3982.46,3153.27
75,1.84907e+06,-5.51773e+06,4.02613e+06,34.84,-71.4732,705117,5025.41,3987.9,3148.73
76,1.8541e+06,-5.51374e+06,4.02928e+06,34.871,-71.4138,705123,5023.92,3993.34,3144.19
77,1.85912e+06,-5.50974e+06,4.03242e+06,34.9021,-71.3543,705129,5022.43,3998.78,3139.65
78,1.86414e+06,-5.50574e+06,4.03556e+06,34.9331,-71.2948,705135,5020.93,4004.2,3135.1
79,1.86916e+06,-5.50173e+06,4.03869e+06,34.9641,-71.2353,705141,5019.43,4009.63,3130.55
80,1.87418e+06,-5.49772e+06,4.04182e+06,34.995,-71.1757,705147,5017.92,4015.05,3126
81,1.8792e+06,-5.4937e+06,4.04494e+06,35.0259,-71.116,705153,5016.4,4020.47,3121.44
82,1.88422e+06,-5.48968e+06,4.04806e+06,35.0568,-71.0563,705159,5014.89,4025.88,3116.88
83,1.88923e+06,-5.48565e+06,4.05118e+06,35.0877,-70.9966,705165,5013.36,4031.28,3112.32
84,1.89424e+06,-5.48162e+06,4.05429e+06,35.1185,-70.9368,705171,5011.84,4036.69,3107.75
85,1.89925e+06,-5.47758e+06,4.05739e+06,35.1492,-70.8769,705177,5010.3,4042.09,3103.18
86,1.90426e+06,-5.47353e+06,4.06049e+06,35.18,-70.817,705183,5008.76,4047.48,3098.61
87,1.90927e+06,-5.46948e+06,4.06359e+06,35.2107,-70.7571,705189,5007.22,4052.87,3094.03
88,1.91428e+06,-5.46543e+06,4.06668e+06,35.2414,-70.6971,705195,5005.68,4058.26,3089.45
89,1.91928e+06,-5.46137e+06,4.06977e+06,35.272,-70.6371,705201,5004.12,4063.64,3084.86
90,1.92429e+06,-5.4573e+06,4.07285e+06,35.3026,-70.577,705206,5002.57,4069.02,3080.28
91,1.92929e+06,-5.45323e+06,4.07593e+06,35.3332,-70.5168,705212,5001.01,4074.39,3075.68
92,1.93429e+06,-5.44915e+06,4.079e+06,35.3637,-70.4566,705218,4999.44,4079.76,3071.09
93,1.93929e+06,-5.44507e+06,4.08207e+06,35.3942,-70.3964,705224,4997.87,4085.12,3066.49
94,1.94428e+06,-5.44098e+06,4.08514e+06,35.4247,-70.3361,705230,4996.29,4090.48,3061.89
95,1.94928e+06,-5.43689e+06,4.0882e+06,35.4551,-70.2758,705236,4994.71,4095.84,3057.28
96,1.95427e+06,-5.43279e+06,4.09125e+06,35.4855,-70.2154,705242,4993.13,4101.19,3052.68
97,1.95926e+06,-5.42869e+06,4.0943e+06,35.5159,-70.155,705248,4991.53,4106.54,3048.06
98,1.96426e+06,-5.42458e+06,4.09735e+06,35.5462,-70.0945,705254,4989.94,4111.88,3043.45
99,1.96924e+06,-5.42046e+06,4.10039e+06,35.5765,-70.034,705260,4988.34,4117.22,3038.83
100,1.97423e+06,-5.41634e+06,4.10342e+06,35.6068,-69.9734,705266,4986.73,4122.55,3034.21
101,1.97922e+06,-5.41222e+06,4.10646e+06,35.637,-69.9128,705272,4985.13,4127.88,3029.58
102,1.9842e+06,-5.40809e+06,4.10948e+06,35.6672,-69.8521,705278,4983.51,4133.21,3024.95
103,1.98919e+06,-5.40395e+06,4.11251e+06,35.6973,-69.7914,705283,4981.89,4138.53,3020.32
104,1.99417e+06,-5.39981e+06,4.11552e+06,35.7275,-69.7307,705289,4980.27,4143.84,3015.68
105,1.99915e+06,-5.39566e+06,4.11854e+06,35.7575,-69.6698,705295,4978.64,4149.16,3011.04
106,2.00412e+06,-5.39151e+06,4.12155e+06,35.7876,-69.609,705301,4977.01,4154.46,3006.4
107,2.0091e+06,-5.38735e+06,4.12455e+06,35.8176,-69.5481,705307,4975.37,4159.77,3001.75
108,2.01407e+06,-5.38319e+06,4.12755e+06,35.8476,-69.4871,705313,4973.72,4165.06,2997.1
109,2.01905e+06,-5.37902e+06,4.13054e+06,35.8775,-69.4261,705319,4972.08,4170.36,2992.45
110,2.02402e+06,-5.37485e+06,4.13353e+06,35.9074,-69.365,705325,4970.42,4175.65,2987.79
111,2.02899e+06,-5.37067e+06,4.13652e+06,35.9373,-69.3039,705331,4968.77,4180.93,2983.13
112,2.03396e+06,-5.36649e+06,4.1395e+06,35.9672,-69.2428,705336,4967.1,4186.21,2978.47
113,2.03892e+06,-5.3623e+06,4.14248e+06,35.997,-69.1816,705342,4965.44,4191.49,2973.8
114,2.04389e+06,-5.35811e+06,4.14545e+06,36.0267,-69.1203,705348,4963.76,4196.76,2969.13
115,2.04885e+06,-5.35391e+06,4.14841e+06,36.0564,-69.059,705354,4962.09,4202.03,2964.46
116,2.05381e+06,-5.3497e+06,4.15138e+06,36.0861,-68.9976,705360,4960.41,4207.29,2959.78
117,2.05877e+06,-5.34549e+06,4.15433e+06,36.1158,-68.9362,705366,4958.72,4212.55,2955.1
118,2.06373e+06,-5.34128e+06,4.15729e+06,36.1454,-68.8748,705372,4957.03,4217.81,2950.42
119,2.06868e+06,-5.33706e+06,4.16024e+06,36.175,-68.8133,705378,4955.33,4223.06,2945.73
120,2.07364e+06,-5.33283e+06,4.16318e+06,36.2046,-68.7517,705383,4953.63,4228.3,2941.05
121,2.07859e+06,-5.3286e+06,4.16612e+06,36.2341,-68.6901,705389,4951.93,4233.54,2936.35
122,2.08354e+06,-5.32436e+06,4.16905e+06,36.2636,-68.6285,705395,4950.22,4238.78,2931.66
123,2.08849e+06,-5.32012e+06,4.17198e+06,36.293,-68.5668,705401,4948.5,4244.01,2926.96
124,2.09344e+06,-5.31588e+06,4.17491e+06,36.3224,-68.505,705407,4946.78,4249.24,2922.25
125,2.09839e+06,-5.31162e+06,4.17783e+06,36.3518,-68.4432,705413,4945.06,4254.46,2917.55
126,2.10333e+06,-5.30737e+06,4.18074e+06,36.3811,-68.3814,705419,4943.33,4259.68,2912.84
127,2.10827e+06,-5.3031e+06,4.18365e+06,36.4104,-68.3195,705424,4941.6,4264.89,2908.12
128,2.11321e+06,-5.29884e+06,4.18656e+06,36.4397,-68.2575,705430,4939.86,4270.1,2903.41
129,2.11815e+06,-5.29456e+06,4.18946e+06,36.4689,-68.1955,705436,4938.11,4275.31,2898.69
130,2.12309e+06,-5.29029e+06,4.19235e+06,36.4981,-68.1335,705442,4936.37,4280.51,2893.97
131,2.12802e+06,-5.286e+06,4.19525e+06,36.5272,-68.0714,705448,4934.61,4285.7,2889.24
132,2.13296e+06,-5.28172e+06,4.19813e+06,36.5563,-68.0093,705453,4932.85,4290.89,2884.51
133,2.13789e+06,-5.27742e+06,4.20101e+06,36.5854,-67.9471,705459,4931.09,4296.08,2879.78
134,2.14282e+06,-5.27312e+06,4.20389e+06,36.6144,-67.8848,705465,4929.32,4301.26,2875.04
135,2.14775e+06,-5.26882e+06,4.20676e+06,36.6434,-67.8225,705471,4927.55,4306.44,2870.3
136,2.15268e+06,-5.26451e+06,4.20963e+06,36.6724,-67.7602,705477,4925.78,4311.61,2865.56
137,2.1576e+06,-5.2602e+06,4.2125e+06,36.7013,-67.6978,705483,4923.99,4316.78,2860.82
138,2.16252e+06,-5.25588e+06,4.21535e+06,36.7302,-67.6353,705488,4922.21,4321.94,2856.07
139,2.16745e+06,-5.25155e+06,4.21821e+06,36.7591,-67.5729,705494,4920.42,4327.1,2851.32
140,2.17236e+06,-5.24722e+06,4.22106e+06,36.7879,-67.5103,705500,4918.62,4332.25,2846.56
141,2.17728e+06,-5.24289e+06,4.2239e+06,36.8166,-67.4477,705506,4916.82,4337.4,2841.8
142,2.1822e+06,-5.23855e+06,4.22674e+06,36.8454,-67.3851,705511,4915.02,4342.55,2837.04
143,2.18711e+06,-5.2342e+06,4.22958e+06,36.8741,-67.3224,705517,4913.21,4347.69,2832.28
144,2.19202e+06,-5.22985e+06,4.2324e+06,36.9028,-67.2596,705523,4911.39,4352.83,2827.51
145,2.19694e+06,-5.2255e+06,4.23523e+06,36.9314,-67.1968,705529,4909.57,4357.96,2822.74
146,2.20184e+06,-5.22114e+06,4.23805e+06,36.96,-67.134,705535,4907.75,4363.08,2817.96
147,2.20675e+06,-5.21677e+06,4.24087e+06,36.9885,-67.0711,705540,4905.92,4368.21,2813.19
148,2.21166e+06,-5.2124e+06,4.24368e+06,37.017,-67.0082,705546,4904.08,4373.32,2808.41
149,2.21656e+06,-5.20802e+06,4.24648e+06,37.0455,-66.9452,705552,4902.25,4378.44,2803.62
150,2.22146e+06,-5.20364e+06,4.24928e+06,37.0739,-66.8821,705558,4900.4,4383.55,2798.84
151,2.22636e+06,-5.19926e+06,4.25208e+06,37.1023,-66.819,705563,4898.55,4388.65,2794.05
152,2.23126e+06,-5.19487e+06,4.25487e+06,37.1307,-66.7559,705569,4896.7,4393.75,2789.25
153,2.23615e+06,-5.19047e+06,4.25766e+06,37.159,-66.6927,705575,4894.84,4398.84,2784.46
154,2.24105e+06,-5.18607e+06,4.26044e+06,37.1873,-66.6295,705581,4892.98,4403.93,2779.66
155,2.24594e+06,-5.18166e+06,4.26322e+06,37.2155,-66.5662,705586,4891.12,4409.02,2774.86
156,2.25083e+06,-5.17725e+06,4.26599e+06,37.2437,-66.5028,705592,4889.24,4414.1,2770.05
157,2.25572e+06,-5.17283e+06,4.26876e+06,37.2719,-66.4394,705598,4887.37,4419.17,2765.24
158,2.2606e+06,-5.16841e+06,4.27152e+06,37.3,-66.376,705603,4885.49,4424.24,2760.43
159,2.26549e+06,-5.16398e+06,4.27428e+06,37.3281,-66.3125,705609,4883.6,4429.31,2755.62
160,2.27037e+06,-5.15955e+06,4.27703e+06,37.3562,-66.2489,705615,4881.71,4434.37,2750.8
161,2.27525e+06,-5.15512e+06,4.27978e+06,37.3842,-66.1853,705621,4879.82,4439.43,2745.98
162,2.28013e+06,-5.15067e+06,4.28252e+06,37.4122,-66.1217,705626,4877.92,4444.48,2741.15
163,2.28501e+06,-5.14623e+06,4.28526e+06,37.4401,-66.058,705632,4876.01,4449.53,2736.32
164,2.28988e+06,-5.14177e+06,4.288e+06,37.468,-65.9943,705638,4874.1,4454.57,2731.49
165,2.29476e+06,-5.13732e+06,4.29073e+06,37.4959,-65.9305,705643,4872.19,4459.61,2726.66
166,2.29963e+06,-5.13286e+06,4.29345e+06,37.5237,-65.8666,705649,4870.27,4464.64,2721.82
167,2.3045e+06,-5.12839e+06,4.29617e+06,37.5514,-65.8027,705655,4868.35,4469.67,2716.99
168,2.30936e+06,-5.12392e+06,4.29888e+06,37.5792,-65.7388,705660,4866.42,4474.7,2712.14
169,2.31423e+06,-5.11944e+06,4.30159e+06,37.6069,-65.6748,705666,4864.48,4479.71,2707.3
170,2.31909e+06,-5.11496e+06,4.3043e+06,37.6345,-65.6107,705672,4862.55,4484.73,2702.45
171,2.32395e+06,-5.11047e+06,4.307e+06,37.6622,-65.5466,705677,4860.6,4489.74,2697.6
172,2.32881e+06,-5.10598e+06,4.30969e+06,37.6897,-65.4825,705683,4858.66,4494.74,2692.74
173,2.33367e+06,-5.10148e+06,4.31238e+06,37.7173,-65.4183,705689,4856.71,4499.74,2687.88
174,2.33853e+06,-5.09698e+06,4.31507e+06,37.7448,-65.354,705694,4854.75,4504.74,2683.02
175,2.34338e+06,-5.09247e+06,4.31775e+06,37.7723,-65.2897,705700,4852.79,4509.73,2678.16
176,2.34823e+06,-5.08796e+06,4.32043e+06,37.7997,-65.2254,705706,4850.82,4514.72,2673.29
177,2.35308e+06,-5.08344e+06,4.3231e+06,37.8271,-65.161,705711,4848.85,4519.7,2668.42
178,2.35793e+06,-5.07892e+06,4.32576e+06,37.8544,-65.0965,705717,4846.88,4524.67,2663.55
179,2.36278e+06,-5.07439e+06,4.32842e+06,37.8817,-65.032,705723,4844.9,4529.65,2658.67
180,2.36762e+06,-5.06986e+06,4.33108e+06,37.909,-64.9675,705728,4842.91,4534.61,2653.8
181,2.37246e+06,-5.06532e+06,4.33373e+06,37.9362,-64.9029,705734,4840.92,4539.57,2648.91
182,2.3773e+06,-5.06078e+06,4.33638e+06,37.9634,-64.8382,705739,4838.93,4544.53,2644.03
183,2.38214e+06,-5.05623e+06,4.33902e+06,37.9905,-64.7735,705745,4836.93,4549.48,2639.14
184,2.38698e+06,-5.05168e+06,4.34166e+06,38.0176,-64.7087,705751,4834.93,4554.43,2634.25
185,2.39181e+06,-5.04712e+06,4.34429e+06,38.0447,-64.6439,705756,4832.92,4559.38,2629.36
186,2.39664e+06,-5.04256e+06,4.34692e+06,38.0717,-64.5791,705762,4830.91,4564.31,2624.46
187,2.40147e+06,-5.038e+06,4.34954e+06,38.0987,-64.5142,705767,4828.89,4569.25,2619.56
188,2.4063e+06,-5.03342e+06,4.35215e+06,38.1256,-64.4492,705773,4826.87,4574.17,2614.66
189,2.41113e+06,-5.02885e+06,4.35477e+06,38.1525,-64.3842,705778,4824.84,4579.1,2609.75
190,2.41595e+06,-5.02427e+06,4.35737e+06,38.1793,-64.3191,705784,4822.81,4584.02,2604.84
191,2.42077e+06,-5.01968e+06,4.35998e+06,38.2062,-64.254,705790,4820.77,4588.93,2599.93
192,2.42559e+06,-5.01509e+06,4.36257e+06,38.2329,-64.1889,705795,4818.73,4593.84,2595.02
193,2.43041e+06,-5.01049e+06,4.36517e+06,38.2597,-64.1236,705801,4816.69,4598.74,2590.1
194,2.43522e+06,-5.00589e+06,4.36775e+06,38.2864,-64.0584,705806,4814.64,4603.64,2585.18
195,2.44004e+06,-5.00128e+06,4.37034e+06,38.313,-63.9931,705812,4812.58,4608.54,2580.26
196,2.44485e+06,-4.99667e+06,4.37291e+06,38.3396,-63.9277,705817,4810.52,4613.43,2575.33
197,2.44966e+06,-4.99206e+06,4.37549e+06,38.3662,-63.8623,705823,4808.46,4618.31,2570.4
198,2.45447e+06,-4.98744e+06,4.37806e+06,38.3927,-63.7968,705828,4806.39,4623.19,2565.47
199,2.45927e+06,-4.98281e+06,4.38062e+06,38.4192,-63.7313,705834,4804.32,4628.07,2560.54
