0,2.73097e+06,6.37969e+06,-1.41757e+06,-11.6132,66.8256,705677,-4919.56,979.563,-5091.51
1,2.72605e+06,6.38067e+06,-1.42266e+06,-11.6554,66.8661,705688,-4922.47,973.15,-5089.91
2,2.72113e+06,6.38164e+06,-1.42775e+06,-11.6977,66.9066,705699,-4925.37,966.737,-5088.3
3,2.7162e+06,6.3826e+06,-1.43284e+06,-11.7399,66.9472,705709,-4928.27,960.322,-5086.69
4,2.71127e+06,6.38356e+06,-1.43792e+06,-11.7822,66.9878,705720,-4931.16,953.908,-5085.08
5,2.70634e+06,6.38451e+06,-1.44301e+06,-11.8244,67.0283,705731,-4934.05,947.492,-5083.46
6,2.7014e+06,6.38546e+06,-1.44809e+06,-11.8666,67.0689,705741,-4936.93,941.076,-5081.83
7,2.69646e+06,6.38639e+06,-1.45317e+06,-11.9088,67.1095,705752,-4939.81,934.66,-5080.2
8,2.69152e+06,6.38732e+06,-1.45825e+06,-11.951,67.1502,705763,-4942.69,928.243,-5078.56
9,2.68658e+06,6.38825e+06,-1.46333e+06,-11.9933,67.1908,705774,-4945.56,921.825,-5076.91
10,2.68163e+06,6.38917e+06,-1.46841e+06,-12.0354,67.2315,705785,-4948.42,915.406,-5075.26
11,2.67668e+06,6.39008e+06,-1.47348e+06,-12.0776,67.2721,705795,-4951.29,908.988,-5073.61
12,2.67173e+06,6.39099e+06,-1.47855e+06,-12.1198,67.3128,705806,-4954.14,902.568,-5071.94
13,2.66677e+06,6.39189e+06,-1.48362e+06,-12.162,67.3535,705817,-4956.99,896.148,-5070.28
14,2.66182e+06,6.39278e+06,-1.48869e+06,-12.2042,67.3942,705828,-4959.84,889.727,-5068.6
15,2.65685e+06,6.39367e+06,-1.49376e+06,-12.2463,67.4349,705839,-4962.68,883.306,-5066.92
16,2.65189e+06,6.39455e+06,-1.49883e+06,-12.2885,67.4757,705850,-4965.52,876.884,-5065.24
17,2.64692e+06,6.39542e+06,-1.50389e+06,-12.3306,67.5164,705861,-4968.36,870.462,-5063.55
18,2.64195e+06,6.39629e+06,-1.50895e+06,-12.3727,67.5572,705871,-4971.18,864.039,-5061.85
19,2.63698e+06,6.39715e+06,-1.51402e+06,-12.4149,67.598,705882,-4974.01,857.616,-5060.15
20,2.63201e+06,6.398e+06,-1.51907e+06,-12.457,67.6387,705893,-4976.83,851.192,-5058.44
21,2.62703e+06,6.39885e+06,-1.52413e+06,-12.4991,67.6796,705904,-4979.64,844.768,-5056.73
22,2.62205e+06,6.39969e+06,-1.52919e+06,-12.5412,67.7204,705915,-4982.45,838.343,-5055.01
23,2.61706e+06,6.40053e+06,-1.53424e+06,-12.5833,67.7612,705926,-4985.26,831.918,-5053.29
24,2.61208e+06,6.40135e+06,-1.53929e+06,-12.6254,67.8021,705937,-4988.06,825.492,-5051.56
25,2.60709e+06,6.40218e+06,-1.54435e+06,-12.6675,67.8429,705948,-4990.86,819.065,-5049.82
26,2.60209e+06,6.40299e+06,-1.54939e+06,-12.7095,67.8838,705959,-4993.65,812.639,-5048.08
27,2.5971e+06,6.4038e+06,-1.55444e+06,-12.7516,67.9247,705970,-4996.43,806.211,-5046.33
28,2.5921e+06,6.40461e+06,-1.55949e+06,-12.7937,67.9656,705982,-4999.22,799.784,-5044.58
29,2.5871e+06,6.4054e+06,-1.56453e+06,-12.8357,68.0065,705993,-5001.99,793.355,-5042.82
30,2.5821e+06,6.40619e+06,-1.56957e+06,-12.8778,68.0475,706004,-5004.77,786.927,-5041.06
31,2.57709e+06,6.40698e+06,-1.57461e+06,-12.9198,68.0884,706015,-5007.54,780.498,-5039.29
32,2.57208e+06,6.40775e+06,-1.57965e+06,-12.9618,68.1294,706026,-5010.3,774.068,-5037.51
33,2.56707e+06,6.40852e+06,-1.58469e+06,-13.0038,68.1704,706037,-5013.06,767.638,-5035.73
34,2.56206e+06,6.40929e+06,-1.58972e+06,-13.0458,68.2114,706048,-5015.81,761.208,-5033.95
35,2.55704e+06,6.41005e+06,-1.59476e+06,-13.0878,68.2524,706059,-5018.56,754.777,-5032.15
36,2.55202e+06,6.4108e+06,-1.59979e+06,-13.1298,68.2934,706071,-5021.31,748.346,-5030.35
37,2.547e+06,6.41154e+06,-1.60482e+06,-13.1718,68.3345,706082,-5024.05,741.914,-5028.55
38,2.54197e+06,6.41228e+06,-1.60984e+06,-13.2138,68.3755,706093,-5026.78,735.482,-5026.74
39,2.53694e+06,6.41301e+06,-1.61487e+06,-13.2558,68.4166,706104,-5029.51,729.049,-5024.93
40,2.53191e+06,6.41374e+06,-1.61989e+06,-13.2977,68.4577,706116,-5032.24,722.617,-5023.11
41,2.52688e+06,6.41446e+06,-1.62492e+06,-13.3397,68.4988,706127,-5034.96,716.183,-5021.28
42,2.52184e+06,6.41517e+06,-1.62994e+06,-13.3816,68.5399,706138,-5037.68,709.75,-5019.45
43,2.5168e+06,6.41588e+06,-1.63495e+06,-13.4236,68.5811,706149,-5040.39,703.316,-5017.61
44,2.51176e+06,6.41658e+06,-1.63997e+06,-13.4655,68.6222,706161,-5043.1,696.881,-5015.77
45,2.50672e+06,6.41727e+06,-1.64499e+06,-13.5074,68.6634,706172,-5045.8,690.447,-5013.92
46,2.50167e+06,6.41796e+06,-1.65e+06,-13.5493,68.7046,706183,-5048.5,684.012,-5012.06
47,2.49662e+06,6.41864e+06,-1.65501e+06,-13.5912,68.7458,706195,-5051.19,677.576,-5010.2
48,2.49157e+06,6.41932e+06,-1.66002e+06,-13.6331,68.787,706206,-5053.88,671.141,-5008.34
49,2.48651e+06,6.41998e+06,-1.66503e+06,-13.675,68.8282,706217,-5056.57,664.705,-5006.47
50,2.48145e+06,6.42064e+06,-1.67003e+06,-13.7169,68.8695,706229,-5059.24,658.268,-5004.59
51,2.47639e+06,6.4213e+06,-1.67504e+06,-13.7587,68.9107,706240,-5061.92,651.831,-5002.71
52,2.47133e+06,6.42195e+06,-1.68004e+06,-13.8006,68.952,706252,-5064.59,645.395,-5000.82
53,2.46626e+06,6.42259e+06,-1.68504e+06,-13.8425,68.9933,706263,-5067.25,638.957,-4998.92
54,2.4612e+06,6.42323e+06,-1.69004e+06,-13.8843,69.0346,706275,-5069.91,632.52,-4997.02
55,2.45612e+06,6.42386e+06,-1.69503e+06,-13.9261,69.0759,706286,-5072.57,626.082,-4995.12
56,2.45105e+06,6.42448e+06,-1.70003e+06,-13.968,69.1173,706297,-5075.22,619.644,-4993.21
57,2.44597e+06,6.42509e+06,-1.70502e+06,-14.0098,69.1586,706309,-5077.87,613.205,-4991.29
58,2.4409e+06,6.4257e+06,-1.71001e+06,-14.0516,69.2,706320,-5080.51,606.766,-4989.37
59,2.43581e+06,6.42631e+06,-1.715e+06,-14.0934,69.2414,706332,-5083.14,600.327,-4987.44
60,2.43073e+06,6.42691e+06,-1.71998e+06,-14.1352,69.2828,706344,-5085.77,593.888,-4985.51
61,2.42564e+06,6.4275e+06,-1.72497e+06,-14.1769,69.3242,706355,-5088.4,587.449,-4983.57
62,2.42055e+06,6.42808e+06,-1.72995e+06,-14.2187,69.3657,706367,-5091.02,581.009,-4981.63
63,2.41546e+06,6.42866e+06,-1.73493e+06,-14.2605,69.4071,706378,-5093.64,574.569,-4979.68
64,2.41036e+06,6.42923e+06,-1.73991e+06,-14.3022,69.4486,706390,-5096.25,568.129,-4977.72
65,2.40527e+06,6.42979e+06,-1.74489e+06,-14.344,69.4901,706401,-5098.86,561.688,-4975.76
66,2.40017e+06,6.43035e+06,-1.74986e+06,-14.3857,69.5316,706413,-5101.47,555.248,-4973.79
67,2.39506e+06,6.4309e+06,-1.75483e+06,-14.4274,69.5731,706425,-5104.06,548.807,-4971.82
68,2.38996e+06,6.43145e+06,-1.75981e+06,-14.4692,69.6147,706436,-5106.66,542.366,-4969.84
69,2.38485e+06,6.43199e+06,-1.76477e+06,-14.5109,69.6562,706448,-5109.25,535.925,-4967.86
70,2.37974e+06,6.43252e+06,-1.76974e+06,-14.5526,69.6978,706460,-5111.83,529.483,-4965.87
71,2.37463e+06,6.43305e+06,-1.77471e+06,-14.5943,69.7394,706471,-5114.41,523.041,-4963.87
72,2.36951e+06,6.43357e+06,-1.77967e+06,-14.6359,69.781,706483,-5116.98,516.6,-4961.87
73,2.36439e+06,6.43408e+06,-1.78463e+06,-14.6776,69.8227,706495,-5119.55,510.158,-4959.87
74,2.35927e+06,6.43459e+06,-1.78959e+06,-14.7193,69.8643,706506,-5122.12,503.715,-4957.86
75,2.35415e+06,6.43509e+06,-1.79455e+06,-14.7609,69.906,706518,-5124.68,497.273,-4955.84
76,2.34902e+06,6.43558e+06,-1.7995e+06,-14.8026,69.9476,706530,-5127.23,490.831,-4953.82
77,2.34389e+06,6.43607e+06,-1.80445e+06,-14.8442,69.9893,706542,-5129.78,484.388,-4951.79
78,2.33876e+06,6.43655e+06,-1.8094e+06,-14.8858,70.031,706553,-5132.33,477.945,-4949.75
79,2.33363e+06,6.43703e+06,-1.81435e+06,-14.9274,70.0728,706565,-5134.87,471.502,-4947.71
80,2.32849e+06,6.43749e+06,-1.8193e+06,-14.9691,70.1145,706577,-5137.41,465.059,-4945.67
81,2.32336e+06,6.43796e+06,-1.82424e+06,-15.0107,70.1563,706589,-5139.94,458.616,-4943.62
82,2.31821e+06,6.43841e+06,-1.82919e+06,-15.0522,70.1981,706601,-5142.47,452.173,-4941.56
83,2.31307e+06,6.43886e+06,-1.83413e+06,-15.0938,70.2399,706612,-5144.99,445.73,-4939.5
84,2.30792e+06,6.4393e+06,-1.83907e+06,-15.1354,70.2817,706624,-5147.5,439.286,-4937.43
85,2.30278e+06,6.43974e+06,-1.844e+06,-15.1769,70.3235,706636,-5150.02,432.843,-4935.36
86,2.29762e+06,6.44017e+06,-1.84894e+06,-15.2185,70.3654,706648,-5152.52,426.399,-4933.28
87,2.29247e+06,6.44059e+06,-1.85387e+06,-15.26,70.4073,706660,-5155.03,419.955,-4931.2
88,2.28731e+06,6.44101e+06,-1.8588e+06,-15.3016,70.4492,706672,-5157.52,413.511,-4929.11
89,2.28216e+06,6.44142e+06,-1.86373e+06,-15.3431,70.4911,706684,-5160.02,407.068,-4927.02
90,2.27699e+06,6.44182e+06,-1.86865e+06,-15.3846,70.533,706696,-5162.5,400.624,-4924.92
91,2.27183e+06,6.44222e+06,-1.87358e+06,-15.4261,70.5749,706708,-5164.99,394.18,-4922.81
92,2.26666e+06,6.44261e+06,-1.8785e+06,-15.4676,70.6169,706719,-5167.46,387.736,-4920.7
93,2.2615e+06,6.443e+06,-1.88342e+06,-15.5091,70.6589,706731,-5169.94,381.292,-4918.58
94,2.25632e+06,6.44337e+06,-1.88834e+06,-15.5505,70.7009,706743,-5172.41,374.847,-4916.46
95,2.25115e+06,6.44375e+06,-1.89325e+06,-15.592,70.7429,706755,-5174.87,368.403,-4914.33
96,2.24597e+06,6.44411e+06,-1.89816e+06,-15.6335,70.785,706767,-5177.33,361.959,-4912.2
97,2.2408e+06,6.44447e+06,-1.90308e+06,-15.6749,70.827,706779,-5179.78,355.515,-4910.06
98,2.23562e+06,6.44482e+06,-1.90798e+06,-15.7163,70.8691,706791,-5182.23,349.071,-4907.91
99,2.23043e+06,6.44517e+06,-1.91289e+06,-15.7578,70.9112,706803,-5184.68,342.627,-4905.76
100,2.22525e+06,6.44551e+06,-1.9178e+06,-15.7992,70.9533,706816,-5187.12,336.182,-4903.61
101,2.22006e+06,6.44584e+06,-1.9227e+06,-15.8406,70.9954,706828,-5189.55,329.738,-4901.45
102,2.21487e+06,6.44617e+06,-1.9276e+06,-15.882,71.0376,706840,-5191.98,323.294,-4899.28
103,2.20967e+06,6.44649e+06,-1.9325e+06,-15.9233,71.0797,706852,-5194.4,316.85,-4897.11
104,2.20448e+06,6.4468e+06,-1.93739e+06,-15.9647,71.1219,706864,-5196.82,310.406,-4894.93
105,2.19928e+06,6.44711e+06,-1.94229e+06,-16.0061,71.1641,706876,-5199.24,303.962,-4892.75
106,2.19408e+06,6.44741e+06,-1.94718e+06,-16.0474,71.2063,706888,-5201.65,297.518,-4890.56
107,2.18888e+06,6.4477e+06,-1.95207e+06,-16.0888,71.2486,706900,-5204.05,291.074,-4888.36
108,2.18367e+06,6.44799e+06,-1.95695e+06,-16.1301,71.2909,706912,-5206.46,284.63,-4886.16
109,2.17846e+06,6.44827e+06,-1.96184e+06,-16.1714,71.3331,706925,-5208.85,278.186,-4883.96
110,2.17325e+06,6.44855e+06,-1.96672e+06,-16.2127,71.3754,706937,-5211.24,271.742,-4881.75
111,2.16804e+06,6.44882e+06,-1.9716e+06,-16.254,71.4178,706949,-5213.63,265.298,-4879.53
112,2.16283e+06,6.44908e+06,-1.97648e+06,-16.2953,71.4601,706961,-5216.01,258.855,-4877.31
113,2.15761e+06,6.44933e+06,-1.98136e+06,-16.3366,71.5025,706973,-5218.38,252.411,-4875.08
114,2.15239e+06,6.44958e+06,-1.98623e+06,-16.3779,71.5448,706985,-5220.75,245.968,-4872.85
115,2.14717e+06,6.44983e+06,-1.9911e+06,-16.4191,71.5872,706998,-5223.12,239.524,-4870.61
116,2.14194e+06,6.45006e+06,-1.99597e+06,-16.4604,71.6296,707010,-5225.48,233.081,-4868.37
117,2.13672e+06,6.45029e+06,-2.00084e+06,-16.5016,71.6721,707022,-5227.84,226.638,-4866.12
118,2.13149e+06,6.45051e+06,-2.00571e+06,-16.5428,71.7145,707034,-5230.19,220.195,-4863.87
119,2.12626e+06,6.45073e+06,-2.01057e+06,-16.584,71.757,707047,-5232.54,213.752,-4861.61
120,2.12102e+06,6.45094e+06,-2.01543e+06,-16.6252,71.7995,707059,-5234.88,207.309,-4859.34
121,2.11579e+06,6.45115e+06,-2.02029e+06,-16.6664,71.842,707071,-5237.21,200.867,-4857.07
122,2.11055e+06,6.45134e+06,-2.02514e+06,-16.7076,71.8846,707084,-5239.55,194.424,-4854.79
123,2.10531e+06,6.45154e+06,-2.03e+06,-16.7488,71.9271,707096,-5241.87,187.982,-4852.51
124,2.10006e+06,6.45172e+06,-2.03485e+06,-16.7899,71.9697,707108,-5244.19,181.54,-4850.23
125,2.09482e+06,6.4519e+06,-2.0397e+06,-16.8311,72.0123,707121,-5246.51,175.098,-4847.93
126,2.08957e+06,6.45207e+06,-2.04454e+06,-16.8722,72.0549,707133,-5248.82,168.656,-4845.64
127,2.08432e+06,6.45224e+06,-2.04939e+06,-16.9134,72.0975,707145,-5251.13,162.214,-4843.33
128,2.07907e+06,6.45239e+06,-2.05423e+06,-16.9545,72.1402,707158,-5253.43,155.773,-4841.02
129,2.07382e+06,6.45255e+06,-2.05907e+06,-16.9956,72.1829,707170,-5255.73,149.332,-4838.71
130,2.06856e+06,6.45269e+06,-2.06391e+06,-17.0367,72.2256,707182,-5258.02,142.891,-4836.39
131,2.0633e+06,6.45283e+06,-2.06874e+06,-17.0778,72.2683,707195,-5260.31,136.45,-4834.06
132,2.05804e+06,6.45297e+06,-2.07358e+06,-17.1188,72.311,707207,-5262.59,130.009,-4831.73
133,2.05277e+06,6.45309e+06,-2.07841e+06,-17.1599,72.3538,707220,-5264.87,123.569,-4829.4
134,2.04751e+06,6.45321e+06,-2.08323e+06,-17.201,72.3965,707232,-5267.14,117.129,-4827.06
135,2.04224e+06,6.45333e+06,-2.08806e+06,-17.242,72.4393,707245,-5269.41,110.689,-4824.71
136,2.03697e+06,6.45343e+06,-2.09288e+06,-17.283,72.4822,707257,-5271.67,104.249,-4822.36
137,2.0317e+06,6.45354e+06,-2.09771e+06,-17.324,72.525,707270,-5273.93,97.8094,-4820
138,2.02642e+06,6.45363e+06,-2.10252e+06,-17.365,72.5679,707282,-5276.18,91.3702,-4817.64
139,2.02114e+06,6.45372e+06,-2.10734e+06,-17.406,72.6107,707295,-5278.43,84.9312,-4815.27
140,2.01586e+06,6.4538e+06,-2.11215e+06,-17.447,72.6536,707307,-5280.67,78.4925,-4812.89
141,2.01058e+06,6.45388e+06,-2.11697e+06,-17.488,72.6966,707320,-5282.91,72.0541,-4810.51
142,2.0053e+06,6.45394e+06,-2.12178e+06,-17.529,72.7395,707332,-5285.14,65.6159,-4808.13
143,2.00001e+06,6.45401e+06,-2.12658e+06,-17.5699,72.7825,707345,-5287.37,59.178,-4805.74
144,1.99472e+06,6.45406e+06,-2.13139e+06,-17.6108,72.8255,707357,-5289.59,52.7404,-4803.34
145,1.98943e+06,6.45411e+06,-2.13619e+06,-17.6518,72.8685,707370,-5291.81,46.3031,-4800.94
146,1.98414e+06,6.45416e+06,-2.14099e+06,-17.6927,72.9115,707382,-5294.02,39.8662,-4798.54
147,1.97885e+06,6.45419e+06,-2.14579e+06,-17.7336,72.9545,707395,-5296.23,33.4295,-4796.12
148,1.97355e+06,6.45422e+06,-2.15058e+06,-17.7745,72.9976,707408,-5298.44,26.9931,-4793.71
149,1.96825e+06,6.45425e+06,-2.15537e+06,-17.8154,73.0407,707420,-5300.63,20.5571,-4791.28
150,1.96295e+06,6.45426e+06,-2.16016e+06,-17.8562,73.0838,707433,-5302.83,14.1213,-4788.86
151,1.95764e+06,6.45427e+06,-2.16495e+06,-17.8971,73.127,707445,-5305.01,7.68595,-4786.42
152,1.95234e+06,6.45428e+06,-2.16974e+06,-17.9379,73.1701,707458,-5307.2,1.25091,-4783.98
153,1.94703e+06,6.45428e+06,-2.17452e+06,-17.9788,73.2133,707471,-5309.37,-5.18379,-4781.54
154,1.94172e+06,6.45427e+06,-2.1793e+06,-18.0196,73.2565,707483,-5311.55,-11.6181,-4779.09
155,1.93641e+06,6.45425e+06,-2.18408e+06,-18.0604,73.2997,707496,-5313.72,-18.0521,-4776.64
156,1.93109e+06,6.45423e+06,-2.18885e+06,-18.1012,73.3429,707509,-5315.88,-24.4857,-4774.18
157,1.92577e+06,6.4542e+06,-2.19363e+06,-18.142,73.3862,707521,-5318.04,-30.919,-4771.71
158,1.92045e+06,6.45417e+06,-2.1984e+06,-18.1828,73.4295,707534,-5320.19,-37.3518,-4769.24
159,1.91513e+06,6.45413e+06,-2.20316e+06,-18.2235,73.4728,707547,-5322.34,-43.7843,-4766.76
160,1.90981e+06,6.45408e+06,-2.20793e+06,-18.2643,73.5161,707559,-5324.48,-50.2164,-4764.28
161,1.90448e+06,6.45403e+06,-2.21269e+06,-18.305,73.5595,707572,-5326.62,-56.648,-4761.79
162,1.89916e+06,6.45397e+06,-2.21745e+06,-18.3457,73.6029,707585,-5328.75,-63.0793,-4759.3
163,1.89383e+06,6.4539e+06,-2.22221e+06,-18.3864,73.6463,707598,-5330.88,-69.5102,-4756.8
164,1.88849e+06,6.45383e+06,-2.22697e+06,-18.4271,73.6897,707610,-5333,-75.9406,-4754.3
165,1.88316e+06,6.45375e+06,-2.23172e+06,-18.4678,73.7331,707623,-5335.12,-82.3706,-4751.79
166,1.87782e+06,6.45367e+06,-2.23647e+06,-18.5085,73.7766,707636,-5337.23,-88.8002,-4749.28
167,1.87249e+06,6.45357e+06,-2.24122e+06,-18.5492,73.8201,707649,-5339.34,-95.2294,-4746.76
168,1.86715e+06,6.45348e+06,-2.24596e+06,-18.5898,73.8636,707662,-5341.44,-101.658,-4744.24
169,1.8618e+06,6.45337e+06,-2.25071e+06,-18.6305,73.9071,707674,-5343.54,-108.086,-4741.71
170,1.85646e+06,6.45326e+06,-2.25545e+06,-18.6711,73.9507,707687,-5345.63,-114.514,-4739.17
171,1.85111e+06,6.45314e+06,-2.26019e+06,-18.7117,73.9942,707700,-5347.72,-120.941,-4736.63
172,1.84576e+06,6.45302e+06,-2.26492e+06,-18.7523,74.0378,707713,-5349.8,-127.368,-4734.09
173,1.84041e+06,6.45289e+06,-2.26965e+06,-18.7929,74.0814,707726,-5351.88,-133.795,-4731.53
174,1.83506e+06,6.45275e+06,-2.27438e+06,-18.8335,74.1251,707738,-5353.95,-140.221,-4728.98
175,1.8297e+06,6.45261e+06,-2.27911e+06,-18.8741,74.1688,707751,-5356.02,-146.646,-4726.42
176,1.82435e+06,6.45246e+06,-2.28384e+06,-18.9146,74.2124,707764,-5358.08,-153.071,-4723.85
177,1.81899e+06,6.4523e+06,-2.28856e+06,-18.9551,74.2562,707777,-5360.14,-159.495,-4721.28
178,1.81363e+06,6.45214e+06,-2.29328e+06,-18.9957,74.2999,707790,-5362.19,-165.919,-4718.7
179,1.80826e+06,6.45197e+06,-2.298e+06,-19.0362,74.3436,707803,-5364.24,-172.343,-4716.12
180,1.8029e+06,6.45179e+06,-2.30271e+06,-19.0767,74.3874,707816,-5366.28,-178.765,-4713.53
181,1.79753e+06,6.45161e+06,-2.30742e+06,-19.1172,74.4312,707829,-5368.32,-185.188,-4710.94
182,1.79216e+06,6.45142e+06,-2.31213e+06,-19.1577,74.4751,707842,-5370.35,-191.61,-4708.34
183,1.78679e+06,6.45123e+06,-2.31684e+06,-19.1981,74.5189,707855,-5372.38,-198.031,-4705.73
184,1.78142e+06,6.45103e+06,-2.32154e+06,-19.2386,74.5628,707867,-5374.4,-204.451,-4703.12
185,1.77604e+06,6.45082e+06,-2.32625e+06,-19.279,74.6067,707880,-5376.41,-210.872,-4700.51
186,1.77066e+06,6.4506e+06,-2.33095e+06,-19.3194,74.6506,707893,-5378.43,-217.291,-4697.89
187,1.76529e+06,6.45038e+06,-2.33564e+06,-19.3599,74.6945,707906,-5380.43,-223.71,-4695.27
188,1.7599e+06,6.45016e+06,-2.34034e+06,-19.4003,74.7385,707919,-5382.43,-230.129,-4692.64
189,1.75452e+06,6.44992e+06,-2.34503e+06,-19.4406,74.7825,707932,-5384.43,-236.547,-4690
190,1.74914e+06,6.44968e+06,-2.34972e+06,-19.481,74.8265,707945,-5386.42,-242.964,-4687.36
191,1.74375e+06,6.44944e+06,-2.3544e+06,-19.5214,74.8706,707958,-5388.41,-249.381,-4684.71
192,1.73836e+06,6.44919e+06,-2.35909e+06,-19.5617,74.9146,707971,-5390.39,-255.797,-4682.06
193,1.73297e+06,6.44893e+06,-2.36377e+06,-19.6021,74.9587,707984,-5392.36,-262.212,-4679.4
194,1.72757e+06,6.44866e+06,-2.36844e+06,-19.6424,75.0028,707997,-5394.34,-268.627,-4676.74
195,1.72218e+06,6.44839e+06,-2.37312e+06,-19.6827,75.047,708010,-5396.3,-275.041,-4674.08
196,1.71678e+06,6.44811e+06,-2.37779e+06,-19.723,75.0911,708023,-5398.26,-281.455,-4671.4
197,1.71138e+06,6.44783e+06,-2.38246e+06,-19.7633,75.1353,708037,-5400.22,-287.868,-4668.73
198,1.70598e+06,6.44753e+06,-2.38713e+06,-19.8035,75.1795,708050,-5402.17,-294.28,-4666.04
199,1.70058e+06,6.44724e+06,-2.3918e+06,-19.8438,75.2237,708063,-5404.11,-300.692,-4663.36
