0,6.86806e+06,994092,-1.41758e+06,-11.6133,8.23587,705664,321.737,5005.81,5091.53
1,6.86838e+06,999098,-1.41249e+06,-11.571,8.27639,705653,314.791,5004.65,5093.12
2,6.86869e+06,1.0041e+06,-1.4074e+06,-11.5288,8.31689,705642,307.844,5003.48,5094.71
3,6.86899e+06,1.0091e+06,-1.4023e+06,-11.4865,8.35738,705632,300.897,5002.31,5096.29
4,6.86929e+06,1.01411e+06,-1.39721e+06,-11.4442,8.39786,705621,293.949,5001.14,5097.87
5,6.86958e+06,1.01911e+06,-1.39211e+06,-11.4019,8.43832,705611,287.001,4999.96,5099.44
6,6.86987e+06,1.02411e+06,-1.38701e+06,-11.3596,8.47877,705600,280.052,4998.78,5101
7,6.87014e+06,1.0291e+06,-1.38191e+06,-11.3173,8.51921,705589,273.103,4997.59,5102.56
8,6.87041e+06,1.0341e+06,-1.3768e+06,-11.275,8.55963,705579,266.153,4996.4,5104.11
9,6.87067e+06,1.0391e+06,-1.3717e+06,-11.2326,8.60004,705568,259.203,4995.2,5105.66
10,6.87093e+06,1.04409e+06,-1.36659e+06,-11.1903,8.64044,705558,252.252,4994,5107.2
11,6.87118e+06,1.04909e+06,-1.36148e+06,-11.148,8.68083,705547,245.301,4992.79,5108.74
12,6.87142e+06,1.05408e+06,-1.35637e+06,-11.1056,8.7212,705537,238.349,4991.58,5110.27
13,6.87166e+06,1.05907e+06,-1.35126e+06,-11.0633,8.76156,705526,231.397,4990.37,5111.79
14,6.87188e+06,1.06406e+06,-1.34615e+06,-11.0209,8.80191,705516,224.444,4989.15,5113.31
15,6.8721e+06,1.06905e+06,-1.34104e+06,-10.9786,8.84224,705505,217.491,4987.92,5114.82
16,6.87232e+06,1.07403e+06,-1.33592e+06,-10.9362,8.88256,705495,210.537,4986.69,5116.33
17,6.87253e+06,1.07902e+06,-1.3308e+06,-10.8938,8.92287,705485,203.583,4985.46,5117.83
18,6.87273e+06,1.084e+06,-1.32568e+06,-10.8514,8.96317,705474,196.629,4984.22,5119.33
19,6.87292e+06,1.08899e+06,-1.32056e+06,-10.809,9.00346,705464,189.674,4982.98,5120.82
20,6.87311e+06,1.09397e+06,-1.31544e+06,-10.7666,9.04373,705454,182.719,4981.73,5122.3
21,6.87328e+06,1.09895e+06,-1.31032e+06,-10.7242,9.08399,705443,175.763,4980.48,5123.78
22,6.87346e+06,1.10393e+06,-1.30519e+06,-10.6818,9.12424,705433,168.807,4979.23,5125.25
23,6.87362e+06,1.10891e+06,-1.30007e+06,-10.6394,9.16447,705423,161.85,4977.97,5126.72
24,6.87378e+06,1.11389e+06,-1.29494e+06,-10.597,9.2047,705412,154.893,4976.7,5128.18
25,6.87393e+06,1.11886e+06,-1.28981e+06,-10.5546,9.24491,705402,147.936,4975.43,5129.64
26,6.87408e+06,1.12384e+06,-1.28468e+06,-10.5121,9.28511,705392,140.978,4974.16,5131.09
27,6.87421e+06,1.12881e+06,-1.27955e+06,-10.4697,9.32529,705382,134.02,4972.88,5132.53
28,6.87434e+06,1.13378e+06,-1.27442e+06,-10.4272,9.36547,705371,127.062,4971.59,5133.97
29,6.87447e+06,1.13876e+06,-1.26928e+06,-10.3848,9.40563,705361,120.103,4970.31,5135.4
30,6.87458e+06,1.14372e+06,-1.26415e+06,-10.3423,9.44578,705351,113.144,4969.01,5136.83
31,6.87469e+06,1.14869e+06,-1.25901e+06,-10.2998,9.48592,705341,106.184,4967.72,5138.25
32,6.8748e+06,1.15366e+06,-1.25387e+06,-10.2574,9.52605,705331,99.2244,4966.41,5139.66
33,6.87489e+06,1.15863e+06,-1.24873e+06,-10.2149,9.56617,705320,92.2643,4965.11,5141.07
34,6.87498e+06,1.16359e+06,-1.24359e+06,-10.1724,9.60627,705310,85.3038,4963.8,5142.47
35,6.87506e+06,1.16855e+06,-1.23844e+06,-10.1299,9.64637,705300,78.343,4962.48,5143.87
36,6.87514e+06,1.17352e+06,-1.2333e+06,-10.0874,9.68645,705290,71.3819,4961.16,5145.26
37,6.87521e+06,1.17848e+06,-1.22815e+06,-10.0449,9.72652,705280,64.4205,4959.84,5146.65
38,6.87527e+06,1.18344e+06,-1.22301e+06,-10.0024,9.76658,705270,57.4588,4958.51,5148.03
39,6.87532e+06,1.18839e+06,-1.21786e+06,-9.95987,9.80663,705260,50.4968,4957.17,5149.4
40,6.87537e+06,1.19335e+06,-1.21271e+06,-9.91735,9.84666,705250,43.5345,4955.84,5150.77
41,6.87541e+06,1.1983e+06,-1.20756e+06,-9.87482,9.88669,705240,36.572,4954.49,5152.13
42,6.87544e+06,1.20326e+06,-1.2024e+06,-9.83229,9.9267,705230,29.6092,4953.15,5153.49
43,6.87547e+06,1.20821e+06,-1.19725e+06,-9.78975,9.9667,705220,22.6461,4951.8,5154.84
44,6.87549e+06,1.21316e+06,-1.19209e+06,-9.7472,10.0067,705210,15.6828,4950.44,5156.19
45,6.8755e+06,1.21811e+06,-1.18694e+06,-9.70465,10.0467,705200,8.71924,4949.08,5157.53
46,6.8755e+06,1.22306e+06,-1.18178e+06,-9.66209,10.0866,705190,1.75544,4947.71,5158.86
47,6.8755e+06,1.22801e+06,-1.17662e+06,-9.61952,10.1266,705180,-5.20858,4946.34,5160.19
48,6.87549e+06,1.23295e+06,-1.17146e+06,-9.57695,10.1665,705170,-12.1728,4944.97,5161.51
49,6.87548e+06,1.2379e+06,-1.1663e+06,-9.53438,10.2065,705161,-19.1373,4943.59,5162.83
50,6.87545e+06,1.24284e+06,-1.16113e+06,-9.49179,10.2464,705151,-26.102,4942.21,5164.14
51,6.87543e+06,1.24778e+06,-1.15597e+06,-9.44921,10.2863,705141,-33.0668,4940.82,5165.44
52,6.87539e+06,1.25272e+06,-1.1508e+06,-9.40661,10.3262,705131,-40.0319,4939.43,5166.74
53,6.87535e+06,1.25766e+06,-1.14563e+06,-9.36401,10.3661,705121,-46.9971,4938.03,5168.03
54,6.87529e+06,1.2626e+06,-1.14047e+06,-9.32141,10.406,705111,-53.9625,4936.63,5169.32
55,6.87524e+06,1.26753e+06,-1.1353e+06,-9.2788,10.4459,705102,-60.9281,4935.22,5170.6
56,6.87517e+06,1.27247e+06,-1.13012e+06,-9.23618,10.4857,705092,-67.8939,4933.81,5171.88
57,6.8751e+06,1.2774e+06,-1.12495e+06,-9.19356,10.5256,705082,-74.8598,4932.4,5173.15
58,6.87502e+06,1.28233e+06,-1.11978e+06,-9.15093,10.5654,705072,-81.8259,4930.98,5174.41
59,6.87494e+06,1.28726e+06,-1.1146e+06,-9.1083,10.6053,705063,-88.7921,4929.56,5175.67
60,6.87485e+06,1.29219e+06,-1.10943e+06,-9.06566,10.6451,705053,-95.7584,4928.13,5176.92
61,6.87475e+06,1.29712e+06,-1.10425e+06,-9.02302,10.6849,705043,-102.725,4926.69,5178.17
62,6.87464e+06,1.30205e+06,-1.09907e+06,-8.98037,10.7247,705034,-109.692,4925.26,5179.41
63,6.87453e+06,1.30697e+06,-1.09389e+06,-8.93772,10.7645,705024,-116.658,4923.82,5180.64
64,6.87441e+06,1.31189e+06,-1.08871e+06,-8.89506,10.8043,705015,-123.625,4922.37,5181.87
65,6.87428e+06,1.31681e+06,-1.08353e+06,-8.85239,10.844,705005,-130.592,4920.92,5183.1
66,6.87415e+06,1.32173e+06,-1.07834e+06,-8.80972,10.8838,704995,-137.559,4919.46,5184.31
67,6.874e+06,1.32665e+06,-1.07316e+06,-8.76705,10.9235,704986,-144.526,4918,5185.52
68,6.87386e+06,1.33157e+06,-1.06797e+06,-8.72436,10.9633,704976,-151.493,4916.54,5186.73
69,6.8737e+06,1.33649e+06,-1.06278e+06,-8.68168,11.003,704967,-158.461,4915.07,5187.93
70,6.87354e+06,1.3414e+06,-1.0576e+06,-8.63899,11.0427,704957,-165.428,4913.6,5189.12
71,6.87337e+06,1.34631e+06,-1.05241e+06,-8.59629,11.0824,704948,-172.395,4912.12,5190.31
72,6.87319e+06,1.35123e+06,-1.04722e+06,-8.55359,11.1221,704938,-179.363,4910.64,5191.49
73,6.87301e+06,1.35613e+06,-1.04202e+06,-8.51088,11.1618,704929,-186.33,4909.15,5192.67
74,6.87282e+06,1.36104e+06,-1.03683e+06,-8.46817,11.2015,704919,-193.298,4907.66,5193.84
75,6.87263e+06,1.36595e+06,-1.03164e+06,-8.42545,11.2412,704910,-200.265,4906.16,5195.01
76,6.87242e+06,1.37086e+06,-1.02644e+06,-8.38273,11.2808,704901,-207.233,4904.66,5196.16
77,6.87221e+06,1.37576e+06,-1.02124e+06,-8.34,11.3205,704891,-214.2,4903.16,5197.32
78,6.87199e+06,1.38066e+06,-1.01605e+06,-8.29727,11.3601,704882,-221.168,4901.65,5198.46
79,6.87177e+06,1.38556e+06,-1.01085e+06,-8.25453,11.3998,704872,-228.135,4900.14,5199.61
80,6.87154e+06,1.39046e+06,-1.00565e+06,-8.21179,11.4394,704863,-235.103,4898.62,5200.74
81,6.8713e+06,1.39536e+06,-1.00045e+06,-8.16904,11.479,704854,-242.07,4897.1,5201.87
82,6.87105e+06,1.40026e+06,-995243,-8.12629,11.5186,704845,-249.038,4895.57,5203
83,6.8708e+06,1.40515e+06,-990039,-8.08354,11.5582,704835,-256.005,4894.04,5204.11
84,6.87054e+06,1.41004e+06,-984835,-8.04077,11.5978,704826,-262.973,4892.5,5205.23
85,6.87027e+06,1.41494e+06,-979629,-7.99801,11.6374,704817,-269.94,4890.96,5206.33
86,6.87e+06,1.41983e+06,-974422,-7.95524,11.6769,704808,-276.908,4889.42,5207.43
87,6.86972e+06,1.42471e+06,-969214,-7.91246,11.7165,704798,-283.875,4887.87,5208.53
88,6.86943e+06,1.4296e+06,-964005,-7.86968,11.7561,704789,-290.842,4886.32,5209.61
89,6.86914e+06,1.43449e+06,-958795,-7.82689,11.7956,704780,-297.809,4884.76,5210.7
90,6.86884e+06,1.43937e+06,-953583,-7.7841,11.8351,704771,-304.777,4883.19,5211.77
91,6.86853e+06,1.44425e+06,-948371,-7.74131,11.8747,704762,-311.744,4881.63,5212.85
92,6.86821e+06,1.44913e+06,-943158,-7.69851,11.9142,704753,-318.71,4880.06,5213.91
93,6.86789e+06,1.45401e+06,-937943,-7.65571,11.9537,704743,-325.677,4878.48,5214.97
94,6.86756e+06,1.45889e+06,-932728,-7.6129,11.9932,704734,-332.644,4876.9,5216.02
95,6.86723e+06,1.46377e+06,-927511,-7.57008,12.0327,704725,-339.611,4875.32,5217.07
96,6.86688e+06,1.46864e+06,-922294,-7.52727,12.0722,704716,-346.577,4873.73,5218.11
97,6.86653e+06,1.47352e+06,-917075,-7.48444,12.1116,704707,-353.543,4872.13,5219.15
98,6.86618e+06,1.47839e+06,-911855,-7.44162,12.1511,704698,-360.51,4870.53,5220.18
99,6.86581e+06,1.48326e+06,-906635,-7.39879,12.1906,704689,-367.476,4868.93,5221.2
100,6.86544e+06,1.48812e+06,-901413,-7.35595,12.23,704680,-374.441,4867.33,5222.22
101,6.86506e+06,1.49299e+06,-896190,-7.31311,12.2694,704671,-381.407,4865.71,5223.23
102,6.86468e+06,1.49786e+06,-890967,-7.27027,12.3089,704662,-388.373,4864.1,5224.24
103,6.86429e+06,1.50272e+06,-885742,-7.22742,12.3483,704653,-395.338,4862.48,5225.24
104,6.86389e+06,1.50758e+06,-880516,-7.18456,12.3877,704645,-402.303,4860.85,5226.23
105,6.86348e+06,1.51244e+06,-875289,-7.14171,12.4271,704636,-409.268,4859.22,5227.22
106,6.86307e+06,1.5173e+06,-870062,-7.09885,12.4665,704627,-416.233,4857.59,5228.21
107,6.86265e+06,1.52216e+06,-864833,-7.05598,12.5059,704618,-423.198,4855.95,5229.18
108,6.86222e+06,1.52701e+06,-859603,-7.01311,12.5453,704609,-430.162,4854.31,5230.15
109,6.86179e+06,1.53186e+06,-854373,-6.97024,12.5847,704600,-437.127,4852.66,5231.12
110,6.86135e+06,1.53672e+06,-849141,-6.92736,12.624,704592,-444.091,4851.01,5232.08
111,6.8609e+06,1.54157e+06,-843908,-6.88447,12.6634,704583,-451.054,4849.36,5233.03
112,6.86045e+06,1.54642e+06,-838675,-6.84159,12.7028,704574,-458.018,4847.7,5233.98
113,6.85998e+06,1.55126e+06,-833441,-6.7987,12.7421,704565,-464.981,4846.03,5234.92
114,6.85952e+06,1.55611e+06,-828205,-6.7558,12.7814,704557,-471.944,4844.36,5235.86
115,6.85904e+06,1.56095e+06,-822969,-6.7129,12.8208,704548,-478.907,4842.69,5236.79
116,6.85856e+06,1.56579e+06,-817732,-6.67,12.8601,704539,-485.87,4841.01,5237.71
117,6.85807e+06,1.57063e+06,-812493,-6.62709,12.8994,704531,-492.832,4839.33,5238.63
118,6.85757e+06,1.57547e+06,-807254,-6.58418,12.9387,704522,-499.794,4837.64,5239.54
119,6.85707e+06,1.58031e+06,-802014,-6.54127,12.978,704513,-506.755,4835.95,5240.45
120,6.85656e+06,1.58514e+06,-796773,-6.49835,13.0173,704505,-513.717,4834.26,5241.35
121,6.85604e+06,1.58998e+06,-791532,-6.45543,13.0566,704496,-520.678,4832.56,5242.24
122,6.85552e+06,1.59481e+06,-786289,-6.4125,13.0959,704488,-527.639,4830.86,5243.13
123,6.85499e+06,1.59964e+06,-781045,-6.36957,13.1351,704479,-534.599,4829.15,5244.01
124,6.85445e+06,1.60447e+06,-775801,-6.32664,13.1744,704470,-541.559,4827.43,5244.89
125,6.8539e+06,1.60929e+06,-770556,-6.2837,13.2137,704462,-548.519,4825.72,5245.76
126,6.85335e+06,1.61412e+06,-765309,-6.24076,13.2529,704453,-555.478,4824,5246.63
127,6.85279e+06,1.61894e+06,-760062,-6.19781,13.2922,704445,-562.437,4822.27,5247.49
128,6.85223e+06,1.62376e+06,-754814,-6.15486,13.3314,704437,-569.396,4820.54,5248.34
129,6.85165e+06,1.62858e+06,-749566,-6.11191,13.3706,704428,-576.355,4818.8,5249.19
130,6.85107e+06,1.6334e+06,-744316,-6.06896,13.4098,704420,-583.313,4817.07,5250.03
131,6.85049e+06,1.63822e+06,-739066,-6.026,13.4491,704411,-590.27,4815.32,5250.86
132,6.84989e+06,1.64303e+06,-733814,-5.98303,13.4883,704403,-597.228,4813.57,5251.69
133,6.84929e+06,1.64784e+06,-728562,-5.94007,13.5275,704395,-604.184,4811.82,5252.52
134,6.84869e+06,1.65265e+06,-723309,-5.89709,13.5667,704386,-611.141,4810.06,5253.33
135,6.84807e+06,1.65746e+06,-718056,-5.85412,13.6059,704378,-618.097,4808.3,5254.15
136,6.84745e+06,1.66227e+06,-712801,-5.81114,13.645,704370,-625.053,4806.54,5254.95
137,6.84682e+06,1.66708e+06,-707546,-5.76816,13.6842,704361,-632.008,4804.77,5255.75
138,6.84619e+06,1.67188e+06,-702289,-5.72518,13.7234,704353,-638.963,4802.99,5256.55
139,6.84554e+06,1.67668e+06,-697033,-5.68219,13.7625,704345,-645.917,4801.22,5257.33
140,6.84489e+06,1.68148e+06,-691775,-5.6392,13.8017,704337,-652.871,4799.43,5258.12
141,6.84424e+06,1.68628e+06,-686516,-5.5962,13.8409,704328,-659.825,4797.65,5258.89
142,6.84357e+06,1.69108e+06,-681257,-5.55321,13.88,704320,-666.778,4795.86,5259.66
143,6.8429e+06,1.69587e+06,-675997,-5.51021,13.9191,704312,-673.73,4794.06,5260.43
144,6.84223e+06,1.70067e+06,-670736,-5.4672,13.9583,704304,-680.683,4792.26,5261.19
145,6.84154e+06,1.70546e+06,-665475,-5.42419,13.9974,704296,-687.634,4790.45,5261.94
146,6.84085e+06,1.71025e+06,-660212,-5.38118,14.0365,704288,-694.585,4788.65,5262.69
147,6.84015e+06,1.71503e+06,-654949,-5.33817,14.0756,704280,-701.536,4786.83,5263.43
148,6.83945e+06,1.71982e+06,-649685,-5.29515,14.1147,704271,-708.486,4785.01,5264.16
149,6.83874e+06,1.7246e+06,-644421,-5.25213,14.1538,704263,-715.436,4783.19,5264.89
150,6.83802e+06,1.72939e+06,-639156,-5.20911,14.1929,704255,-722.385,4781.37,5265.61
151,6.83729e+06,1.73417e+06,-633890,-5.16608,14.232,704247,-729.334,4779.54,5266.33
152,6.83656e+06,1.73895e+06,-628623,-5.12305,14.2711,704239,-736.282,4777.7,5267.04
153,6.83582e+06,1.74372e+06,-623356,-5.08002,14.3102,704231,-743.23,4775.86,5267.75
154,6.83507e+06,1.7485e+06,-618088,-5.03698,14.3493,704223,-750.177,4774.02,5268.45
155,6.83432e+06,1.75327e+06,-612819,-4.99394,14.3883,704215,-757.123,4772.17,5269.14
156,6.83356e+06,1.75804e+06,-607549,-4.9509,14.4274,704208,-764.069,4770.32,5269.83
157,6.83279e+06,1.76281e+06,-602279,-4.90786,14.4664,704200,-771.015,4768.46,5270.51
158,6.83202e+06,1.76758e+06,-597008,-4.86481,14.5055,704192,-777.959,4766.6,5271.18
159,6.83123e+06,1.77234e+06,-591737,-4.82176,14.5445,704184,-784.904,4764.74,5271.85
160,6.83045e+06,1.77711e+06,-586465,-4.7787,14.5836,704176,-791.847,4762.87,5272.52
161,6.82965e+06,1.78187e+06,-581192,-4.73565,14.6226,704168,-798.79,4760.99,5273.17
162,6.82885e+06,1.78663e+06,-575918,-4.69259,14.6617,704160,-805.733,4759.11,5273.83
163,6.82804e+06,1.79139e+06,-570644,-4.64953,14.7007,704153,-812.675,4757.23,5274.47
164,6.82722e+06,1.79614e+06,-565369,-4.60646,14.7397,704145,-819.616,4755.34,5275.11
165,6.8264e+06,1.8009e+06,-560094,-4.56339,14.7787,704137,-826.557,4753.45,5275.75
166,6.82557e+06,1.80565e+06,-554818,-4.52032,14.8177,704129,-833.497,4751.56,5276.37
167,6.82473e+06,1.8104e+06,-549541,-4.47725,14.8567,704122,-840.436,4749.66,5277
168,6.82389e+06,1.81515e+06,-544264,-4.43418,14.8957,704114,-847.375,4747.75,5277.61
169,6.82304e+06,1.8199e+06,-538986,-4.3911,14.9347,704106,-854.313,4745.85,5278.22
170,6.82218e+06,1.82464e+06,-533707,-4.34802,14.9737,704099,-861.251,4743.93,5278.83
171,6.82132e+06,1.82939e+06,-528428,-4.30493,15.0127,704091,-868.187,4742.02,5279.42
172,6.82044e+06,1.83413e+06,-523149,-4.26185,15.0517,704083,-875.124,4740.09,5280.02
173,6.81957e+06,1.83887e+06,-517868,-4.21876,15.0906,704076,-882.059,4738.17,5280.6
174,6.81868e+06,1.8436e+06,-512587,-4.17567,15.1296,704068,-888.994,4736.24,5281.18
175,6.81779e+06,1.84834e+06,-507306,-4.13257,15.1686,704061,-895.928,4734.3,5281.76
176,6.81689e+06,1.85307e+06,-502024,-4.08948,15.2075,704053,-902.861,4732.37,5282.33
177,6.81598e+06,1.8578e+06,-496741,-4.04638,15.2465,704046,-909.794,4730.42,5282.89
178,6.81507e+06,1.86253e+06,-491458,-4.00328,15.2855,704038,-916.726,4728.48,5283.45
179,6.81415e+06,1.86726e+06,-486174,-3.96018,15.3244,704031,-923.657,4726.53,5284
180,6.81322e+06,1.87199e+06,-480890,-3.91707,15.3634,704023,-930.588,4724.57,5284.54
181,6.81229e+06,1.87671e+06,-475605,-3.87396,15.4023,704016,-937.518,4722.61,5285.08
182,6.81135e+06,1.88143e+06,-470320,-3.83085,15.4412,704008,-944.447,4720.65,5285.61
183,6.8104e+06,1.88615e+06,-465034,-3.78774,15.4802,704001,-951.375,4718.68,5286.14
184,6.80944e+06,1.89087e+06,-459748,-3.74462,15.5191,703994,-958.303,4716.7,5286.66
185,6.80848e+06,1.89558e+06,-454461,-3.70151,15.558,703986,-965.229,4714.73,5287.18
186,6.80751e+06,1.9003e+06,-449173,-3.65839,15.5969,703979,-972.155,4712.75,5287.68
187,6.80654e+06,1.90501e+06,-443885,-3.61527,15.6358,703972,-979.081,4710.76,5288.19
188,6.80555e+06,1.90972e+06,-438597,-3.57214,15.6747,703964,-986.005,4708.77,5288.68
189,6.80456e+06,1.91443e+06,-433308,-3.52902,15.7137,703957,-992.929,4706.78,5289.18
190,6.80357e+06,1.91913e+06,-428019,-3.48589,15.7526,703950,-999.852,4704.78,5289.66
191,6.80257e+06,1.92384e+06,-422729,-3.44276,15.7915,703943,-1006.77,4702.78,5290.14
192,6.80155e+06,1.92854e+06,-417438,-3.39963,15.8304,703935,-1013.69,4700.77,5290.61
193,6.80054e+06,1.93324e+06,-412147,-3.35649,15.8692,703928,-1020.62,4698.76,5291.08
194,6.79951e+06,1.93794e+06,-406856,-3.31336,15.9081,703921,-1027.54,4696.74,5291.54
195,6.79848e+06,1.94263e+06,-401564,-3.27022,15.947,703914,-1034.45,4694.72,5292
196,6.79744e+06,1.94733e+06,-396272,-3.22708,15.9859,703907,-1041.37,4692.7,5292.45
197,6.7964e+06,1.95202e+06,-390979,-3.18394,16.0248,703900,-1048.29,4690.67,5292.89
198,6.79535e+06,1.95671e+06,-385686,-3.14079,16.0636,703893,-1055.21,4688.64,5293.33
199,6.79429e+06,1.96139e+06,-380393,-3.09765,16.1025,703885,-1062.12,4686.6,5293.76
