0,-5.38503e+06,-2.60996e+06,3.77748e+06,32.4185,-154.142,704679,566.335,-6217.74,-3478.72
1,-5.38446e+06,-2.61617e+06,3.77399e+06,32.3851,-154.086,704673,571.452,-6214.9,-3482.97
2,-5.38388e+06,-2.62239e+06,3.77051e+06,32.3516,-154.03,704667,576.57,-6212.06,-3487.22
3,-5.3833e+06,-2.6286e+06,3.76702e+06,32.3181,-153.974,704661,581.687,-6209.2,-3491.47
4,-5.38272e+06,-2.63481e+06,3.76353e+06,32.2846,-153.919,704655,586.804,-6206.34,-3495.71
5,-5.38213e+06,-2.64101e+06,3.76003e+06,32.2511,-153.863,704649,591.921,-6203.48,-3499.95
6,-5.38154e+06,-2.64721e+06,3.75653e+06,32.2175,-153.807,704643,597.037,-6200.61,-3504.19
7,-5.38094e+06,-2.65341e+06,3.75302e+06,32.1839,-153.751,704637,602.154,-6197.73,-3508.42
8,-5.38033e+06,-2.65961e+06,3.74951e+06,32.1502,-153.696,704631,607.27,-6194.85,-3512.65
9,-5.37972e+06,-2.6658e+06,3.746e+06,32.1166,-153.64,704625,612.386,-6191.96,-3516.87
10,-5.37911e+06,-2.67199e+06,3.74248e+06,32.0829,-153.585,704620,617.501,-6189.06,-3521.09
11,-5.37849e+06,-2.67818e+06,3.73895e+06,32.0492,-153.529,704614,622.617,-6186.16,-3525.31
12,-5.37786e+06,-2.68436e+06,3.73543e+06,32.0154,-153.474,704608,627.732,-6183.25,-3529.52
13,-5.37723e+06,-2.69055e+06,3.73189e+06,31.9816,-153.418,704602,632.846,-6180.33,-3533.73
14,-5.3766e+06,-2.69673e+06,3.72836e+06,31.9478,-153.363,704596,637.961,-6177.41,-3537.93
15,-5.37596e+06,-2.7029e+06,3.72482e+06,31.914,-153.308,704590,643.075,-6174.49,-3542.13
16,-5.37531e+06,-2.70907e+06,3.72127e+06,31.8801,-153.253,704584,648.189,-6171.55,-3546.33
17,-5.37466e+06,-2.71524e+06,3.71773e+06,31.8463,-153.197,704578,653.303,-6168.61,-3550.52
18,-5.374e+06,-2.72141e+06,3.71417e+06,31.8123,-153.142,704572,658.416,-6165.67,-3554.71
19,-5.37334e+06,-2.72758e+06,3.71062e+06,31.7784,-153.087,704566,663.529,-6162.72,-3558.89
20,-5.37268e+06,-2.73374e+06,3.70705e+06,31.7444,-153.032,704560,668.642,-6159.76,-3563.07
21,-5.37201e+06,-2.7399e+06,3.70349e+06,31.7104,-152.977,704555,673.754,-6156.79,-3567.25
22,-5.37133e+06,-2.74605e+06,3.69992e+06,31.6764,-152.922,704549,678.867,-6153.82,-3571.42
23,-5.37065e+06,-2.7522e+06,3.69635e+06,31.6423,-152.867,704543,683.978,-6150.85,-3575.59
24,-5.36996e+06,-2.75835e+06,3.69277e+06,31.6083,-152.812,704537,689.09,-6147.86,-3579.76
25,-5.36927e+06,-2.7645e+06,3.68919e+06,31.5742,-152.757,704531,694.201,-6144.88,-3583.92
26,-5.36857e+06,-2.77064e+06,3.6856e+06,31.54,-152.702,704525,699.312,-6141.88,-3588.07
27,-5.36787e+06,-2.77678e+06,3.68201e+06,31.5059,-152.648,704519,704.422,-6138.88,-3592.22
28,-5.36716e+06,-2.78292e+06,3.67842e+06,31.4717,-152.593,704513,709.532,-6135.87,-3596.37
29,-5.36645e+06,-2.78905e+06,3.67482e+06,31.4374,-152.538,704507,714.642,-6132.86,-3600.51
30,-5.36573e+06,-2.79519e+06,3.67122e+06,31.4032,-152.484,704502,719.752,-6129.84,-3604.65
31,-5.36501e+06,-2.80131e+06,3.66761e+06,31.3689,-152.429,704496,724.861,-6126.82,-3608.79
32,-5.36428e+06,-2.80744e+06,3.664e+06,31.3346,-152.374,704490,729.97,-6123.78,-3612.92
33,-5.36355e+06,-2.81356e+06,3.66038e+06,31.3003,-152.32,704484,735.078,-6120.75,-3617.05
34,-5.36281e+06,-2.81968e+06,3.65676e+06,31.266,-152.265,704478,740.186,-6117.7,-3621.17
35,-5.36207e+06,-2.8258e+06,3.65314e+06,31.2316,-152.211,704472,745.293,-6114.65,-3625.29
36,-5.36132e+06,-2.83191e+06,3.64951e+06,31.1972,-152.156,704466,750.401,-6111.6,-3629.41
37,-5.36057e+06,-2.83802e+06,3.64588e+06,31.1627,-152.102,704461,755.508,-6108.53,-3633.52
38,-5.35981e+06,-2.84413e+06,3.64225e+06,31.1283,-152.048,704455,760.614,-6105.47,-3637.63
39,-5.35905e+06,-2.85023e+06,3.63861e+06,31.0938,-151.994,704449,765.72,-6102.39,-3641.73
40,-5.35828e+06,-2.85633e+06,3.63496e+06,31.0593,-151.939,704443,770.826,-6099.31,-3645.83
41,-5.35751e+06,-2.86243e+06,3.63132e+06,31.0247,-151.885,704437,775.931,-6096.23,-3649.92
42,-5.35673e+06,-2.86852e+06,3.62766e+06,30.9902,-151.831,704431,781.036,-6093.13,-3654.02
43,-5.35595e+06,-2.87462e+06,3.62401e+06,30.9556,-151.777,704425,786.14,-6090.03,-3658.1
44,-5.35516e+06,-2.8807e+06,3.62035e+06,30.921,-151.723,704420,791.244,-6086.93,-3662.18
45,-5.35436e+06,-2.88679e+06,3.61668e+06,30.8863,-151.669,704414,796.348,-6083.82,-3666.26
46,-5.35356e+06,-2.89287e+06,3.61301e+06,30.8516,-151.615,704408,801.451,-6080.7,-3670.34
47,-5.35276e+06,-2.89895e+06,3.60934e+06,30.8169,-151.561,704402,806.554,-6077.58,-3674.41
48,-5.35195e+06,-2.90503e+06,3.60567e+06,30.7822,-151.507,704396,811.656,-6074.45,-3678.47
49,-5.35114e+06,-2.9111e+06,3.60199e+06,30.7475,-151.453,704390,816.758,-6071.32,-3682.54
50,-5.35032e+06,-2.91717e+06,3.5983e+06,30.7127,-151.399,704385,821.859,-6068.18,-3686.59
51,-5.34949e+06,-2.92324e+06,3.59461e+06,30.6779,-151.346,704379,826.96,-6065.03,-3690.65
52,-5.34866e+06,-2.9293e+06,3.59092e+06,30.6431,-151.292,704373,832.061,-6061.87,-3694.7
53,-5.34783e+06,-2.93536e+06,3.58722e+06,30.6082,-151.238,704367,837.161,-6058.72,-3698.74
54,-5.34699e+06,-2.94142e+06,3.58352e+06,30.5733,-151.184,704361,842.26,-6055.55,-3702.78
55,-5.34614e+06,-2.94747e+06,3.57982e+06,30.5384,-151.131,704356,847.359,-6052.38,-3706.82
56,-5.3453e+06,-2.95352e+06,3.57611e+06,30.5035,-151.077,704350,852.458,-6049.2,-3710.85
57,-5.34444e+06,-2.95957e+06,3.5724e+06,30.4685,-151.024,704344,857.556,-6046.02,-3714.88
58,-5.34358e+06,-2.96561e+06,3.56868e+06,30.4335,-150.97,704338,862.653,-6042.83,-3718.91
59,-5.34271e+06,-2.97166e+06,3.56496e+06,30.3985,-150.917,704333,867.751,-6039.63,-3722.93
60,-5.34184e+06,-2.97769e+06,3.56123e+06,30.3635,-150.863,704327,872.847,-6036.43,-3726.94
61,-5.34097e+06,-2.98373e+06,3.5575e+06,30.3284,-150.81,704321,877.943,-6033.23,-3730.95
62,-5.34009e+06,-2.98976e+06,3.55377e+06,30.2934,-150.757,704315,883.039,-6030.01,-3734.96
63,-5.3392e+06,-2.99579e+06,3.55003e+06,30.2583,-150.704,704309,888.134,-6026.79,-3738.97
64,-5.33831e+06,-3.00181e+06,3.54629e+06,30.2231,-150.65,704304,893.229,-6023.57,-3742.96
65,-5.33742e+06,-3.00784e+06,3.54255e+06,30.188,-150.597,704298,898.323,-6020.34,-3746.96
66,-5.33652e+06,-3.01385e+06,3.5388e+06,30.1528,-150.544,704292,903.416,-6017.1,-3750.95
67,-5.33561e+06,-3.01987e+06,3.53505e+06,30.1176,-150.491,704286,908.509,-6013.86,-3754.94
68,-5.3347e+06,-3.02588e+06,3.53129e+06,30.0823,-150.438,704281,913.602,-6010.61,-3758.92
69,-5.33378e+06,-3.03189e+06,3.52753e+06,30.0471,-150.385,704275,918.694,-6007.35,-3762.9
70,-5.33286e+06,-3.0379e+06,3.52376e+06,30.0118,-150.332,704269,923.785,-6004.09,-3766.87
71,-5.33193e+06,-3.0439e+06,3.51999e+06,29.9765,-150.279,704263,928.876,-6000.82,-3770.84
72,-5.331e+06,-3.0499e+06,3.51622e+06,29.9411,-150.226,704258,933.966,-5997.55,-3774.81
73,-5.33007e+06,-3.05589e+06,3.51244e+06,29.9058,-150.173,704252,939.056,-5994.27,-3778.77
74,-5.32913e+06,-3.06189e+06,3.50866e+06,29.8704,-150.12,704246,944.145,-5990.99,-3782.72
75,-5.32818e+06,-3.06788e+06,3.50488e+06,29.835,-150.067,704241,949.233,-5987.69,-3786.68
76,-5.32723e+06,-3.07386e+06,3.50109e+06,29.7995,-150.015,704235,954.321,-5984.4,-3790.63
77,-5.32627e+06,-3.07985e+06,3.4973e+06,29.7641,-149.962,704229,959.409,-5981.09,-3794.57
78,-5.32531e+06,-3.08582e+06,3.4935e+06,29.7286,-149.909,704223,964.496,-5977.78,-3798.51
79,-5.32434e+06,-3.0918e+06,3.4897e+06,29.6931,-149.857,704218,969.582,-5974.47,-3802.45
80,-5.32337e+06,-3.09777e+06,3.4859e+06,29.6576,-149.804,704212,974.668,-5971.15,-3806.38
81,-5.32239e+06,-3.10374e+06,3.48209e+06,29.622,-149.751,704206,979.753,-5967.82,-3810.3
82,-5.32141e+06,-3.10971e+06,3.47828e+06,29.5864,-149.699,704201,984.837,-5964.49,-3814.23
83,-5.32042e+06,-3.11567e+06,3.47446e+06,29.5508,-149.646,704195,989.921,-5961.15,-3818.15
84,-5.31943e+06,-3.12163e+06,3.47064e+06,29.5152,-149.594,704189,995.004,-5957.81,-3822.06
85,-5.31843e+06,-3.12759e+06,3.46682e+06,29.4795,-149.542,704184,1000.09,-5954.46,-3825.97
86,-5.31743e+06,-3.13354e+06,3.46299e+06,29.4438,-149.489,704178,1005.17,-5951.1,-3829.87
87,-5.31642e+06,-3.13949e+06,3.45916e+06,29.4081,-149.437,704172,1010.25,-5947.74,-3833.78
88,-5.31541e+06,-3.14544e+06,3.45532e+06,29.3724,-149.385,704167,1015.33,-5944.37,-3837.67
89,-5.31439e+06,-3.15138e+06,3.45148e+06,29.3367,-149.333,704161,1020.41,-5940.99,-3841.57
90,-5.31337e+06,-3.15732e+06,3.44764e+06,29.3009,-149.28,704155,1025.49,-5937.61,-3845.45
91,-5.31234e+06,-3.16325e+06,3.44379e+06,29.2651,-149.228,704150,1030.57,-5934.23,-3849.34
92,-5.31131e+06,-3.16919e+06,3.43994e+06,29.2293,-149.176,704144,1035.65,-5930.84,-3853.22
93,-5.31027e+06,-3.17512e+06,3.43608e+06,29.1934,-149.124,704139,1040.72,-5927.44,-3857.09
94,-5.30923e+06,-3.18104e+06,3.43222e+06,29.1576,-149.072,704133,1045.8,-5924.03,-3860.96
95,-5.30818e+06,-3.18696e+06,3.42836e+06,29.1217,-149.02,704127,1050.88,-5920.62,-3864.83
96,-5.30712e+06,-3.19288e+06,3.42449e+06,29.0857,-148.968,704122,1055.95,-5917.21,-3868.69
97,-5.30607e+06,-3.1988e+06,3.42062e+06,29.0498,-148.916,704116,1061.03,-5913.79,-3872.55
98,-5.305e+06,-3.20471e+06,3.41675e+06,29.0138,-148.864,704111,1066.1,-5910.36,-3876.4
99,-5.30393e+06,-3.21062e+06,3.41287e+06,28.9778,-148.812,704105,1071.18,-5906.93,-3880.25
100,-5.30286e+06,-3.21652e+06,3.40899e+06,28.9418,-148.761,704099,1076.25,-5903.49,-3884.1
101,-5.30178e+06,-3.22243e+06,3.4051e+06,28.9058,-148.709,704094,1081.32,-5900.04,-3887.94
102,-5.3007e+06,-3.22832e+06,3.40121e+06,28.8697,-148.657,704088,1086.39,-5896.59,-3891.77
103,-5.29961e+06,-3.23422e+06,3.39732e+06,28.8337,-148.605,704083,1091.46,-5893.13,-3895.6
104,-5.29851e+06,-3.24011e+06,3.39342e+06,28.7976,-148.554,704077,1096.53,-5889.67,-3899.43
105,-5.29741e+06,-3.246e+06,3.38952e+06,28.7614,-148.502,704071,1101.6,-5886.2,-3903.25
106,-5.29631e+06,-3.25188e+06,3.38562e+06,28.7253,-148.45,704066,1106.67,-5882.73,-3907.07
107,-5.2952e+06,-3.25776e+06,3.38171e+06,28.6891,-148.399,704060,1111.74,-5879.25,-3910.89
108,-5.29409e+06,-3.26364e+06,3.37779e+06,28.6529,-148.347,704055,1116.8,-5875.76,-3914.7
109,-5.29297e+06,-3.26952e+06,3.37388e+06,28.6167,-148.296,704049,1121.87,-5872.27,-3918.5
110,-5.29184e+06,-3.27539e+06,3.36996e+06,28.5804,-148.245,704044,1126.94,-5868.77,-3922.3
111,-5.29071e+06,-3.28125e+06,3.36603e+06,28.5442,-148.193,704038,1132,-5865.27,-3926.1
112,-5.28958e+06,-3.28712e+06,3.3621e+06,28.5079,-148.142,704033,1137.07,-5861.76,-3929.89
113,-5.28844e+06,-3.29298e+06,3.35817e+06,28.4716,-148.091,704027,1142.13,-5858.25,-3933.68
114,-5.2873e+06,-3.29883e+06,3.35424e+06,28.4352,-148.039,704022,1147.19,-5854.73,-3937.46
115,-5.28615e+06,-3.30469e+06,3.3503e+06,28.3989,-147.988,704016,1152.25,-5851.2,-3941.24
116,-5.28499e+06,-3.31054e+06,3.34635e+06,28.3625,-147.937,704011,1157.31,-5847.67,-3945.02
117,-5.28383e+06,-3.31638e+06,3.34241e+06,28.3261,-147.886,704005,1162.37,-5844.13,-3948.78
118,-5.28267e+06,-3.32222e+06,3.33846e+06,28.2897,-147.835,704000,1167.43,-5840.58,-3952.55
119,-5.2815e+06,-3.32806e+06,3.3345e+06,28.2532,-147.783,703994,1172.49,-5837.03,-3956.31
120,-5.28032e+06,-3.3339e+06,3.33054e+06,28.2168,-147.732,703989,1177.55,-5833.48,-3960.07
121,-5.27914e+06,-3.33973e+06,3.32658e+06,28.1803,-147.681,703983,1182.61,-5829.92,-3963.82
122,-5.27796e+06,-3.34556e+06,3.32262e+06,28.1438,-147.63,703978,1187.66,-5826.35,-3967.57
123,-5.27677e+06,-3.35138e+06,3.31865e+06,28.1072,-147.58,703972,1192.72,-5822.78,-3971.31
124,-5.27557e+06,-3.3572e+06,3.31467e+06,28.0707,-147.529,703967,1197.77,-5819.2,-3975.05
125,-5.27437e+06,-3.36302e+06,3.3107e+06,28.0341,-147.478,703961,1202.83,-5815.61,-3978.78
126,-5.27316e+06,-3.36883e+06,3.30672e+06,27.9975,-147.427,703956,1207.88,-5812.02,-3982.51
127,-5.27195e+06,-3.37464e+06,3.30273e+06,27.9608,-147.376,703951,1212.93,-5808.43,-3986.24
128,-5.27074e+06,-3.38045e+06,3.29874e+06,27.9242,-147.325,703945,1217.98,-5804.82,-3989.96
129,-5.26952e+06,-3.38625e+06,3.29475e+06,27.8875,-147.275,703940,1223.04,-5801.22,-3993.67
130,-5.26829e+06,-3.39205e+06,3.29076e+06,27.8508,-147.224,703934,1228.09,-5797.6,-3997.39
131,-5.26706e+06,-3.39785e+06,3.28676e+06,27.8141,-147.173,703929,1233.13,-5793.98,-4001.09
132,-5.26583e+06,-3.40364e+06,3.28276e+06,27.7774,-147.123,703924,1238.18,-5790.36,-4004.8
133,-5.26459e+06,-3.40943e+06,3.27875e+06,27.7406,-147.072,703918,1243.23,-5786.73,-4008.49
134,-5.26334e+06,-3.41521e+06,3.27474e+06,27.7039,-147.022,703913,1248.28,-5783.09,-4012.19
135,-5.26209e+06,-3.421e+06,3.27072e+06,27.667,-146.971,703907,1253.32,-5779.45,-4015.88
136,-5.26083e+06,-3.42677e+06,3.26671e+06,27.6302,-146.921,703902,1258.37,-5775.8,-4019.56
137,-5.25957e+06,-3.43255e+06,3.26268e+06,27.5934,-146.87,703897,1263.41,-5772.15,-4023.24
138,-5.25831e+06,-3.43832e+06,3.25866e+06,27.5565,-146.82,703891,1268.45,-5768.49,-4026.92
139,-5.25704e+06,-3.44408e+06,3.25463e+06,27.5196,-146.77,703886,1273.49,-5764.82,-4030.59
140,-5.25576e+06,-3.44985e+06,3.2506e+06,27.4827,-146.719,703881,1278.54,-5761.15,-4034.25
141,-5.25448e+06,-3.45561e+06,3.24656e+06,27.4458,-146.669,703875,1283.58,-5757.47,-4037.92
142,-5.25319e+06,-3.46136e+06,3.24252e+06,27.4088,-146.619,703870,1288.62,-5753.79,-4041.57
143,-5.2519e+06,-3.46711e+06,3.23848e+06,27.3719,-146.569,703865,1293.65,-5750.1,-4045.23
144,-5.25061e+06,-3.47286e+06,3.23443e+06,27.3349,-146.518,703859,1298.69,-5746.41,-4048.87
145,-5.2493e+06,-3.47861e+06,3.23038e+06,27.2979,-146.468,703854,1303.73,-5742.71,-4052.52
146,-5.248e+06,-3.48435e+06,3.22633e+06,27.2608,-146.418,703849,1308.76,-5739.01,-4056.16
147,-5.24669e+06,-3.49009e+06,3.22227e+06,27.2238,-146.368,703843,1313.8,-5735.3,-4059.79
148,-5.24537e+06,-3.49582e+06,3.21821e+06,27.1867,-146.318,703838,1318.83,-5731.58,-4063.42
149,-5.24405e+06,-3.50155e+06,3.21414e+06,27.1496,-146.268,703833,1323.87,-5727.86,-4067.05
150,-5.24272e+06,-3.50727e+06,3.21007e+06,27.1125,-146.218,703828,1328.9,-5724.13,-4070.67
151,-5.24139e+06,-3.513e+06,3.206e+06,27.0753,-146.168,703822,1333.93,-5720.4,-4074.28
152,-5.24005e+06,-3.51872e+06,3.20193e+06,27.0382,-146.118,703817,1338.96,-5716.66,-4077.9
153,-5.23871e+06,-3.52443e+06,3.19785e+06,27.001,-146.069,703812,1343.99,-5712.91,-4081.5
154,-5.23737e+06,-3.53014e+06,3.19376e+06,26.9638,-146.019,703807,1349.02,-5709.16,-4085.11
155,-5.23602e+06,-3.53585e+06,3.18968e+06,26.9265,-145.969,703801,1354.04,-5705.4,-4088.7
156,-5.23466e+06,-3.54155e+06,3.18558e+06,26.8893,-145.919,703796,1359.07,-5701.64,-4092.3
157,-5.2333e+06,-3.54725e+06,3.18149e+06,26.852,-145.87,703791,1364.1,-5697.88,-4095.89
158,-5.23193e+06,-3.55295e+06,3.17739e+06,26.8147,-145.82,703786,1369.12,-5694.1,-4099.47
159,-5.23056e+06,-3.55864e+06,3.17329e+06,26.7774,-145.77,703781,1374.14,-5690.32,-4103.05
160,-5.22918e+06,-3.56433e+06,3.16919e+06,26.7401,-145.721,703775,1379.17,-5686.54,-4106.62
161,-5.2278e+06,-3.57001e+06,3.16508e+06,26.7028,-145.671,703770,1384.19,-5682.75,-4110.19
162,-5.22641e+06,-3.57569e+06,3.16097e+06,26.6654,-145.622,703765,1389.21,-5678.95,-4113.76
163,-5.22502e+06,-3.58137e+06,3.15685e+06,26.628,-145.572,703760,1394.23,-5675.15,-4117.32
164,-5.22363e+06,-3.58704e+06,3.15273e+06,26.5906,-145.523,703755,1399.25,-5671.35,-4120.88
165,-5.22222e+06,-3.59271e+06,3.14861e+06,26.5532,-145.473,703750,1404.26,-5667.53,-4124.43
166,-5.22082e+06,-3.59838e+06,3.14448e+06,26.5157,-145.424,703744,1409.28,-5663.71,-4127.97
167,-5.21941e+06,-3.60404e+06,3.14035e+06,26.4782,-145.375,703739,1414.29,-5659.89,-4131.52
168,-5.21799e+06,-3.6097e+06,3.13622e+06,26.4407,-145.325,703734,1419.31,-5656.06,-4135.05
169,-5.21657e+06,-3.61535e+06,3.13208e+06,26.4032,-145.276,703729,1424.32,-5652.23,-4138.59
170,-5.21514e+06,-3.621e+06,3.12794e+06,26.3657,-145.227,703724,1429.33,-5648.39,-4142.12
171,-5.21371e+06,-3.62665e+06,3.1238e+06,26.3281,-145.178,703719,1434.35,-5644.54,-4145.64
172,-5.21227e+06,-3.63229e+06,3.11965e+06,26.2906,-145.128,703714,1439.36,-5640.69,-4149.16
173,-5.21083e+06,-3.63793e+06,3.1155e+06,26.253,-145.079,703709,1444.37,-5636.83,-4152.67
174,-5.20938e+06,-3.64357e+06,3.11135e+06,26.2154,-145.03,703704,1449.37,-5632.97,-4156.18
175,-5.20793e+06,-3.6492e+06,3.10719e+06,26.1777,-144.981,703698,1454.38,-5629.1,-4159.69
176,-5.20647e+06,-3.65482e+06,3.10303e+06,26.1401,-144.932,703693,1459.39,-5625.22,-4163.19
177,-5.20501e+06,-3.66045e+06,3.09886e+06,26.1024,-144.883,703688,1464.39,-5621.35,-4166.68
178,-5.20354e+06,-3.66607e+06,3.09469e+06,26.0647,-144.834,703683,1469.4,-5617.46,-4170.17
179,-5.20207e+06,-3.67168e+06,3.09052e+06,26.027,-144.785,703678,1474.4,-5613.57,-4173.66
180,-5.2006e+06,-3.67729e+06,3.08635e+06,25.9893,-144.736,703673,1479.4,-5609.67,-4177.14
181,-5.19911e+06,-3.6829e+06,3.08217e+06,25.9515,-144.687,703668,1484.4,-5605.77,-4180.62
182,-5.19763e+06,-3.68851e+06,3.07798e+06,25.9138,-144.639,703663,1489.4,-5601.86,-4184.09
183,-5.19614e+06,-3.69411e+06,3.0738e+06,25.876,-144.59,703658,1494.4,-5597.95,-4187.56
184,-5.19464e+06,-3.6997e+06,3.06961e+06,25.8382,-144.541,703653,1499.4,-5594.03,-4191.02
185,-5.19314e+06,-3.70529e+06,3.06542e+06,25.8003,-144.492,703648,1504.39,-5590.11,-4194.48
186,-5.19163e+06,-3.71088e+06,3.06122e+06,25.7625,-144.444,703643,1509.39,-5586.18,-4197.93
187,-5.19012e+06,-3.71647e+06,3.05702e+06,25.7246,-144.395,703638,1514.38,-5582.24,-4201.38
188,-5.1886e+06,-3.72205e+06,3.05282e+06,25.6867,-144.346,703633,1519.38,-5578.3,-4204.82
189,-5.18708e+06,-3.72762e+06,3.04861e+06,25.6488,-144.298,703628,1524.37,-5574.36,-4208.26
190,-5.18555e+06,-3.7332e+06,3.0444e+06,25.6109,-144.249,703623,1529.36,-5570.41,-4211.7
191,-5.18402e+06,-3.73876e+06,3.04019e+06,25.573,-144.201,703619,1534.35,-5566.45,-4215.13
192,-5.18248e+06,-3.74433e+06,3.03597e+06,25.535,-144.152,703614,1539.34,-5562.49,-4218.55
193,-5.18094e+06,-3.74989e+06,3.03175e+06,25.497,-144.104,703609,1544.32,-5558.52,-4221.97
194,-5.17939e+06,-3.75545e+06,3.02753e+06,25.459,-144.055,703604,1549.31,-5554.54,-4225.39
195,-5.17784e+06,-3.761e+06,3.0233e+06,25.421,-144.007,703599,1554.3,-5550.56,-4228.8
196,-5.17629e+06,-3.76655e+06,3.01907e+06,25.383,-143.958,703594,1559.28,-5546.58,-4232.2
197,-5.17472e+06,-3.77209e+06,3.01484e+06,25.3449,-143.91,703589,1564.26,-5542.59,-4235.6
198,-5.17316e+06,-3.77763e+06,3.0106e+06,25.3068,-143.862,703584,1569.24,-5538.59,-4239
199,-5.17159e+06,-3.78317e+06,3.00636e+06,25.2687,-143.813,703579,1574.22,-5534.59,-4242.39
