0,4.30637e+06,-5.44171e+06,1.40322e+06,11.4989,-51.6432,702684,4492.21,2232.8,-5095.8
1,4.31086e+06,-5.43947e+06,1.39812e+06,11.4566,-51.6027,702684,4487.71,2238.24,-5097.38
2,4.31535e+06,-5.43723e+06,1.39302e+06,11.4143,-51.5622,702685,4483.21,2243.67,-5098.95
3,4.31983e+06,-5.43499e+06,1.38792e+06,11.3719,-51.5217,702685,4478.71,2249.1,-5100.52
4,4.32431e+06,-5.43273e+06,1.38282e+06,11.3296,-51.4812,702685,4474.2,2254.53,-5102.08
5,4.32878e+06,-5.43048e+06,1.37772e+06,11.2873,-51.4407,702685,4469.69,2259.95,-5103.64
6,4.33324e+06,-5.42821e+06,1.37261e+06,11.2449,-51.4003,702685,4465.17,2265.38,-5105.19
7,4.33771e+06,-5.42595e+06,1.36751e+06,11.2025,-51.3598,702686,4460.65,2270.8,-5106.73
8,4.34217e+06,-5.42367e+06,1.3624e+06,11.1602,-51.3194,702686,4456.13,2276.22,-5108.27
9,4.34662e+06,-5.42139e+06,1.35729e+06,11.1178,-51.279,702686,4451.6,2281.64,-5109.81
10,4.35107e+06,-5.41911e+06,1.35218e+06,11.0754,-51.2386,702687,4447.06,2287.05,-5111.33
11,4.35551e+06,-5.41682e+06,1.34707e+06,11.033,-51.1982,702687,4442.53,2292.47,-5112.85
12,4.35995e+06,-5.41452e+06,1.34195e+06,10.9906,-51.1578,702687,4437.98,2297.88,-5114.37
13,4.36439e+06,-5.41222e+06,1.33684e+06,10.9482,-51.1175,702688,4433.44,2303.29,-5115.88
14,4.36882e+06,-5.40992e+06,1.33172e+06,10.9058,-51.0771,702688,4428.89,2308.7,-5117.38
15,4.37325e+06,-5.40761e+06,1.3266e+06,10.8634,-51.0368,702689,4424.33,2314.11,-5118.88
16,4.37767e+06,-5.40529e+06,1.32148e+06,10.821,-50.9965,702689,4419.78,2319.51,-5120.38
17,4.38209e+06,-5.40297e+06,1.31636e+06,10.7785,-50.9562,702689,4415.21,2324.91,-5121.86
18,4.3865e+06,-5.40064e+06,1.31124e+06,10.7361,-50.9159,702690,4410.65,2330.32,-5123.34
19,4.39091e+06,-5.39831e+06,1.30612e+06,10.6937,-50.8756,702690,4406.08,2335.71,-5124.82
20,4.39531e+06,-5.39597e+06,1.30099e+06,10.6512,-50.8353,702691,4401.5,2341.11,-5126.29
21,4.39971e+06,-5.39363e+06,1.29586e+06,10.6088,-50.795,702692,4396.92,2346.51,-5127.75
22,4.40411e+06,-5.39128e+06,1.29073e+06,10.5663,-50.7548,702692,4392.34,2351.9,-5129.21
23,4.4085e+06,-5.38892e+06,1.28561e+06,10.5238,-50.7145,702693,4387.75,2357.29,-5130.66
24,4.41288e+06,-5.38656e+06,1.28047e+06,10.4814,-50.6743,702693,4383.16,2362.68,-5132.11
25,4.41726e+06,-5.3842e+06,1.27534e+06,10.4389,-50.6341,702694,4378.56,2368.07,-5133.55
26,4.42164e+06,-5.38183e+06,1.27021e+06,10.3964,-50.5939,702694,4373.96,2373.45,-5134.98
27,4.42601e+06,-5.37945e+06,1.26507e+06,10.3539,-50.5537,702695,4369.36,2378.84,-5136.41
28,4.43038e+06,-5.37707e+06,1.25993e+06,10.3114,-50.5135,702696,4364.75,2384.22,-5137.84
29,4.43474e+06,-5.37468e+06,1.2548e+06,10.2689,-50.4734,702697,4360.14,2389.6,-5139.25
30,4.4391e+06,-5.37229e+06,1.24966e+06,10.2264,-50.4332,702697,4355.53,2394.98,-5140.66
31,4.44345e+06,-5.36989e+06,1.24451e+06,10.1839,-50.3931,702698,4350.91,2400.35,-5142.07
32,4.4478e+06,-5.36749e+06,1.23937e+06,10.1414,-50.353,702699,4346.28,2405.72,-5143.47
33,4.45214e+06,-5.36508e+06,1.23423e+06,10.0988,-50.3128,702699,4341.65,2411.1,-5144.86
34,4.45648e+06,-5.36267e+06,1.22908e+06,10.0563,-50.2727,702700,4337.02,2416.46,-5146.25
35,4.46082e+06,-5.36025e+06,1.22393e+06,10.0137,-50.2326,702701,4332.38,2421.83,-5147.64
36,4.46515e+06,-5.35782e+06,1.21879e+06,9.9712,-50.1926,702702,4327.74,2427.2,-5149.01
37,4.46947e+06,-5.35539e+06,1.21364e+06,9.92865,-50.1525,702703,4323.1,2432.56,-5150.38
38,4.47379e+06,-5.35296e+06,1.20849e+06,9.88609,-50.1124,702704,4318.45,2437.92,-5151.75
39,4.47811e+06,-5.35052e+06,1.20333e+06,9.84353,-50.0724,702705,4313.8,2443.28,-5153.11
40,4.48242e+06,-5.34807e+06,1.19818e+06,9.80096,-50.0323,702705,4309.14,2448.64,-5154.46
41,4.48673e+06,-5.34562e+06,1.19302e+06,9.75838,-49.9923,702706,4304.48,2453.99,-5155.81
42,4.49103e+06,-5.34316e+06,1.18787e+06,9.7158,-49.9523,702707,4299.82,2459.35,-5157.15
43,4.49533e+06,-5.3407e+06,1.18271e+06,9.67321,-49.9123,702708,4295.15,2464.7,-5158.49
44,4.49962e+06,-5.33823e+06,1.17755e+06,9.63062,-49.8723,702709,4290.47,2470.05,-5159.82
45,4.50391e+06,-5.33576e+06,1.17239e+06,9.58802,-49.8323,702710,4285.8,2475.39,-5161.14
46,4.50819e+06,-5.33328e+06,1.16723e+06,9.54542,-49.7924,702711,4281.12,2480.74,-5162.46
47,4.51247e+06,-5.3308e+06,1.16207e+06,9.50281,-49.7524,702712,4276.43,2486.08,-5163.77
48,4.51675e+06,-5.32831e+06,1.1569e+06,9.46019,-49.7124,702713,4271.74,2491.42,-5165.08
49,4.52101e+06,-5.32582e+06,1.15174e+06,9.41757,-49.6725,702715,4267.05,2496.76,-5166.38
50,4.52528e+06,-5.32332e+06,1.14657e+06,9.37494,-49.6326,702716,4262.35,2502.09,-5167.68
51,4.52954e+06,-5.32081e+06,1.1414e+06,9.33231,-49.5927,702717,4257.65,2507.43,-5168.97
52,4.53379e+06,-5.3183e+06,1.13623e+06,9.28967,-49.5528,702718,4252.95,2512.76,-5170.25
53,4.53805e+06,-5.31579e+06,1.13106e+06,9.24703,-49.5129,702719,4248.24,2518.09,-5171.53
54,4.54229e+06,-5.31327e+06,1.12589e+06,9.20438,-49.473,702720,4243.53,2523.42,-5172.8
55,4.54653e+06,-5.31074e+06,1.12071e+06,9.16173,-49.4331,702721,4238.81,2528.74,-5174.07
56,4.55077e+06,-5.30821e+06,1.11554e+06,9.11907,-49.3933,702723,4234.09,2534.07,-5175.33
57,4.555e+06,-5.30567e+06,1.11036e+06,9.0764,-49.3534,702724,4229.36,2539.39,-5176.58
58,4.55923e+06,-5.30313e+06,1.10519e+06,9.03373,-49.3136,702725,4224.64,2544.71,-5177.83
59,4.56345e+06,-5.30058e+06,1.10001e+06,8.99106,-49.2737,702726,4219.9,2550.02,-5179.07
60,4.56767e+06,-5.29803e+06,1.09483e+06,8.94838,-49.2339,702728,4215.17,2555.34,-5180.31
61,4.57188e+06,-5.29547e+06,1.08965e+06,8.90569,-49.1941,702729,4210.43,2560.65,-5181.54
62,4.57609e+06,-5.29291e+06,1.08446e+06,8.863,-49.1543,702730,4205.68,2565.96,-5182.77
63,4.58029e+06,-5.29034e+06,1.07928e+06,8.8203,-49.1145,702732,4200.93,2571.27,-5183.99
64,4.58449e+06,-5.28777e+06,1.0741e+06,8.7776,-49.0747,702733,4196.18,2576.57,-5185.2
65,4.58868e+06,-5.28519e+06,1.06891e+06,8.73489,-49.035,702735,4191.43,2581.88,-5186.41
66,4.59287e+06,-5.2826e+06,1.06372e+06,8.69218,-48.9952,702736,4186.67,2587.18,-5187.61
67,4.59706e+06,-5.28001e+06,1.05854e+06,8.64946,-48.9554,702738,4181.9,2592.48,-5188.81
68,4.60124e+06,-5.27742e+06,1.05335e+06,8.60674,-48.9157,702739,4177.13,2597.78,-5190
69,4.60541e+06,-5.27482e+06,1.04816e+06,8.56401,-48.876,702740,4172.36,2603.07,-5191.18
70,4.60958e+06,-5.27221e+06,1.04296e+06,8.52128,-48.8363,702742,4167.59,2608.36,-5192.36
71,4.61375e+06,-5.2696e+06,1.03777e+06,8.47855,-48.7965,702743,4162.81,2613.65,-5193.53
72,4.61791e+06,-5.26698e+06,1.03258e+06,8.4358,-48.7568,702745,4158.02,2618.94,-5194.7
73,4.62206e+06,-5.26436e+06,1.02738e+06,8.39306,-48.7172,702747,4153.24,2624.23,-5195.86
74,4.62621e+06,-5.26173e+06,1.02218e+06,8.3503,-48.6775,702748,4148.45,2629.51,-5197.02
75,4.63036e+06,-5.2591e+06,1.01699e+06,8.30755,-48.6378,702750,4143.65,2634.79,-5198.16
76,4.6345e+06,-5.25647e+06,1.01179e+06,8.26479,-48.5981,702751,4138.85,2640.07,-5199.31
77,4.63864e+06,-5.25382e+06,1.00659e+06,8.22202,-48.5585,702753,4134.05,2645.35,-5200.45
78,4.64277e+06,-5.25117e+06,1.00139e+06,8.17925,-48.5188,702755,4129.24,2650.62,-5201.58
79,4.6469e+06,-5.24852e+06,996186,8.13647,-48.4792,702756,4124.43,2655.9,-5202.7
80,4.65102e+06,-5.24586e+06,990982,8.09369,-48.4396,702758,4119.62,2661.17,-5203.82
81,4.65514e+06,-5.2432e+06,985778,8.05091,-48.4,702760,4114.8,2666.43,-5204.94
82,4.65925e+06,-5.24053e+06,980572,8.00811,-48.3604,702762,4109.98,2671.7,-5206.05
83,4.66336e+06,-5.23786e+06,975366,7.96532,-48.3208,702763,4105.15,2676.96,-5207.15
84,4.66746e+06,-5.23518e+06,970158,7.92252,-48.2812,702765,4100.32,2682.22,-5208.24
85,4.67156e+06,-5.23249e+06,964949,7.87972,-48.2416,702767,4095.49,2687.48,-5209.34
86,4.67565e+06,-5.2298e+06,959740,7.83691,-48.202,702769,4090.65,2692.74,-5210.42
87,4.67974e+06,-5.22711e+06,954529,7.79409,-48.1625,702771,4085.81,2697.99,-5211.5
88,4.68382e+06,-5.2244e+06,949317,7.75128,-48.1229,702773,4080.97,2703.25,-5212.57
89,4.6879e+06,-5.2217e+06,944103,7.70845,-48.0834,702774,4076.12,2708.49,-5213.64
90,4.69197e+06,-5.21899e+06,938889,7.66563,-48.0438,702776,4071.27,2713.74,-5214.7
91,4.69604e+06,-5.21627e+06,933674,7.6228,-48.0043,702778,4066.41,2718.99,-5215.76
92,4.70011e+06,-5.21355e+06,928458,7.57996,-47.9648,702780,4061.55,2724.23,-5216.81
93,4.70416e+06,-5.21082e+06,923240,7.53712,-47.9253,702782,4056.69,2729.47,-5217.85
94,4.70822e+06,-5.20809e+06,918022,7.49427,-47.8858,702784,4051.82,2734.71,-5218.89
95,4.71227e+06,-5.20535e+06,912803,7.45143,-47.8463,702786,4046.95,2739.94,-5219.92
96,4.71631e+06,-5.20261e+06,907582,7.40857,-47.8068,702788,4042.07,2745.17,-5220.94
97,4.72035e+06,-5.19986e+06,902361,7.36571,-47.7673,702790,4037.19,2750.41,-5221.96
98,4.72439e+06,-5.19711e+06,897138,7.32285,-47.7279,702792,4032.31,2755.63,-5222.98
99,4.72842e+06,-5.19435e+06,891915,7.27999,-47.6884,702794,4027.43,2760.86,-5223.99
100,4.73244e+06,-5.19159e+06,886690,7.23712,-47.649,702797,4022.54,2766.08,-5224.99
101,4.73646e+06,-5.18882e+06,881465,7.19424,-47.6095,702799,4017.64,2771.3,-5225.99
102,4.74048e+06,-5.18605e+06,876238,7.15136,-47.5701,702801,4012.74,2776.52,-5226.98
103,4.74449e+06,-5.18327e+06,871011,7.10848,-47.5307,702803,4007.84,2781.74,-5227.96
104,4.74849e+06,-5.18048e+06,865782,7.06559,-47.4913,702805,4002.94,2786.95,-5228.94
105,4.75249e+06,-5.17769e+06,860553,7.0227,-47.4518,702807,3998.03,2792.16,-5229.91
106,4.75649e+06,-5.1749e+06,855323,6.97981,-47.4124,702810,3993.12,2797.37,-5230.88
107,4.76048e+06,-5.1721e+06,850091,6.93691,-47.3731,702812,3988.2,2802.58,-5231.84
108,4.76447e+06,-5.16929e+06,844859,6.89401,-47.3337,702814,3983.28,2807.78,-5232.8
109,4.76845e+06,-5.16648e+06,839626,6.8511,-47.2943,702816,3978.36,2812.99,-5233.75
110,4.77242e+06,-5.16367e+06,834391,6.80819,-47.2549,702819,3973.43,2818.19,-5234.69
111,4.77639e+06,-5.16085e+06,829156,6.76527,-47.2156,702821,3968.5,2823.38,-5235.63
112,4.78036e+06,-5.15802e+06,823920,6.72235,-47.1762,702824,3963.57,2828.58,-5236.56
113,4.78432e+06,-5.15519e+06,818683,6.67943,-47.1369,702826,3958.63,2833.77,-5237.48
114,4.78828e+06,-5.15235e+06,813445,6.6365,-47.0975,702828,3953.69,2838.96,-5238.4
115,4.79223e+06,-5.14951e+06,808206,6.59357,-47.0582,702831,3948.74,2844.15,-5239.32
116,4.79617e+06,-5.14666e+06,802967,6.55064,-47.0189,702833,3943.79,2849.33,-5240.23
117,4.80012e+06,-5.14381e+06,797726,6.5077,-46.9796,702836,3938.84,2854.51,-5241.13
118,4.80405e+06,-5.14096e+06,792484,6.46476,-46.9402,702838,3933.88,2859.69,-5242.02
119,4.80798e+06,-5.13809e+06,787242,6.42181,-46.9009,702841,3928.92,2864.87,-5242.91
120,4.81191e+06,-5.13523e+06,781999,6.37886,-46.8617,702843,3923.96,2870.04,-5243.8
121,4.81583e+06,-5.13235e+06,776754,6.33591,-46.8224,702846,3918.99,2875.22,-5244.68
122,4.81975e+06,-5.12948e+06,771509,6.29295,-46.7831,702848,3914.02,2880.39,-5245.55
123,4.82366e+06,-5.12659e+06,766263,6.24999,-46.7438,702851,3909.05,2885.55,-5246.42
124,4.82757e+06,-5.1237e+06,761016,6.20703,-46.7046,702853,3904.07,2890.72,-5247.28
125,4.83147e+06,-5.12081e+06,755769,6.16406,-46.6653,702856,3899.09,2895.88,-5248.13
126,4.83536e+06,-5.11791e+06,750520,6.12109,-46.626,702859,3894.1,2901.04,-5248.98
127,4.83926e+06,-5.11501e+06,745271,6.07812,-46.5868,702861,3889.11,2906.2,-5249.82
128,4.84314e+06,-5.1121e+06,740020,6.03514,-46.5476,702864,3884.12,2911.35,-5250.66
129,4.84702e+06,-5.10919e+06,734769,5.99216,-46.5083,702867,3879.13,2916.5,-5251.49
130,4.8509e+06,-5.10627e+06,729517,5.94917,-46.4691,702869,3874.13,2921.65,-5252.32
131,4.85477e+06,-5.10334e+06,724265,5.90619,-46.4299,702872,3869.12,2926.8,-5253.14
132,4.85864e+06,-5.10041e+06,719011,5.86319,-46.3907,702875,3864.12,2931.94,-5253.95
133,4.8625e+06,-5.09748e+06,713757,5.8202,-46.3515,702878,3859.11,2937.09,-5254.76
134,4.86636e+06,-5.09454e+06,708502,5.7772,-46.3123,702881,3854.09,2942.22,-5255.56
135,4.87021e+06,-5.09159e+06,703246,5.7342,-46.2731,702883,3849.07,2947.36,-5256.36
136,4.87406e+06,-5.08864e+06,697989,5.69119,-46.2339,702886,3844.05,2952.5,-5257.14
137,4.8779e+06,-5.08569e+06,692731,5.64819,-46.1947,702889,3839.03,2957.63,-5257.93
138,4.88173e+06,-5.08273e+06,687473,5.60518,-46.1556,702892,3834,2962.76,-5258.71
139,4.88556e+06,-5.07976e+06,682214,5.56216,-46.1164,702895,3828.97,2967.88,-5259.48
140,4.88939e+06,-5.07679e+06,676954,5.51914,-46.0773,702898,3823.93,2973.01,-5260.24
141,4.89321e+06,-5.07382e+06,671694,5.47612,-46.0381,702901,3818.9,2978.13,-5261
142,4.89703e+06,-5.07084e+06,666432,5.4331,-45.999,702904,3813.85,2983.25,-5261.76
143,4.90084e+06,-5.06785e+06,661170,5.39007,-45.9598,702907,3808.81,2988.36,-5262.51
144,4.90465e+06,-5.06486e+06,655907,5.34704,-45.9207,702910,3803.76,2993.48,-5263.25
145,4.90845e+06,-5.06186e+06,650644,5.30401,-45.8816,702913,3798.71,2998.59,-5263.99
146,4.91224e+06,-5.05886e+06,645379,5.26097,-45.8424,702916,3793.65,3003.69,-5264.72
147,4.91604e+06,-5.05586e+06,640114,5.21793,-45.8033,702919,3788.59,3008.8,-5265.44
148,4.91982e+06,-5.05285e+06,634848,5.17489,-45.7642,702922,3783.53,3013.9,-5266.16
149,4.9236e+06,-5.04983e+06,629582,5.13184,-45.7251,702925,3778.46,3019,-5266.87
150,4.92738e+06,-5.04681e+06,624315,5.0888,-45.686,702928,3773.39,3024.1,-5267.58
151,4.93115e+06,-5.04378e+06,619047,5.04575,-45.6469,702932,3768.32,3029.19,-5268.28
152,4.93491e+06,-5.04075e+06,613778,5.00269,-45.6078,702935,3763.24,3034.29,-5268.97
153,4.93868e+06,-5.03771e+06,608509,4.95963,-45.5688,702938,3758.16,3039.38,-5269.66
154,4.94243e+06,-5.03467e+06,603239,4.91658,-45.5297,702941,3753.07,3044.46,-5270.35
155,4.94618e+06,-5.03162e+06,597968,4.87351,-45.4906,702944,3747.99,3049.55,-5271.02
156,4.94993e+06,-5.02857e+06,592697,4.83045,-45.4516,702948,3742.9,3054.63,-5271.69
157,4.95367e+06,-5.02551e+06,587425,4.78738,-45.4125,702951,3737.8,3059.71,-5272.36
158,4.9574e+06,-5.02245e+06,582152,4.74431,-45.3735,702954,3732.7,3064.78,-5273.02
159,4.96113e+06,-5.01939e+06,576879,4.70124,-45.3344,702958,3727.6,3069.86,-5273.67
160,4.96486e+06,-5.01631e+06,571605,4.65816,-45.2954,702961,3722.5,3074.93,-5274.32
161,4.96858e+06,-5.01324e+06,566330,4.61508,-45.2563,702964,3717.39,3080,-5274.96
162,4.97229e+06,-5.01015e+06,561055,4.572,-45.2173,702968,3712.28,3085.06,-5275.59
163,4.976e+06,-5.00707e+06,555779,4.52892,-45.1783,702971,3707.16,3090.12,-5276.22
164,4.97971e+06,-5.00397e+06,550502,4.48583,-45.1393,702975,3702.05,3095.18,-5276.85
165,4.98341e+06,-5.00087e+06,545225,4.44274,-45.1002,702978,3696.92,3100.24,-5277.46
166,4.9871e+06,-4.99777e+06,539947,4.39965,-45.0612,702982,3691.8,3105.3,-5278.08
167,4.99079e+06,-4.99466e+06,534669,4.35656,-45.0222,702985,3686.67,3110.35,-5278.68
168,4.99447e+06,-4.99155e+06,529390,4.31346,-44.9832,702989,3681.54,3115.4,-5279.28
169,4.99815e+06,-4.98843e+06,524110,4.27036,-44.9442,702992,3676.4,3120.44,-5279.87
170,5.00183e+06,-4.98531e+06,518830,4.22726,-44.9052,702996,3671.27,3125.49,-5280.46
171,5.0055e+06,-4.98218e+06,513549,4.18416,-44.8663,702999,3666.12,3130.53,-5281.04
172,5.00916e+06,-4.97905e+06,508268,4.14105,-44.8273,703003,3660.98,3135.56,-5281.62
173,5.01282e+06,-4.97591e+06,502986,4.09794,-44.7883,703006,3655.83,3140.6,-5282.19
174,5.01647e+06,-4.97277e+06,497704,4.05483,-44.7493,703010,3650.68,3145.63,-5282.75
175,5.02012e+06,-4.96962e+06,492421,4.01172,-44.7104,703014,3645.52,3150.66,-5283.31
176,5.02376e+06,-4.96647e+06,487137,3.9686,-44.6714,703017,3640.36,3155.69,-5283.86
177,5.0274e+06,-4.96331e+06,481853,3.92548,-44.6324,703021,3635.2,3160.71,-5284.41
178,5.03103e+06,-4.96015e+06,476568,3.88237,-44.5935,703025,3630.04,3165.73,-5284.95
179,5.03466e+06,-4.95698e+06,471283,3.83924,-44.5545,703029,3624.87,3170.75,-5285.48
180,5.03828e+06,-4.9538e+06,465997,3.79612,-44.5156,703032,3619.7,3175.77,-5286.01
181,5.0419e+06,-4.95063e+06,460711,3.75299,-44.4767,703036,3614.52,3180.78,-5286.53
182,5.04551e+06,-4.94744e+06,455424,3.70987,-44.4377,703040,3609.34,3185.79,-5287.05
183,5.04912e+06,-4.94425e+06,450137,3.66673,-44.3988,703044,3604.16,3190.8,-5287.56
184,5.05272e+06,-4.94106e+06,444849,3.6236,-44.3599,703048,3598.98,3195.8,-5288.07
185,5.05632e+06,-4.93786e+06,439561,3.58047,-44.321,703052,3593.79,3200.8,-5288.56
186,5.05991e+06,-4.93466e+06,434272,3.53733,-44.282,703055,3588.6,3205.8,-5289.06
187,5.06349e+06,-4.93145e+06,428983,3.49419,-44.2431,703059,3583.4,3210.8,-5289.54
188,5.06707e+06,-4.92824e+06,423693,3.45105,-44.2042,703063,3578.2,3215.79,-5290.02
189,5.07065e+06,-4.92502e+06,418403,3.40791,-44.1653,703067,3573,3220.78,-5290.5
190,5.07422e+06,-4.9218e+06,413112,3.36477,-44.1264,703071,3567.8,3225.77,-5290.97
191,5.07778e+06,-4.91857e+06,407821,3.32162,-44.0875,703075,3562.59,3230.75,-5291.43
192,5.08134e+06,-4.91533e+06,402529,3.27847,-44.0486,703079,3557.38,3235.74,-5291.89
193,5.0849e+06,-4.9121e+06,397237,3.23532,-44.0097,703083,3552.16,3240.71,-5292.34
194,5.08845e+06,-4.90885e+06,391944,3.19217,-43.9708,703087,3546.95,3245.69,-5292.78
195,5.09199e+06,-4.90561e+06,386651,3.14902,-43.9319,703091,3541.73,3250.66,-5293.22
196,5.09553e+06,-4.90235e+06,381358,3.10586,-43.8931,703096,3536.5,3255.63,-5293.65
197,5.09907e+06,-4.89909e+06,376064,3.06271,-43.8542,703100,3531.27,3260.6,-5294.08
198,5.1026e+06,-4.89583e+06,370770,3.01955,-43.8153,703104,3526.04,3265.56,-5294.5
199,5.10612e+06,-4.89256e+06,365475,2.97639,-43.7764,703108,3520.81,3270.53,-5294.92
