0,275978,-5.4129e+06,4.54828e+06,40.1733,-87.0813,706210,6623.06,-1521.22,-2206.7
1,282601,-5.41442e+06,4.54607e+06,40.1499,-87.0122,706205,6622.53,-1516.13,-2211.82
2,289223,-5.41593e+06,4.54386e+06,40.1265,-86.9432,706200,6621.99,-1511.04,-2216.94
3,295845,-5.41744e+06,4.54164e+06,40.103,-86.8742,706195,6621.44,-1505.95,-2222.06
4,302466,-5.41894e+06,4.53942e+06,40.0794,-86.8053,706190,6620.89,-1500.85,-2227.17
5,309087,-5.42044e+06,4.53719e+06,40.0558,-86.7364,706185,6620.33,-1495.76,-2232.29
6,315707,-5.42193e+06,4.53495e+06,40.0322,-86.6676,706180,6619.76,-1490.66,-2237.4
7,322326,-5.42342e+06,4.53271e+06,40.0085,-86.5988,706175,6619.19,-1485.56,-2242.51
8,328945,-5.4249e+06,4.53047e+06,39.9848,-86.5301,706170,6618.61,-1480.46,-2247.61
9,335563,-5.42638e+06,4.52822e+06,39.961,-86.4614,706165,6618.02,-1475.36,-2252.72
10,342181,-5.42785e+06,4.52596e+06,39.9372,-86.3928,706160,6617.43,-1470.25,-2257.82
11,348798,-5.42932e+06,4.5237e+06,39.9134,-86.3242,706155,6616.83,-1465.15,-2262.91
12,355415,-5.43078e+06,4.52144e+06,39.8895,-86.2556,706150,6616.22,-1460.04,-2268.01
13,362031,-5.43224e+06,4.51916e+06,39.8655,-86.1872,706145,6615.6,-1454.93,-2273.1
14,368646,-5.43369e+06,4.51689e+06,39.8415,-86.1187,706140,6614.98,-1449.82,-2278.19
15,375261,-5.43514e+06,4.51461e+06,39.8175,-86.0504,706135,6614.36,-1444.7,-2283.28
16,381875,-5.43658e+06,4.51232e+06,39.7934,-85.982,706129,6613.72,-1439.59,-2288.37
17,388488,-5.43802e+06,4.51003e+06,39.7693,-85.9138,706124,6613.08,-1434.47,-2293.45
18,395101,-5.43945e+06,4.50774e+06,39.7451,-85.8456,706119,6612.44,-1429.35,-2298.53
19,401713,-5.44088e+06,4.50543e+06,39.7209,-85.7774,706114,6611.78,-1424.23,-2303.61
20,408324,-5.4423e+06,4.50313e+06,39.6966,-85.7093,706109,6611.12,-1419.11,-2308.68
21,414935,-5.44372e+06,4.50082e+06,39.6723,-85.6412,706104,6610.45,-1413.99,-2313.75
22,421545,-5.44513e+06,4.4985e+06,39.6479,-85.5732,706099,6609.78,-1408.86,-2318.82
23,428155,-5.44654e+06,4.49618e+06,39.6235,-85.5052,706093,6609.1,-1403.74,-2323.89
24,434763,-5.44794e+06,4.49385e+06,39.5991,-85.4373,706088,6608.41,-1398.61,-2328.96
25,441372,-5.44933e+06,4.49152e+06,39.5746,-85.3694,706083,6607.72,-1393.48,-2334.02
26,447979,-5.45072e+06,4.48919e+06,39.5501,-85.3016,706078,6607.02,-1388.35,-2339.08
27,454586,-5.45211e+06,4.48684e+06,39.5255,-85.2338,706073,6606.31,-1383.21,-2344.13
28,461192,-5.45349e+06,4.4845e+06,39.5008,-85.1661,706067,6605.6,-1378.08,-2349.19
29,467797,-5.45487e+06,4.48215e+06,39.4762,-85.0984,706062,6604.88,-1372.94,-2354.24
30,474401,-5.45624e+06,4.47979e+06,39.4515,-85.0308,706057,6604.15,-1367.8,-2359.29
31,481005,-5.4576e+06,4.47743e+06,39.4267,-84.9633,706052,6603.42,-1362.66,-2364.34
32,487608,-5.45896e+06,4.47506e+06,39.4019,-84.8957,706046,6602.68,-1357.52,-2369.38
33,494210,-5.46032e+06,4.47269e+06,39.3771,-84.8283,706041,6601.93,-1352.38,-2374.42
34,500812,-5.46167e+06,4.47031e+06,39.3522,-84.7609,706036,6601.18,-1347.23,-2379.46
35,507413,-5.46301e+06,4.46793e+06,39.3272,-84.6935,706031,6600.42,-1342.08,-2384.49
36,514013,-5.46435e+06,4.46554e+06,39.3023,-84.6262,706025,6599.65,-1336.94,-2389.53
37,520612,-5.46569e+06,4.46315e+06,39.2772,-84.5589,706020,6598.88,-1331.79,-2394.56
38,527211,-5.46701e+06,4.46075e+06,39.2522,-84.4917,706015,6598.1,-1326.63,-2399.58
39,533808,-5.46834e+06,4.45835e+06,39.2271,-84.4246,706010,6597.31,-1321.48,-2404.61
40,540405,-5.46966e+06,4.45594e+06,39.2019,-84.3575,706004,6596.52,-1316.33,-2409.63
41,547001,-5.47097e+06,4.45353e+06,39.1767,-84.2904,705999,6595.72,-1311.17,-2414.65
42,553597,-5.47228e+06,4.45111e+06,39.1515,-84.2234,705994,6594.91,-1306.01,-2419.67
43,560191,-5.47358e+06,4.44869e+06,39.1262,-84.1564,705988,6594.1,-1300.85,-2424.68
44,566785,-5.47488e+06,4.44627e+06,39.1008,-84.0895,705983,6593.28,-1295.69,-2429.69
45,573378,-5.47617e+06,4.44383e+06,39.0755,-84.0227,705978,6592.46,-1290.53,-2434.7
46,579970,-5.47746e+06,4.4414e+06,39.0501,-83.9559,705972,6591.62,-1285.37,-2439.71
47,586561,-5.47875e+06,4.43895e+06,39.0246,-83.8891,705967,6590.78,-1280.2,-2444.71
48,593151,-5.48002e+06,4.43651e+06,38.9991,-83.8224,705962,6589.94,-1275.03,-2449.71
49,599741,-5.4813e+06,4.43405e+06,38.9736,-83.7558,705956,6589.08,-1269.86,-2454.71
50,606330,-5.48256e+06,4.4316e+06,38.948,-83.6892,705951,6588.23,-1264.69,-2459.7
51,612917,-5.48382e+06,4.42913e+06,38.9223,-83.6226,705946,6587.36,-1259.52,-2464.69
52,619504,-5.48508e+06,4.42667e+06,38.8967,-83.5561,705940,6586.49,-1254.35,-2469.68
53,626090,-5.48633e+06,4.4242e+06,38.871,-83.4897,705935,6585.61,-1249.17,-2474.67
54,632675,-5.48758e+06,4.42172e+06,38.8452,-83.4233,705929,6584.72,-1244,-2479.65
55,639260,-5.48882e+06,4.41924e+06,38.8194,-83.3569,705924,6583.83,-1238.82,-2484.63
56,645843,-5.49006e+06,4.41675e+06,38.7936,-83.2906,705919,6582.93,-1233.64,-2489.61
57,652426,-5.49129e+06,4.41426e+06,38.7677,-83.2244,705913,6582.03,-1228.46,-2494.59
58,659007,-5.49251e+06,4.41176e+06,38.7417,-83.1582,705908,6581.11,-1223.27,-2499.56
59,665588,-5.49374e+06,4.40926e+06,38.7158,-83.0921,705902,6580.19,-1218.09,-2504.53
60,672168,-5.49495e+06,4.40675e+06,38.6898,-83.026,705897,6579.27,-1212.9,-2509.49
61,678746,-5.49616e+06,4.40424e+06,38.6637,-82.9599,705891,6578.34,-1207.72,-2514.46
62,685324,-5.49737e+06,4.40172e+06,38.6376,-82.8939,705886,6577.4,-1202.53,-2519.42
63,691901,-5.49857e+06,4.3992e+06,38.6115,-82.828,705881,6576.45,-1197.34,-2524.38
64,698477,-5.49976e+06,4.39667e+06,38.5853,-82.7621,705875,6575.5,-1192.15,-2529.33
65,705052,-5.50095e+06,4.39414e+06,38.5591,-82.6963,705870,6574.54,-1186.95,-2534.29
66,711626,-5.50213e+06,4.3916e+06,38.5328,-82.6305,705864,6573.58,-1181.76,-2539.24
67,718199,-5.50331e+06,4.38906e+06,38.5065,-82.5647,705859,6572.61,-1176.56,-2544.18
68,724771,-5.50449e+06,4.38652e+06,38.4801,-82.4991,705853,6571.63,-1171.36,-2549.13
69,731343,-5.50566e+06,4.38396e+06,38.4538,-82.4334,705848,6570.64,-1166.17,-2554.07
70,737913,-5.50682e+06,4.38141e+06,38.4273,-82.3678,705842,6569.65,-1160.97,-2559.01
71,744482,-5.50798e+06,4.37885e+06,38.4009,-82.3023,705837,6568.65,-1155.76,-2563.94
72,751050,-5.50913e+06,4.37628e+06,38.3743,-82.2368,705831,6567.65,-1150.56,-2568.87
73,757617,-5.51028e+06,4.37371e+06,38.3478,-82.1714,705826,6566.64,-1145.36,-2573.8
74,764183,-5.51142e+06,4.37113e+06,38.3212,-82.106,705820,6565.62,-1140.15,-2578.73
75,770748,-5.51256e+06,4.36855e+06,38.2945,-82.0407,705815,6564.6,-1134.94,-2583.65
76,777313,-5.51369e+06,4.36597e+06,38.2679,-81.9754,705809,6563.57,-1129.73,-2588.58
77,783876,-5.51482e+06,4.36337e+06,38.2411,-81.9102,705804,6562.53,-1124.52,-2593.49
78,790438,-5.51594e+06,4.36078e+06,38.2144,-81.845,705798,6561.48,-1119.31,-2598.41
79,796999,-5.51706e+06,4.35818e+06,38.1876,-81.7799,705793,6560.43,-1114.1,-2603.32
80,803558,-5.51817e+06,4.35557e+06,38.1607,-81.7148,705787,6559.38,-1108.88,-2608.23
81,810117,-5.51928e+06,4.35296e+06,38.1339,-81.6498,705782,6558.31,-1103.67,-2613.14
82,816675,-5.52038e+06,4.35035e+06,38.1069,-81.5848,705776,6557.24,-1098.45,-2618.04
83,823232,-5.52147e+06,4.34772e+06,38.08,-81.5199,705770,6556.16,-1093.23,-2622.94
84,829787,-5.52256e+06,4.3451e+06,38.053,-81.455,705765,6555.08,-1088.01,-2627.84
85,836342,-5.52365e+06,4.34247e+06,38.0259,-81.3902,705759,6553.99,-1082.79,-2632.73
86,842895,-5.52473e+06,4.33983e+06,37.9988,-81.3254,705754,6552.89,-1077.56,-2637.62
87,849448,-5.5258e+06,4.33719e+06,37.9717,-81.2607,705748,6551.79,-1072.34,-2642.51
88,855999,-5.52687e+06,4.33455e+06,37.9445,-81.196,705743,6550.68,-1067.11,-2647.4
89,862549,-5.52794e+06,4.3319e+06,37.9173,-81.1314,705737,6549.56,-1061.89,-2652.28
90,869098,-5.529e+06,4.32924e+06,37.8901,-81.0668,705731,6548.44,-1056.66,-2657.16
91,875646,-5.53005e+06,4.32658e+06,37.8628,-81.0023,705726,6547.31,-1051.43,-2662.04
92,882193,-5.5311e+06,4.32392e+06,37.8355,-80.9378,705720,6546.18,-1046.2,-2666.91
93,888738,-5.53214e+06,4.32125e+06,37.8081,-80.8734,705714,6545.03,-1040.96,-2671.78
94,895283,-5.53318e+06,4.31858e+06,37.7807,-80.8091,705709,6543.88,-1035.73,-2676.65
95,901826,-5.53422e+06,4.3159e+06,37.7532,-80.7447,705703,6542.73,-1030.49,-2681.51
96,908368,-5.53524e+06,4.31321e+06,37.7257,-80.6805,705698,6541.57,-1025.26,-2686.38
97,914909,-5.53627e+06,4.31053e+06,37.6982,-80.6163,705692,6540.4,-1020.02,-2691.23
98,921449,-5.53728e+06,4.30783e+06,37.6706,-80.5521,705686,6539.22,-1014.78,-2696.09
99,927988,-5.5383e+06,4.30513e+06,37.643,-80.488,705681,6538.04,-1009.54,-2700.94
100,934525,-5.5393e+06,4.30243e+06,37.6154,-80.4239,705675,6536.85,-1004.3,-2705.79
101,941061,-5.5403e+06,4.29972e+06,37.5877,-80.3599,705669,6535.66,-999.055,-2710.64
102,947596,-5.5413e+06,4.29701e+06,37.56,-80.2959,705664,6534.46,-993.81,-2715.48
103,954130,-5.54229e+06,4.29429e+06,37.5322,-80.232,705658,6533.25,-988.564,-2720.32
104,960663,-5.54328e+06,4.29157e+06,37.5044,-80.1682,705652,6532.03,-983.317,-2725.16
105,967194,-5.54426e+06,4.28884e+06,37.4766,-80.1043,705647,6530.81,-978.069,-2729.99
106,973725,-5.54523e+06,4.28611e+06,37.4487,-80.0406,705641,6529.58,-972.819,-2734.83
107,980254,-5.5462e+06,4.28337e+06,37.4208,-79.9769,705635,6528.35,-967.568,-2739.65
108,986781,-5.54717e+06,4.28063e+06,37.3928,-79.9132,705630,6527.11,-962.316,-2744.48
109,993308,-5.54813e+06,4.27788e+06,37.3648,-79.8496,705624,6525.86,-957.062,-2749.3
110,999833,-5.54908e+06,4.27513e+06,37.3368,-79.786,705618,6524.61,-951.808,-2754.12
111,1.00636e+06,-5.55003e+06,4.27237e+06,37.3087,-79.7225,705613,6523.35,-946.552,-2758.94
112,1.01288e+06,-5.55098e+06,4.26961e+06,37.2806,-79.6591,705607,6522.08,-941.294,-2763.75
113,1.0194e+06,-5.55191e+06,4.26685e+06,37.2524,-79.5957,705601,6520.81,-936.036,-2768.56
114,1.02592e+06,-5.55285e+06,4.26407e+06,37.2242,-79.5323,705595,6519.53,-930.776,-2773.36
115,1.03244e+06,-5.55378e+06,4.2613e+06,37.196,-79.469,705590,6518.24,-925.515,-2778.17
116,1.03896e+06,-5.5547e+06,4.25852e+06,37.1677,-79.4057,705584,6516.95,-920.253,-2782.97
117,1.04547e+06,-5.55562e+06,4.25573e+06,37.1394,-79.3425,705578,6515.65,-914.99,-2787.77
118,1.05199e+06,-5.55653e+06,4.25294e+06,37.111,-79.2794,705573,6514.34,-909.725,-2792.56
119,1.0585e+06,-5.55744e+06,4.25015e+06,37.0827,-79.2163,705567,6513.03,-904.459,-2797.35
120,1.06502e+06,-5.55834e+06,4.24735e+06,37.0542,-79.1532,705561,6511.71,-899.192,-2802.14
121,1.07153e+06,-5.55923e+06,4.24454e+06,37.0258,-79.0902,705555,6510.38,-893.924,-2806.92
122,1.07804e+06,-5.56013e+06,4.24173e+06,36.9973,-79.0272,705550,6509.05,-888.654,-2811.7
123,1.08454e+06,-5.56101e+06,4.23892e+06,36.9687,-78.9643,705544,6507.71,-883.384,-2816.48
124,1.09105e+06,-5.56189e+06,4.2361e+06,36.9402,-78.9015,705538,6506.37,-878.112,-2821.26
125,1.09756e+06,-5.56277e+06,4.23328e+06,36.9115,-78.8387,705532,6505.02,-872.839,-2826.03
126,1.10406e+06,-5.56364e+06,4.23045e+06,36.8829,-78.7759,705527,6503.66,-867.564,-2830.8
127,1.11056e+06,-5.5645e+06,4.22762e+06,36.8542,-78.7132,705521,6502.29,-862.289,-2835.56
128,1.11707e+06,-5.56536e+06,4.22478e+06,36.8255,-78.6505,705515,6500.92,-857.012,-2840.33
129,1.12357e+06,-5.56622e+06,4.22194e+06,36.7967,-78.5879,705509,6499.54,-851.735,-2845.08
130,1.13007e+06,-5.56707e+06,4.21909e+06,36.7679,-78.5254,705504,6498.16,-846.456,-2849.84
131,1.13656e+06,-5.56791e+06,4.21624e+06,36.7391,-78.4629,705498,6496.77,-841.176,-2854.59
132,1.14306e+06,-5.56875e+06,4.21338e+06,36.7102,-78.4004,705492,6495.37,-835.895,-2859.34
133,1.14955e+06,-5.56958e+06,4.21052e+06,36.6813,-78.338,705486,6493.97,-830.612,-2864.09
134,1.15605e+06,-5.57041e+06,4.20765e+06,36.6523,-78.2756,705480,6492.56,-825.329,-2868.83
135,1.16254e+06,-5.57123e+06,4.20478e+06,36.6233,-78.2133,705475,6491.14,-820.044,-2873.57
136,1.16903e+06,-5.57205e+06,4.2019e+06,36.5943,-78.1511,705469,6489.72,-814.758,-2878.31
137,1.17552e+06,-5.57286e+06,4.19902e+06,36.5653,-78.0889,705463,6488.29,-809.471,-2883.04
138,1.18201e+06,-5.57367e+06,4.19614e+06,36.5362,-78.0267,705457,6486.85,-804.183,-2887.77
139,1.18849e+06,-5.57447e+06,4.19325e+06,36.507,-77.9646,705451,6485.41,-798.894,-2892.5
140,1.19498e+06,-5.57527e+06,4.19035e+06,36.4778,-77.9025,705446,6483.96,-793.604,-2897.22
141,1.20146e+06,-5.57606e+06,4.18745e+06,36.4486,-77.8405,705440,6482.5,-788.313,-2901.94
142,1.20794e+06,-5.57684e+06,4.18455e+06,36.4194,-77.7786,705434,6481.04,-783.02,-2906.66
143,1.21442e+06,-5.57762e+06,4.18164e+06,36.3901,-77.7166,705428,6479.57,-777.726,-2911.37
144,1.2209e+06,-5.5784e+06,4.17873e+06,36.3608,-77.6548,705422,6478.1,-772.432,-2916.08
145,1.22738e+06,-5.57917e+06,4.17581e+06,36.3314,-77.593,705416,6476.62,-767.136,-2920.79
146,1.23385e+06,-5.57993e+06,4.17288e+06,36.302,-77.5312,705411,6475.13,-761.839,-2925.5
147,1.24033e+06,-5.58069e+06,4.16996e+06,36.2726,-77.4695,705405,6473.63,-756.541,-2930.2
148,1.2468e+06,-5.58145e+06,4.16702e+06,36.2431,-77.4078,705399,6472.13,-751.242,-2934.89
149,1.25327e+06,-5.5822e+06,4.16409e+06,36.2136,-77.3462,705393,6470.62,-745.942,-2939.59
150,1.25974e+06,-5.58294e+06,4.16114e+06,36.1841,-77.2846,705387,6469.11,-740.641,-2944.28
151,1.26621e+06,-5.58368e+06,4.1582e+06,36.1545,-77.2231,705381,6467.59,-735.339,-2948.97
152,1.27268e+06,-5.58441e+06,4.15525e+06,36.1249,-77.1617,705376,6466.06,-730.036,-2953.65
153,1.27914e+06,-5.58514e+06,4.15229e+06,36.0953,-77.1002,705370,6464.53,-724.731,-2958.33
154,1.28561e+06,-5.58586e+06,4.14933e+06,36.0656,-77.0389,705364,6462.99,-719.426,-2963.01
155,1.29207e+06,-5.58658e+06,4.14636e+06,36.0359,-76.9775,705358,6461.44,-714.12,-2967.68
156,1.29853e+06,-5.58729e+06,4.14339e+06,36.0061,-76.9163,705352,6459.89,-708.812,-2972.35
157,1.30499e+06,-5.58799e+06,4.14042e+06,35.9763,-76.8551,705346,6458.33,-703.504,-2977.02
158,1.31145e+06,-5.58869e+06,4.13744e+06,35.9465,-76.7939,705340,6456.77,-698.195,-2981.69
159,1.3179e+06,-5.58939e+06,4.13446e+06,35.9166,-76.7328,705334,6455.19,-692.884,-2986.35
160,1.32436e+06,-5.59008e+06,4.13147e+06,35.8867,-76.6717,705329,6453.62,-687.573,-2991
161,1.33081e+06,-5.59076e+06,4.12847e+06,35.8568,-76.6107,705323,6452.03,-682.26,-2995.66
162,1.33726e+06,-5.59144e+06,4.12548e+06,35.8268,-76.5497,705317,6450.44,-676.947,-3000.31
163,1.34371e+06,-5.59212e+06,4.12247e+06,35.7968,-76.4888,705311,6448.84,-671.632,-3004.96
164,1.35016e+06,-5.59279e+06,4.11947e+06,35.7668,-76.4279,705305,6447.24,-666.317,-3009.6
165,1.3566e+06,-5.59345e+06,4.11646e+06,35.7367,-76.367,705299,6445.63,-661,-3014.24
166,1.36305e+06,-5.59411e+06,4.11344e+06,35.7066,-76.3063,705293,6444.01,-655.683,-3018.88
167,1.36949e+06,-5.59476e+06,4.11042e+06,35.6765,-76.2455,705287,6442.39,-650.364,-3023.51
168,1.37593e+06,-5.59541e+06,4.10739e+06,35.6463,-76.1848,705282,6440.76,-645.045,-3028.14
169,1.38237e+06,-5.59605e+06,4.10436e+06,35.6161,-76.1242,705276,6439.12,-639.725,-3032.77
170,1.38881e+06,-5.59669e+06,4.10133e+06,35.5858,-76.0636,705270,6437.48,-634.403,-3037.39
171,1.39525e+06,-5.59732e+06,4.09829e+06,35.5555,-76.0031,705264,6435.83,-629.081,-3042.01
172,1.40168e+06,-5.59795e+06,4.09524e+06,35.5252,-75.9426,705258,6434.17,-623.758,-3046.63
173,1.40812e+06,-5.59857e+06,4.09219e+06,35.4949,-75.8822,705252,6432.51,-618.434,-3051.24
174,1.41455e+06,-5.59918e+06,4.08914e+06,35.4645,-75.8218,705246,6430.84,-613.109,-3055.85
175,1.42098e+06,-5.5998e+06,4.08608e+06,35.434,-75.7614,705240,6429.17,-607.783,-3060.46
176,1.42741e+06,-5.6004e+06,4.08302e+06,35.4036,-75.7011,705234,6427.48,-602.456,-3065.06
177,1.43383e+06,-5.601e+06,4.07995e+06,35.3731,-75.6409,705228,6425.8,-597.128,-3069.66
178,1.44026e+06,-5.60159e+06,4.07688e+06,35.3426,-75.5807,705222,6424.1,-591.799,-3074.26
179,1.44668e+06,-5.60218e+06,4.0738e+06,35.312,-75.5205,705217,6422.4,-586.469,-3078.85
180,1.4531e+06,-5.60277e+06,4.07072e+06,35.2814,-75.4604,705211,6420.69,-581.138,-3083.44
181,1.45952e+06,-5.60335e+06,4.06764e+06,35.2508,-75.4004,705205,6418.98,-575.807,-3088.03
182,1.46594e+06,-5.60392e+06,4.06455e+06,35.2201,-75.3404,705199,6417.26,-570.474,-3092.61
183,1.47236e+06,-5.60449e+06,4.06145e+06,35.1894,-75.2804,705193,6415.53,-565.141,-3097.19
184,1.47877e+06,-5.60505e+06,4.05835e+06,35.1587,-75.2205,705187,6413.8,-559.807,-3101.76
185,1.48519e+06,-5.60561e+06,4.05525e+06,35.1279,-75.1606,705181,6412.06,-554.472,-3106.33
186,1.4916e+06,-5.60616e+06,4.05214e+06,35.0971,-75.1008,705175,6410.32,-549.136,-3110.9
187,1.49801e+06,-5.6067e+06,4.04903e+06,35.0663,-75.0411,705169,6408.57,-543.799,-3115.47
188,1.50441e+06,-5.60725e+06,4.04591e+06,35.0354,-74.9813,705163,6406.81,-538.461,-3120.03
189,1.51082e+06,-5.60778e+06,4.04279e+06,35.0045,-74.9217,705157,6405.04,-533.122,-3124.59
190,1.51722e+06,-5.60831e+06,4.03966e+06,34.9736,-74.8621,705151,6403.27,-527.783,-3129.14
191,1.52363e+06,-5.60884e+06,4.03653e+06,34.9426,-74.8025,705145,6401.49,-522.442,-3133.69
192,1.53003e+06,-5.60936e+06,4.03339e+06,34.9116,-74.743,705139,6399.71,-517.101,-3138.24
193,1.53643e+06,-5.60987e+06,4.03025e+06,34.8806,-74.6835,705133,6397.92,-511.759,-3142.78
194,1.54282e+06,-5.61038e+06,4.02711e+06,34.8495,-74.624,705128,6396.12,-506.416,-3147.32
195,1.54922e+06,-5.61088e+06,4.02396e+06,34.8184,-74.5647,705122,6394.32,-501.072,-3151.86
196,1.55561e+06,-5.61138e+06,4.0208e+06,34.7873,-74.5053,705116,6392.51,-495.728,-3156.39
197,1.562e+06,-5.61188e+06,4.01764e+06,34.7561,-74.446,705110,6390.7,-490.382,-3160.92
198,1.56839e+06,-5.61236e+06,4.01448e+06,34.7249,-74.3868,705104,6388.87,-485.036,-3165.45
199,1.57478e+06,-5.61285e+06,4.01131e+06,34.6937,-74.3276,705098,6387.05,-479.689,-3169.97
