0,-4.96939e+06,4.2564e+06,2.7e+06,22.5459,139.419,703251,-2019.51,-5202.74,4468.63
1,-4.97141e+06,4.2512e+06,2.70446e+06,22.5852,139.465,703255,-2014.71,-5207.21,4465.58
2,-4.97342e+06,4.24599e+06,2.70893e+06,22.6245,139.511,703259,-2009.91,-5211.67,4462.53
3,-4.97543e+06,4.24078e+06,2.71339e+06,22.6638,139.558,703264,-2005.1,-5216.12,4459.48
4,-4.97743e+06,4.23556e+06,2.71785e+06,22.7031,139.604,703268,-2000.29,-5220.58,4456.41
5,-4.97943e+06,4.23033e+06,2.7223e+06,22.7423,139.65,703272,-1995.48,-5225.02,4453.35
6,-4.98142e+06,4.22511e+06,2.72675e+06,22.7816,139.696,703276,-1990.67,-5229.46,4450.28
7,-4.98341e+06,4.21988e+06,2.7312e+06,22.8208,139.743,703280,-1985.86,-5233.9,4447.2
8,-4.98539e+06,4.21464e+06,2.73565e+06,22.86,139.789,703285,-1981.04,-5238.33,4444.12
9,-4.98737e+06,4.2094e+06,2.74009e+06,22.8991,139.835,703289,-1976.23,-5242.75,4441.03
10,-4.98935e+06,4.20415e+06,2.74453e+06,22.9383,139.882,703293,-1971.41,-5247.17,4437.94
11,-4.99131e+06,4.1989e+06,2.74897e+06,22.9775,139.928,703297,-1966.59,-5251.59,4434.84
12,-4.99328e+06,4.19365e+06,2.7534e+06,23.0166,139.974,703301,-1961.77,-5256,4431.74
13,-4.99524e+06,4.18839e+06,2.75783e+06,23.0557,140.021,703306,-1956.95,-5260.4,4428.64
14,-4.99719e+06,4.18313e+06,2.76226e+06,23.0948,140.067,703310,-1952.13,-5264.8,4425.52
15,-4.99914e+06,4.17786e+06,2.76668e+06,23.1339,140.114,703314,-1947.3,-5269.19,4422.41
16,-5.00109e+06,4.17259e+06,2.7711e+06,23.173,140.161,703319,-1942.47,-5273.58,4419.29
17,-5.00303e+06,4.16732e+06,2.77552e+06,23.212,140.207,703323,-1937.65,-5277.96,4416.16
18,-5.00496e+06,4.16204e+06,2.77993e+06,23.2511,140.254,703327,-1932.82,-5282.34,4413.03
19,-5.00689e+06,4.15675e+06,2.78435e+06,23.2901,140.3,703332,-1927.99,-5286.72,4409.89
20,-5.00882e+06,4.15146e+06,2.78875e+06,23.3291,140.347,703336,-1923.15,-5291.08,4406.75
21,-5.01074e+06,4.14617e+06,2.79316e+06,23.3681,140.394,703340,-1918.32,-5295.45,4403.6
22,-5.01265e+06,4.14087e+06,2.79756e+06,23.407,140.44,703345,-1913.48,-5299.8,4400.45
23,-5.01457e+06,4.13557e+06,2.80196e+06,23.446,140.487,703349,-1908.65,-5304.16,4397.3
24,-5.01647e+06,4.13026e+06,2.80636e+06,23.4849,140.534,703353,-1903.81,-5308.5,4394.14
25,-5.01837e+06,4.12495e+06,2.81075e+06,23.5238,140.581,703358,-1898.97,-5312.84,4390.97
26,-5.02027e+06,4.11964e+06,2.81514e+06,23.5627,140.628,703362,-1894.12,-5317.18,4387.8
27,-5.02216e+06,4.11432e+06,2.81952e+06,23.6016,140.675,703367,-1889.28,-5321.51,4384.62
28,-5.02405e+06,4.10899e+06,2.82391e+06,23.6405,140.721,703371,-1884.44,-5325.84,4381.44
29,-5.02593e+06,4.10367e+06,2.82829e+06,23.6793,140.768,703376,-1879.59,-5330.16,4378.26
30,-5.02781e+06,4.09833e+06,2.83266e+06,23.7182,140.815,703380,-1874.74,-5334.47,4375.06
31,-5.02968e+06,4.093e+06,2.83704e+06,23.757,140.862,703384,-1869.89,-5338.78,4371.87
32,-5.03155e+06,4.08766e+06,2.84141e+06,23.7958,140.909,703389,-1865.04,-5343.09,4368.67
33,-5.03341e+06,4.08231e+06,2.84577e+06,23.8346,140.956,703393,-1860.19,-5347.39,4365.46
34,-5.03527e+06,4.07696e+06,2.85014e+06,23.8733,141.004,703398,-1855.34,-5351.68,4362.25
35,-5.03712e+06,4.07161e+06,2.8545e+06,23.9121,141.051,703402,-1850.48,-5355.97,4359.04
36,-5.03897e+06,4.06625e+06,2.85886e+06,23.9508,141.098,703407,-1845.63,-5360.26,4355.82
37,-5.04081e+06,4.06089e+06,2.86321e+06,23.9895,141.145,703411,-1840.77,-5364.53,4352.59
38,-5.04265e+06,4.05552e+06,2.86756e+06,24.0282,141.192,703416,-1835.91,-5368.81,4349.36
39,-5.04448e+06,4.05015e+06,2.87191e+06,24.0669,141.239,703421,-1831.05,-5373.08,4346.13
40,-5.04631e+06,4.04477e+06,2.87625e+06,24.1056,141.287,703425,-1826.19,-5377.34,4342.89
41,-5.04814e+06,4.0394e+06,2.8806e+06,24.1442,141.334,703430,-1821.32,-5381.6,4339.64
42,-5.04996e+06,4.03401e+06,2.88493e+06,24.1829,141.381,703434,-1816.46,-5385.85,4336.39
43,-5.05177e+06,4.02862e+06,2.88927e+06,24.2215,141.429,703439,-1811.59,-5390.09,4333.14
44,-5.05358e+06,4.02323e+06,2.8936e+06,24.2601,141.476,703443,-1806.72,-5394.34,4329.88
45,-5.05538e+06,4.01783e+06,2.89793e+06,24.2986,141.524,703448,-1801.86,-5398.57,4326.61
46,-5.05718e+06,4.01243e+06,2.90225e+06,24.3372,141.571,703453,-1796.99,-5402.8,4323.34
47,-5.05898e+06,4.00703e+06,2.90657e+06,24.3757,141.619,703457,-1792.11,-5407.03,4320.07
48,-5.06077e+06,4.00162e+06,2.91089e+06,24.4142,141.666,703462,-1787.24,-5411.25,4316.79
49,-5.06255e+06,3.99621e+06,2.91521e+06,24.4527,141.714,703467,-1782.37,-5415.46,4313.51
50,-5.06433e+06,3.99079e+06,2.91952e+06,24.4912,141.761,703471,-1777.49,-5419.67,4310.22
51,-5.06611e+06,3.98537e+06,2.92383e+06,24.5297,141.809,703476,-1772.61,-5423.87,4306.92
52,-5.06788e+06,3.97994e+06,2.92813e+06,24.5681,141.856,703481,-1767.73,-5428.07,4303.62
53,-5.06964e+06,3.97451e+06,2.93244e+06,24.6066,141.904,703485,-1762.85,-5432.27,4300.32
54,-5.0714e+06,3.96908e+06,2.93673e+06,24.645,141.952,703490,-1757.97,-5436.45,4297.01
55,-5.07316e+06,3.96364e+06,2.94103e+06,24.6834,142,703495,-1753.09,-5440.64,4293.7
56,-5.07491e+06,3.9582e+06,2.94532e+06,24.7218,142.047,703499,-1748.2,-5444.81,4290.38
57,-5.07665e+06,3.95275e+06,2.94961e+06,24.7601,142.095,703504,-1743.32,-5448.99,4287.06
58,-5.07839e+06,3.9473e+06,2.9539e+06,24.7985,142.143,703509,-1738.43,-5453.15,4283.73
59,-5.08013e+06,3.94184e+06,2.95818e+06,24.8368,142.191,703514,-1733.54,-5457.31,4280.4
60,-5.08186e+06,3.93638e+06,2.96246e+06,24.8751,142.239,703518,-1728.65,-5461.47,4277.06
61,-5.08359e+06,3.93092e+06,2.96673e+06,24.9134,142.287,703523,-1723.76,-5465.62,4273.72
62,-5.08531e+06,3.92545e+06,2.971e+06,24.9516,142.335,703528,-1718.87,-5469.76,4270.37
63,-5.08703e+06,3.91998e+06,2.97527e+06,24.9899,142.383,703533,-1713.98,-5473.9,4267.02
64,-5.08874e+06,3.9145e+06,2.97954e+06,25.0281,142.431,703538,-1709.08,-5478.04,4263.67
65,-5.09044e+06,3.90902e+06,2.9838e+06,25.0663,142.479,703542,-1704.19,-5482.16,4260.3
66,-5.09215e+06,3.90354e+06,2.98806e+06,25.1045,142.527,703547,-1699.29,-5486.29,4256.94
67,-5.09384e+06,3.89805e+06,2.99231e+06,25.1427,142.575,703552,-1694.39,-5490.41,4253.57
68,-5.09553e+06,3.89256e+06,2.99657e+06,25.1809,142.623,703557,-1689.49,-5494.52,4250.19
69,-5.09722e+06,3.88706e+06,3.00081e+06,25.219,142.671,703562,-1684.59,-5498.62,4246.81
70,-5.0989e+06,3.88156e+06,3.00506e+06,25.2571,142.72,703567,-1679.69,-5502.73,4243.43
71,-5.10058e+06,3.87606e+06,3.0093e+06,25.2952,142.768,703571,-1674.78,-5506.82,4240.04
72,-5.10225e+06,3.87055e+06,3.01354e+06,25.3333,142.816,703576,-1669.88,-5510.91,4236.64
73,-5.10392e+06,3.86503e+06,3.01777e+06,25.3714,142.865,703581,-1664.97,-5515,4233.24
74,-5.10558e+06,3.85952e+06,3.02201e+06,25.4094,142.913,703586,-1660.06,-5519.08,4229.84
75,-5.10724e+06,3.854e+06,3.02623e+06,25.4474,142.961,703591,-1655.16,-5523.15,4226.43
76,-5.10889e+06,3.84847e+06,3.03046e+06,25.4854,143.01,703596,-1650.25,-5527.22,4223.02
77,-5.11054e+06,3.84294e+06,3.03468e+06,25.5234,143.058,703601,-1645.33,-5531.28,4219.6
78,-5.11218e+06,3.83741e+06,3.0389e+06,25.5614,143.107,703606,-1640.42,-5535.34,4216.17
79,-5.11382e+06,3.83187e+06,3.04311e+06,25.5993,143.155,703611,-1635.51,-5539.39,4212.75
80,-5.11546e+06,3.82633e+06,3.04732e+06,25.6373,143.204,703616,-1630.59,-5543.44,4209.31
81,-5.11708e+06,3.82078e+06,3.05153e+06,25.6752,143.252,703621,-1625.68,-5547.48,4205.87
82,-5.11871e+06,3.81524e+06,3.05574e+06,25.7131,143.301,703626,-1620.76,-5551.51,4202.43
83,-5.12032e+06,3.80968e+06,3.05994e+06,25.751,143.35,703631,-1615.84,-5555.54,4198.99
84,-5.12194e+06,3.80412e+06,3.06413e+06,25.7888,143.398,703636,-1610.92,-5559.57,4195.53
85,-5.12355e+06,3.79856e+06,3.06833e+06,25.8266,143.447,703641,-1606,-5563.59,4192.08
86,-5.12515e+06,3.793e+06,3.07252e+06,25.8645,143.496,703646,-1601.08,-5567.6,4188.62
87,-5.12675e+06,3.78743e+06,3.0767e+06,25.9022,143.545,703651,-1596.15,-5571.61,4185.15
88,-5.12834e+06,3.78185e+06,3.08089e+06,25.94,143.593,703656,-1591.23,-5575.61,4181.68
89,-5.12993e+06,3.77628e+06,3.08507e+06,25.9778,143.642,703661,-1586.3,-5579.61,4178.2
90,-5.13151e+06,3.77069e+06,3.08924e+06,26.0155,143.691,703666,-1581.37,-5583.6,4174.72
91,-5.13309e+06,3.76511e+06,3.09342e+06,26.0532,143.74,703671,-1576.45,-5587.59,4171.24
92,-5.13467e+06,3.75952e+06,3.09759e+06,26.0909,143.789,703676,-1571.52,-5591.57,4167.75
93,-5.13624e+06,3.75393e+06,3.10175e+06,26.1286,143.838,703681,-1566.59,-5595.54,4164.26
94,-5.1378e+06,3.74833e+06,3.10591e+06,26.1663,143.887,703686,-1561.65,-5599.51,4160.76
95,-5.13936e+06,3.74273e+06,3.11007e+06,26.2039,143.936,703691,-1556.72,-5603.48,4157.25
96,-5.14091e+06,3.73712e+06,3.11423e+06,26.2415,143.985,703696,-1551.79,-5607.43,4153.74
97,-5.14246e+06,3.73151e+06,3.11838e+06,26.2791,144.034,703701,-1546.85,-5611.39,4150.23
98,-5.14401e+06,3.7259e+06,3.12253e+06,26.3167,144.084,703706,-1541.91,-5615.33,4146.71
99,-5.14555e+06,3.72028e+06,3.12667e+06,26.3543,144.133,703711,-1536.98,-5619.28,4143.19
100,-5.14708e+06,3.71466e+06,3.13082e+06,26.3918,144.182,703716,-1532.04,-5623.21,4139.67
101,-5.14861e+06,3.70903e+06,3.13495e+06,26.4293,144.231,703722,-1527.1,-5627.14,4136.13
102,-5.15014e+06,3.70341e+06,3.13909e+06,26.4668,144.281,703727,-1522.16,-5631.07,4132.6
103,-5.15166e+06,3.69777e+06,3.14322e+06,26.5043,144.33,703732,-1517.21,-5634.99,4129.06
104,-5.15317e+06,3.69214e+06,3.14735e+06,26.5417,144.379,703737,-1512.27,-5638.9,4125.51
105,-5.15468e+06,3.68649e+06,3.15147e+06,26.5792,144.429,703742,-1507.33,-5642.81,4121.96
106,-5.15619e+06,3.68085e+06,3.15559e+06,26.6166,144.478,703747,-1502.38,-5646.71,4118.41
107,-5.15769e+06,3.6752e+06,3.15971e+06,26.654,144.528,703753,-1497.43,-5650.61,4114.85
108,-5.15918e+06,3.66955e+06,3.16382e+06,26.6914,144.577,703758,-1492.49,-5654.5,4111.28
109,-5.16067e+06,3.66389e+06,3.16793e+06,26.7287,144.627,703763,-1487.54,-5658.38,4107.71
110,-5.16216e+06,3.65823e+06,3.17204e+06,26.7661,144.676,703768,-1482.59,-5662.26,4104.14
111,-5.16364e+06,3.65257e+06,3.17614e+06,26.8034,144.726,703773,-1477.64,-5666.14,4100.56
112,-5.16511e+06,3.6469e+06,3.18024e+06,26.8407,144.775,703779,-1472.68,-5670.01,4096.98
113,-5.16658e+06,3.64123e+06,3.18433e+06,26.8779,144.825,703784,-1467.73,-5673.87,4093.39
114,-5.16805e+06,3.63555e+06,3.18842e+06,26.9152,144.875,703789,-1462.78,-5677.73,4089.8
115,-5.16951e+06,3.62987e+06,3.19251e+06,26.9524,144.925,703794,-1457.82,-5681.58,4086.2
116,-5.17096e+06,3.62419e+06,3.1966e+06,26.9896,144.974,703799,-1452.87,-5685.43,4082.6
117,-5.17241e+06,3.6185e+06,3.20068e+06,27.0268,145.024,703805,-1447.91,-5689.27,4079
118,-5.17386e+06,3.61281e+06,3.20475e+06,27.064,145.074,703810,-1442.95,-5693.1,4075.39
119,-5.1753e+06,3.60712e+06,3.20883e+06,27.1011,145.124,703815,-1437.99,-5696.93,4071.77
120,-5.17673e+06,3.60142e+06,3.2129e+06,27.1383,145.174,703820,-1433.03,-5700.75,4068.15
121,-5.17816e+06,3.59571e+06,3.21696e+06,27.1754,145.224,703826,-1428.07,-5704.57,4064.53
122,-5.17959e+06,3.59001e+06,3.22103e+06,27.2125,145.274,703831,-1423.1,-5708.39,4060.9
123,-5.18101e+06,3.5843e+06,3.22509e+06,27.2495,145.324,703836,-1418.14,-5712.19,4057.27
124,-5.18243e+06,3.57858e+06,3.22914e+06,27.2866,145.374,703842,-1413.18,-5715.99,4053.63
125,-5.18384e+06,3.57286e+06,3.23319e+06,27.3236,145.424,703847,-1408.21,-5719.79,4049.99
126,-5.18524e+06,3.56714e+06,3.23724e+06,27.3606,145.474,703852,-1403.24,-5723.58,4046.34
127,-5.18664e+06,3.56142e+06,3.24129e+06,27.3976,145.524,703858,-1398.28,-5727.36,4042.69
128,-5.18804e+06,3.55569e+06,3.24533e+06,27.4345,145.575,703863,-1393.31,-5731.14,4039.03
129,-5.18943e+06,3.54996e+06,3.24936e+06,27.4715,145.625,703868,-1388.34,-5734.91,4035.37
130,-5.19082e+06,3.54422e+06,3.2534e+06,27.5084,145.675,703874,-1383.37,-5738.68,4031.71
131,-5.1922e+06,3.53848e+06,3.25743e+06,27.5453,145.726,703879,-1378.39,-5742.44,4028.04
132,-5.19357e+06,3.53273e+06,3.26145e+06,27.5821,145.776,703884,-1373.42,-5746.2,4024.36
133,-5.19494e+06,3.52699e+06,3.26548e+06,27.619,145.826,703890,-1368.45,-5749.95,4020.68
134,-5.19631e+06,3.52123e+06,3.26949e+06,27.6558,145.877,703895,-1363.47,-5753.69,4017
135,-5.19767e+06,3.51548e+06,3.27351e+06,27.6926,145.927,703900,-1358.5,-5757.43,4013.31
136,-5.19903e+06,3.50972e+06,3.27752e+06,27.7294,145.978,703906,-1353.52,-5761.16,4009.62
137,-5.20038e+06,3.50396e+06,3.28153e+06,27.7662,146.028,703911,-1348.54,-5764.89,4005.92
138,-5.20172e+06,3.49819e+06,3.28553e+06,27.8029,146.079,703917,-1343.56,-5768.61,4002.22
139,-5.20306e+06,3.49242e+06,3.28953e+06,27.8396,146.13,703922,-1338.58,-5772.33,3998.52
140,-5.2044e+06,3.48664e+06,3.29353e+06,27.8763,146.18,703928,-1333.6,-5776.03,3994.81
141,-5.20573e+06,3.48087e+06,3.29752e+06,27.913,146.231,703933,-1328.62,-5779.74,3991.09
142,-5.20706e+06,3.47509e+06,3.30151e+06,27.9497,146.282,703938,-1323.64,-5783.44,3987.37
143,-5.20838e+06,3.4693e+06,3.3055e+06,27.9863,146.332,703944,-1318.66,-5787.13,3983.65
144,-5.20969e+06,3.46351e+06,3.30948e+06,28.0229,146.383,703949,-1313.67,-5790.82,3979.92
145,-5.21101e+06,3.45772e+06,3.31346e+06,28.0595,146.434,703955,-1308.69,-5794.5,3976.19
146,-5.21231e+06,3.45192e+06,3.31743e+06,28.0961,146.485,703960,-1303.7,-5798.17,3972.45
147,-5.21361e+06,3.44612e+06,3.3214e+06,28.1326,146.536,703966,-1298.71,-5801.84,3968.71
148,-5.21491e+06,3.44032e+06,3.32537e+06,28.1691,146.587,703971,-1293.73,-5805.51,3964.96
149,-5.2162e+06,3.43451e+06,3.32933e+06,28.2056,146.638,703977,-1288.74,-5809.16,3961.21
150,-5.21749e+06,3.4287e+06,3.33329e+06,28.2421,146.689,703982,-1283.75,-5812.82,3957.46
151,-5.21877e+06,3.42289e+06,3.33725e+06,28.2786,146.74,703988,-1278.76,-5816.46,3953.7
152,-5.22004e+06,3.41707e+06,3.3412e+06,28.315,146.791,703993,-1273.77,-5820.1,3949.93
153,-5.22132e+06,3.41124e+06,3.34515e+06,28.3514,146.842,703998,-1268.77,-5823.74,3946.17
154,-5.22258e+06,3.40542e+06,3.34909e+06,28.3878,146.893,704004,-1263.78,-5827.37,3942.39
155,-5.22384e+06,3.39959e+06,3.35303e+06,28.4242,146.945,704010,-1258.79,-5830.99,3938.62
156,-5.2251e+06,3.39376e+06,3.35697e+06,28.4605,146.996,704015,-1253.79,-5834.61,3934.83
157,-5.22635e+06,3.38792e+06,3.3609e+06,28.4968,147.047,704021,-1248.79,-5838.22,3931.05
158,-5.2276e+06,3.38208e+06,3.36483e+06,28.5331,147.098,704026,-1243.8,-5841.82,3927.26
159,-5.22884e+06,3.37624e+06,3.36876e+06,28.5694,147.15,704032,-1238.8,-5845.42,3923.46
160,-5.23007e+06,3.37039e+06,3.37268e+06,28.6056,147.201,704037,-1233.8,-5849.02,3919.66
161,-5.23131e+06,3.36454e+06,3.3766e+06,28.6419,147.253,704043,-1228.8,-5852.61,3915.86
162,-5.23253e+06,3.35868e+06,3.38051e+06,28.6781,147.304,704048,-1223.8,-5856.19,3912.05
163,-5.23375e+06,3.35283e+06,3.38442e+06,28.7143,147.356,704054,-1218.8,-5859.77,3908.24
164,-5.23497e+06,3.34697e+06,3.38833e+06,28.7504,147.407,704059,-1213.8,-5863.34,3904.42
165,-5.23618e+06,3.3411e+06,3.39223e+06,28.7865,147.459,704065,-1208.8,-5866.9,3900.6
166,-5.23739e+06,3.33523e+06,3.39613e+06,28.8227,147.511,704071,-1203.79,-5870.46,3896.77
167,-5.23859e+06,3.32936e+06,3.40002e+06,28.8587,147.562,704076,-1198.79,-5874.01,3892.94
168,-5.23979e+06,3.32348e+06,3.40391e+06,28.8948,147.614,704082,-1193.78,-5877.56,3889.11
169,-5.24098e+06,3.3176e+06,3.4078e+06,28.9309,147.666,704087,-1188.78,-5881.1,3885.27
170,-5.24216e+06,3.31172e+06,3.41168e+06,28.9669,147.717,704093,-1183.77,-5884.64,3881.43
171,-5.24334e+06,3.30583e+06,3.41556e+06,29.0029,147.769,704098,-1178.76,-5888.17,3877.58
172,-5.24452e+06,3.29994e+06,3.41944e+06,29.0388,147.821,704104,-1173.75,-5891.69,3873.73
173,-5.24569e+06,3.29405e+06,3.42331e+06,29.0748,147.873,704110,-1168.74,-5895.21,3869.87
174,-5.24686e+06,3.28815e+06,3.42718e+06,29.1107,147.925,704115,-1163.73,-5898.72,3866.01
175,-5.24802e+06,3.28225e+06,3.43104e+06,29.1466,147.977,704121,-1158.72,-5902.23,3862.14
176,-5.24918e+06,3.27635e+06,3.4349e+06,29.1825,148.029,704127,-1153.71,-5905.73,3858.27
177,-5.25033e+06,3.27044e+06,3.43876e+06,29.2183,148.081,704132,-1148.7,-5909.23,3854.4
178,-5.25147e+06,3.26453e+06,3.44261e+06,29.2542,148.133,704138,-1143.69,-5912.71,3850.52
179,-5.25261e+06,3.25862e+06,3.44646e+06,29.29,148.185,704144,-1138.67,-5916.2,3846.64
180,-5.25375e+06,3.2527e+06,3.4503e+06,29.3258,148.238,704149,-1133.66,-5919.67,3842.75
181,-5.25488e+06,3.24678e+06,3.45415e+06,29.3615,148.29,704155,-1128.64,-5923.15,3838.86
182,-5.25601e+06,3.24085e+06,3.45798e+06,29.3973,148.342,704160,-1123.63,-5926.61,3834.96
183,-5.25713e+06,3.23492e+06,3.46182e+06,29.433,148.394,704166,-1118.61,-5930.07,3831.07
184,-5.25824e+06,3.22899e+06,3.46564e+06,29.4687,148.447,704172,-1113.59,-5933.52,3827.16
185,-5.25936e+06,3.22306e+06,3.46947e+06,29.5043,148.499,704177,-1108.57,-5936.97,3823.25
186,-5.26046e+06,3.21712e+06,3.47329e+06,29.5399,148.551,704183,-1103.55,-5940.41,3819.34
187,-5.26156e+06,3.21118e+06,3.47711e+06,29.5756,148.604,704189,-1098.53,-5943.85,3815.42
188,-5.26266e+06,3.20523e+06,3.48092e+06,29.6112,148.656,704195,-1093.51,-5947.28,3811.5
189,-5.26375e+06,3.19928e+06,3.48473e+06,29.6467,148.709,704200,-1088.49,-5950.7,3807.58
190,-5.26484e+06,3.19333e+06,3.48854e+06,29.6823,148.762,704206,-1083.47,-5954.12,3803.65
191,-5.26592e+06,3.18737e+06,3.49234e+06,29.7178,148.814,704212,-1078.45,-5957.53,3799.71
192,-5.26699e+06,3.18141e+06,3.49614e+06,29.7533,148.867,704217,-1073.42,-5960.94,3795.77
193,-5.26806e+06,3.17545e+06,3.49993e+06,29.7887,148.92,704223,-1068.4,-5964.34,3791.83
194,-5.26913e+06,3.16949e+06,3.50372e+06,29.8242,148.972,704229,-1063.37,-5967.73,3787.88
195,-5.27019e+06,3.16352e+06,3.50751e+06,29.8596,149.025,704234,-1058.35,-5971.12,3783.93
196,-5.27125e+06,3.15754e+06,3.51129e+06,29.895,149.078,704240,-1053.32,-5974.5,3779.98
197,-5.2723e+06,3.15157e+06,3.51507e+06,29.9304,149.131,704246,-1048.3,-5977.88,3776.02
198,-5.27334e+06,3.14559e+06,3.51884e+06,29.9657,149.184,704252,-1043.27,-5981.25,3772.05
199,-5.27438e+06,3.1396e+06,3.52261e+06,30.001,149.237,704257,-1038.24,-5984.61,3768.08
