0,3.29601e+06,-6.10683e+06,1.40321e+06,11.4989,-61.6432,702684,4811.68,1418.82,-5095.8
1,3.30082e+06,-6.10541e+06,1.39812e+06,11.4566,-61.6027,702684,4808.2,1424.95,-5097.38
2,3.30562e+06,-6.10398e+06,1.39302e+06,11.4143,-61.5622,702685,4804.71,1431.08,-5098.96
3,3.31043e+06,-6.10255e+06,1.38792e+06,11.3719,-61.5217,702685,4801.22,1437.21,-5100.52
4,3.31523e+06,-6.10111e+06,1.38282e+06,11.3296,-61.4812,702685,4797.72,1443.34,-5102.09
5,3.32002e+06,-6.09966e+06,1.37772e+06,11.2872,-61.4407,702685,4794.22,1449.46,-5103.64
6,3.32481e+06,-6.09821e+06,1.37261e+06,11.2449,-61.4003,702685,4790.71,1455.59,-5105.19
7,3.3296e+06,-6.09675e+06,1.36751e+06,11.2025,-61.3598,702686,4787.2,1461.71,-5106.74
8,3.33439e+06,-6.09528e+06,1.3624e+06,11.1602,-61.3194,702686,4783.69,1467.84,-5108.27
9,3.33917e+06,-6.09381e+06,1.35729e+06,11.1178,-61.279,702686,4780.17,1473.96,-5109.81
10,3.34395e+06,-6.09234e+06,1.35218e+06,11.0754,-61.2386,702687,4776.64,1480.08,-5111.33
11,3.34872e+06,-6.09085e+06,1.34707e+06,11.033,-61.1982,702687,4773.12,1486.2,-5112.86
12,3.35349e+06,-6.08936e+06,1.34195e+06,10.9906,-61.1578,702687,4769.58,1492.32,-5114.37
13,3.35826e+06,-6.08787e+06,1.33684e+06,10.9482,-61.1175,702688,4766.05,1498.44,-5115.88
14,3.36303e+06,-6.08637e+06,1.33172e+06,10.9058,-61.0771,702688,4762.5,1504.56,-5117.39
15,3.36779e+06,-6.08486e+06,1.3266e+06,10.8634,-61.0368,702689,4758.96,1510.67,-5118.88
16,3.37254e+06,-6.08335e+06,1.32148e+06,10.821,-60.9965,702689,4755.41,1516.79,-5120.38
17,3.3773e+06,-6.08183e+06,1.31636e+06,10.7785,-60.9561,702689,4751.85,1522.9,-5121.86
18,3.38205e+06,-6.0803e+06,1.31124e+06,10.7361,-60.9159,702690,4748.29,1529.01,-5123.34
19,3.3868e+06,-6.07877e+06,1.30611e+06,10.6937,-60.8756,702690,4744.73,1535.12,-5124.82
20,3.39154e+06,-6.07723e+06,1.30099e+06,10.6512,-60.8353,702691,4741.16,1541.23,-5126.29
21,3.39628e+06,-6.07569e+06,1.29586e+06,10.6088,-60.795,702692,4737.59,1547.34,-5127.75
22,3.40101e+06,-6.07414e+06,1.29073e+06,10.5663,-60.7548,702692,4734.01,1553.45,-5129.21
23,3.40575e+06,-6.07258e+06,1.2856e+06,10.5238,-60.7145,702693,4730.43,1559.55,-5130.66
24,3.41047e+06,-6.07102e+06,1.28047e+06,10.4814,-60.6743,702693,4726.84,1565.66,-5132.11
25,3.4152e+06,-6.06945e+06,1.27534e+06,10.4389,-60.6341,702694,4723.25,1571.76,-5133.55
26,3.41992e+06,-6.06787e+06,1.27021e+06,10.3964,-60.5939,702694,4719.66,1577.86,-5134.98
27,3.42464e+06,-6.06629e+06,1.26507e+06,10.3539,-60.5537,702695,4716.06,1583.97,-5136.41
28,3.42935e+06,-6.0647e+06,1.25993e+06,10.3114,-60.5135,702696,4712.46,1590.07,-5137.84
29,3.43406e+06,-6.06311e+06,1.25479e+06,10.2689,-60.4734,702697,4708.85,1596.16,-5139.25
30,3.43877e+06,-6.06151e+06,1.24965e+06,10.2264,-60.4332,702697,4705.24,1602.26,-5140.67
31,3.44347e+06,-6.05991e+06,1.24451e+06,10.1839,-60.3931,702698,4701.62,1608.36,-5142.07
32,3.44817e+06,-6.0583e+06,1.23937e+06,10.1413,-60.353,702699,4698,1614.45,-5143.47
33,3.45287e+06,-6.05668e+06,1.23423e+06,10.0988,-60.3128,702699,4694.37,1620.55,-5144.87
34,3.45756e+06,-6.05505e+06,1.22908e+06,10.0563,-60.2727,702700,4690.74,1626.64,-5146.25
35,3.46225e+06,-6.05342e+06,1.22393e+06,10.0137,-60.2326,702701,4687.11,1632.73,-5147.64
36,3.46694e+06,-6.05179e+06,1.21879e+06,9.97119,-60.1926,702702,4683.47,1638.82,-5149.01
37,3.47162e+06,-6.05015e+06,1.21364e+06,9.92864,-60.1525,702703,4679.83,1644.91,-5150.38
38,3.4763e+06,-6.0485e+06,1.20848e+06,9.88608,-60.1124,702704,4676.18,1650.99,-5151.75
39,3.48097e+06,-6.04685e+06,1.20333e+06,9.84352,-60.0724,702705,4672.53,1657.08,-5153.11
40,3.48564e+06,-6.04519e+06,1.19818e+06,9.80095,-60.0323,702705,4668.88,1663.16,-5154.46
41,3.49031e+06,-6.04352e+06,1.19302e+06,9.75837,-59.9923,702706,4665.22,1669.25,-5155.81
42,3.49497e+06,-6.04185e+06,1.18787e+06,9.71579,-59.9523,702707,4661.55,1675.33,-5157.15
43,3.49963e+06,-6.04017e+06,1.18271e+06,9.6732,-59.9123,702708,4657.88,1681.41,-5158.49
44,3.50429e+06,-6.03848e+06,1.17755e+06,9.63061,-59.8723,702709,4654.21,1687.49,-5159.82
45,3.50894e+06,-6.03679e+06,1.17239e+06,9.58801,-59.8323,702710,4650.53,1693.56,-5161.14
46,3.51359e+06,-6.0351e+06,1.16723e+06,9.54541,-59.7924,702711,4646.85,1699.64,-5162.46
47,3.51823e+06,-6.03339e+06,1.16206e+06,9.5028,-59.7524,702712,4643.16,1705.72,-5163.78
48,3.52288e+06,-6.03169e+06,1.1569e+06,9.46018,-59.7124,702713,4639.47,1711.79,-5165.08
49,3.52751e+06,-6.02997e+06,1.15173e+06,9.41756,-59.6725,702715,4635.78,1717.86,-5166.38
50,3.53215e+06,-6.02825e+06,1.14657e+06,9.37493,-59.6326,702716,4632.08,1723.93,-5167.68
51,3.53678e+06,-6.02652e+06,1.1414e+06,9.3323,-59.5927,702717,4628.38,1730,-5168.97
52,3.5414e+06,-6.02479e+06,1.13623e+06,9.28966,-59.5528,702718,4624.67,1736.07,-5170.25
53,3.54603e+06,-6.02305e+06,1.13106e+06,9.24702,-59.5129,702719,4620.96,1742.13,-5171.53
54,3.55065e+06,-6.02131e+06,1.12589e+06,9.20437,-59.473,702720,4617.24,1748.2,-5172.8
55,3.55526e+06,-6.01955e+06,1.12071e+06,9.16172,-59.4331,702721,4613.52,1754.26,-5174.07
56,3.55987e+06,-6.0178e+06,1.11554e+06,9.11906,-59.3932,702723,4609.8,1760.33,-5175.33
57,3.56448e+06,-6.01603e+06,1.11036e+06,9.07639,-59.3534,702724,4606.07,1766.39,-5176.58
58,3.56908e+06,-6.01426e+06,1.10518e+06,9.03372,-59.3136,702725,4602.34,1772.45,-5177.83
59,3.57368e+06,-6.01249e+06,1.10001e+06,8.99105,-59.2737,702726,4598.6,1778.5,-5179.08
60,3.57828e+06,-6.01071e+06,1.09483e+06,8.94837,-59.2339,702728,4594.86,1784.56,-5180.31
61,3.58287e+06,-6.00892e+06,1.08965e+06,8.90568,-59.1941,702729,4591.11,1790.61,-5181.54
62,3.58746e+06,-6.00713e+06,1.08446e+06,8.86299,-59.1543,702730,4587.36,1796.67,-5182.77
63,3.59205e+06,-6.00533e+06,1.07928e+06,8.82029,-59.1145,702732,4583.61,1802.72,-5183.99
64,3.59663e+06,-6.00352e+06,1.0741e+06,8.77759,-59.0747,702733,4579.85,1808.77,-5185.2
65,3.60121e+06,-6.00171e+06,1.06891e+06,8.73488,-59.035,702735,4576.08,1814.82,-5186.41
66,3.60578e+06,-5.99989e+06,1.06372e+06,8.69217,-58.9952,702736,4572.32,1820.87,-5187.61
67,3.61035e+06,-5.99807e+06,1.05853e+06,8.64945,-58.9554,702737,4568.55,1826.91,-5188.81
68,3.61492e+06,-5.99624e+06,1.05334e+06,8.60673,-58.9157,702739,4564.77,1832.96,-5190
69,3.61948e+06,-5.9944e+06,1.04815e+06,8.56401,-58.876,702740,4560.99,1839,-5191.18
70,3.62404e+06,-5.99256e+06,1.04296e+06,8.52127,-58.8363,702742,4557.21,1845.04,-5192.36
71,3.6286e+06,-5.99071e+06,1.03777e+06,8.47854,-58.7965,702743,4553.42,1851.08,-5193.53
72,3.63315e+06,-5.98886e+06,1.03258e+06,8.43579,-58.7568,702745,4549.63,1857.12,-5194.7
73,3.6377e+06,-5.987e+06,1.02738e+06,8.39305,-58.7172,702747,4545.83,1863.16,-5195.86
74,3.64224e+06,-5.98513e+06,1.02218e+06,8.35029,-58.6775,702748,4542.03,1869.19,-5197.02
75,3.64678e+06,-5.98326e+06,1.01699e+06,8.30754,-58.6378,702750,4538.22,1875.23,-5198.17
76,3.65132e+06,-5.98138e+06,1.01179e+06,8.26478,-58.5981,702751,4534.42,1881.26,-5199.31
77,3.65585e+06,-5.9795e+06,1.00659e+06,8.22201,-58.5585,702753,4530.6,1887.29,-5200.45
78,3.66038e+06,-5.97761e+06,1.00139e+06,8.17924,-58.5188,702755,4526.78,1893.32,-5201.58
79,3.6649e+06,-5.97571e+06,996184,8.13646,-58.4792,702756,4522.96,1899.35,-5202.71
80,3.66942e+06,-5.97381e+06,990981,8.09368,-58.4396,702758,4519.14,1905.37,-5203.83
81,3.67394e+06,-5.9719e+06,985777,8.0509,-58.4,702760,4515.31,1911.4,-5204.94
82,3.67846e+06,-5.96998e+06,980571,8.00811,-58.3604,702762,4511.47,1917.42,-5206.05
83,3.68296e+06,-5.96806e+06,975365,7.96531,-58.3208,702763,4507.63,1923.44,-5207.15
84,3.68747e+06,-5.96614e+06,970157,7.92251,-58.2812,702765,4503.79,1929.46,-5208.25
85,3.69197e+06,-5.9642e+06,964948,7.87971,-58.2416,702767,4499.94,1935.48,-5209.34
86,3.69647e+06,-5.96227e+06,959738,7.8369,-58.202,702769,4496.09,1941.5,-5210.42
87,3.70096e+06,-5.96032e+06,954527,7.79408,-58.1625,702771,4492.24,1947.51,-5211.5
88,3.70545e+06,-5.95837e+06,949315,7.75127,-58.1229,702773,4488.38,1953.52,-5212.57
89,3.70994e+06,-5.95641e+06,944102,7.70844,-58.0834,702774,4484.52,1959.54,-5213.64
90,3.71442e+06,-5.95445e+06,938888,7.66562,-58.0438,702776,4480.65,1965.55,-5214.7
91,3.7189e+06,-5.95248e+06,933673,7.62279,-58.0043,702778,4476.78,1971.55,-5215.76
92,3.72338e+06,-5.95051e+06,928457,7.57995,-57.9648,702780,4472.9,1977.56,-5216.81
93,3.72785e+06,-5.94853e+06,923239,7.53711,-57.9253,702782,4469.02,1983.57,-5217.85
94,3.73232e+06,-5.94654e+06,918021,7.49427,-57.8858,702784,4465.14,1989.57,-5218.89
95,3.73678e+06,-5.94455e+06,912801,7.45142,-57.8463,702786,4461.25,1995.57,-5219.92
96,3.74124e+06,-5.94255e+06,907581,7.40856,-57.8068,702788,4457.36,2001.57,-5220.95
97,3.74569e+06,-5.94055e+06,902360,7.36571,-57.7673,702790,4453.46,2007.57,-5221.97
98,3.75014e+06,-5.93854e+06,897137,7.32284,-57.7279,702792,4449.56,2013.57,-5222.98
99,3.75459e+06,-5.93652e+06,891914,7.27998,-57.6884,702794,4445.66,2019.56,-5223.99
100,3.75904e+06,-5.9345e+06,886689,7.23711,-57.649,702797,4441.75,2025.55,-5224.99
101,3.76348e+06,-5.93247e+06,881464,7.19423,-57.6095,702799,4437.83,2031.55,-5225.99
102,3.76791e+06,-5.93043e+06,876237,7.15135,-57.5701,702801,4433.92,2037.54,-5226.98
103,3.77234e+06,-5.92839e+06,871010,7.10847,-57.5307,702803,4430,2043.52,-5227.96
104,3.77677e+06,-5.92635e+06,865781,7.06558,-57.4912,702805,4426.07,2049.51,-5228.94
105,3.7812e+06,-5.92429e+06,860552,7.02269,-57.4518,702807,4422.14,2055.49,-5229.91
106,3.78562e+06,-5.92224e+06,855321,6.9798,-57.4124,702810,4418.21,2061.48,-5230.88
107,3.79003e+06,-5.92017e+06,850090,6.9369,-57.373,702812,4414.27,2067.46,-5231.84
108,3.79444e+06,-5.9181e+06,844858,6.894,-57.3337,702814,4410.33,2073.44,-5232.8
109,3.79885e+06,-5.91602e+06,839624,6.85109,-57.2943,702816,4406.39,2079.42,-5233.75
110,3.80326e+06,-5.91394e+06,834390,6.80818,-57.2549,702819,4402.44,2085.39,-5234.69
111,3.80766e+06,-5.91185e+06,829155,6.76526,-57.2156,702821,4398.48,2091.37,-5235.63
112,3.81205e+06,-5.90976e+06,823919,6.72234,-57.1762,702824,4394.53,2097.34,-5236.56
113,3.81645e+06,-5.90766e+06,818682,6.67942,-57.1369,702826,4390.57,2103.31,-5237.49
114,3.82084e+06,-5.90555e+06,813444,6.63649,-57.0975,702828,4386.6,2109.28,-5238.41
115,3.82522e+06,-5.90344e+06,808205,6.59356,-57.0582,702831,4382.63,2115.24,-5239.32
116,3.8296e+06,-5.90132e+06,802965,6.55063,-57.0189,702833,4378.66,2121.21,-5240.23
117,3.83398e+06,-5.8992e+06,797725,6.50769,-56.9796,702836,4374.68,2127.17,-5241.13
118,3.83835e+06,-5.89707e+06,792483,6.46475,-56.9402,702838,4370.7,2133.14,-5242.03
119,3.84272e+06,-5.89493e+06,787241,6.4218,-56.9009,702841,4366.71,2139.09,-5242.92
120,3.84708e+06,-5.89279e+06,781997,6.37885,-56.8617,702843,4362.72,2145.05,-5243.8
121,3.85144e+06,-5.89064e+06,776753,6.3359,-56.8224,702846,4358.73,2151.01,-5244.68
122,3.8558e+06,-5.88849e+06,771508,6.29295,-56.7831,702848,4354.73,2156.96,-5245.55
123,3.86015e+06,-5.88633e+06,766262,6.24998,-56.7438,702851,4350.73,2162.92,-5246.42
124,3.8645e+06,-5.88416e+06,761015,6.20702,-56.7046,702853,4346.72,2168.87,-5247.28
125,3.86885e+06,-5.88199e+06,755767,6.16405,-56.6653,702856,4342.71,2174.82,-5248.13
126,3.87319e+06,-5.87981e+06,750519,6.12108,-56.626,702859,4338.7,2180.76,-5248.98
127,3.87752e+06,-5.87763e+06,745269,6.07811,-56.5868,702861,4334.68,2186.71,-5249.83
128,3.88186e+06,-5.87544e+06,740019,6.03513,-56.5476,702864,4330.66,2192.65,-5250.66
129,3.88619e+06,-5.87324e+06,734768,5.99215,-56.5083,702867,4326.64,2198.59,-5251.49
130,3.89051e+06,-5.87104e+06,729516,5.94916,-56.4691,702869,4322.61,2204.53,-5252.32
131,3.89483e+06,-5.86883e+06,724264,5.90618,-56.4299,702872,4318.57,2210.47,-5253.14
132,3.89915e+06,-5.86662e+06,719010,5.86318,-56.3907,702875,4314.54,2216.4,-5253.95
133,3.90346e+06,-5.8644e+06,713756,5.82019,-56.3515,702878,4310.49,2222.34,-5254.76
134,3.90777e+06,-5.86218e+06,708500,5.77719,-56.3123,702881,4306.45,2228.27,-5255.56
135,3.91207e+06,-5.85994e+06,703245,5.73419,-56.2731,702883,4302.4,2234.2,-5256.36
136,3.91637e+06,-5.85771e+06,697988,5.69119,-56.2339,702886,4298.35,2240.13,-5257.15
137,3.92067e+06,-5.85546e+06,692730,5.64818,-56.1947,702889,4294.29,2246.05,-5257.93
138,3.92496e+06,-5.85322e+06,687472,5.60517,-56.1556,702892,4290.23,2251.98,-5258.71
139,3.92925e+06,-5.85096e+06,682213,5.56215,-56.1164,702895,4286.16,2257.9,-5259.48
140,3.93353e+06,-5.8487e+06,676953,5.51913,-56.0773,702898,4282.1,2263.82,-5260.25
141,3.93781e+06,-5.84643e+06,671692,5.47611,-56.0381,702901,4278.02,2269.74,-5261.01
142,3.94209e+06,-5.84416e+06,666431,5.43309,-55.999,702904,4273.95,2275.66,-5261.76
143,3.94636e+06,-5.84188e+06,661169,5.39006,-55.9598,702907,4269.86,2281.57,-5262.51
144,3.95063e+06,-5.8396e+06,655906,5.34703,-55.9207,702910,4265.78,2287.48,-5263.25
145,3.95489e+06,-5.83731e+06,650642,5.304,-55.8816,702913,4261.69,2293.39,-5263.99
146,3.95915e+06,-5.83501e+06,645378,5.26096,-55.8424,702916,4257.6,2299.3,-5264.72
147,3.96341e+06,-5.83271e+06,640113,5.21792,-55.8033,702919,4253.5,2305.21,-5265.44
148,3.96766e+06,-5.8304e+06,634847,5.17488,-55.7642,702922,4249.4,2311.11,-5266.16
149,3.97191e+06,-5.82809e+06,629581,5.13183,-55.7251,702925,4245.3,2317.01,-5266.87
150,3.97615e+06,-5.82577e+06,624313,5.08879,-55.686,702928,4241.19,2322.91,-5267.58
151,3.98039e+06,-5.82344e+06,619045,5.04574,-55.6469,702932,4237.08,2328.81,-5268.28
152,3.98463e+06,-5.82111e+06,613777,5.00268,-55.6078,702935,4232.96,2334.71,-5268.97
153,3.98886e+06,-5.81877e+06,608507,4.95962,-55.5688,702938,4228.84,2340.6,-5269.66
154,3.99308e+06,-5.81643e+06,603237,4.91657,-55.5297,702941,4224.72,2346.5,-5270.35
155,3.99731e+06,-5.81408e+06,597967,4.8735,-55.4906,702944,4220.59,2352.39,-5271.02
156,4.00152e+06,-5.81172e+06,592695,4.83044,-55.4516,702948,4216.46,2358.28,-5271.69
157,4.00574e+06,-5.80936e+06,587423,4.78737,-55.4125,702951,4212.33,2364.16,-5272.36
158,4.00995e+06,-5.80699e+06,582151,4.7443,-55.3735,702954,4208.19,2370.05,-5273.02
159,4.01416e+06,-5.80462e+06,576877,4.70123,-55.3344,702958,4204.05,2375.93,-5273.67
160,4.01836e+06,-5.80224e+06,571603,4.65815,-55.2954,702961,4199.9,2381.81,-5274.32
161,4.02255e+06,-5.79986e+06,566329,4.61507,-55.2563,702964,4195.75,2387.69,-5274.96
162,4.02675e+06,-5.79747e+06,561053,4.57199,-55.2173,702968,4191.59,2393.56,-5275.6
163,4.03094e+06,-5.79507e+06,555778,4.52891,-55.1783,702971,4187.44,2399.44,-5276.22
164,4.03512e+06,-5.79267e+06,550501,4.48582,-55.1393,702975,4183.28,2405.31,-5276.85
165,4.0393e+06,-5.79026e+06,545224,4.44273,-55.1002,702978,4179.11,2411.18,-5277.47
166,4.04348e+06,-5.78785e+06,539946,4.39964,-55.0612,702982,4174.94,2417.05,-5278.08
167,4.04765e+06,-5.78543e+06,534668,4.35655,-55.0222,702985,4170.77,2422.91,-5278.68
168,4.05182e+06,-5.783e+06,529389,4.31345,-54.9832,702989,4166.59,2428.77,-5279.28
169,4.05599e+06,-5.78057e+06,524109,4.27035,-54.9442,702992,4162.41,2434.64,-5279.88
170,4.06015e+06,-5.77813e+06,518829,4.22725,-54.9052,702996,4158.22,2440.49,-5280.46
171,4.0643e+06,-5.77569e+06,513548,4.18415,-54.8663,702999,4154.04,2446.35,-5281.05
172,4.06846e+06,-5.77324e+06,508267,4.14104,-54.8273,703003,4149.84,2452.21,-5281.62
173,4.0726e+06,-5.77078e+06,502985,4.09793,-54.7883,703006,4145.65,2458.06,-5282.19
174,4.07675e+06,-5.76832e+06,497703,4.05482,-54.7493,703010,4141.45,2463.91,-5282.76
175,4.08089e+06,-5.76585e+06,492419,4.01171,-54.7104,703014,4137.24,2469.76,-5283.31
176,4.08502e+06,-5.76338e+06,487136,3.96859,-54.6714,703017,4133.04,2475.6,-5283.87
177,4.08915e+06,-5.7609e+06,481852,3.92547,-54.6324,703021,4128.83,2481.45,-5284.41
178,4.09328e+06,-5.75842e+06,476567,3.88236,-54.5935,703025,4124.61,2487.29,-5284.95
179,4.0974e+06,-5.75593e+06,471282,3.83923,-54.5545,703029,4120.39,2493.13,-5285.49
180,4.10152e+06,-5.75343e+06,465996,3.79611,-54.5156,703032,4116.17,2498.97,-5286.01
181,4.10563e+06,-5.75093e+06,460710,3.75298,-54.4767,703036,4111.94,2504.8,-5286.54
182,4.10974e+06,-5.74842e+06,455423,3.70985,-54.4377,703040,4107.71,2510.64,-5287.05
183,4.11385e+06,-5.74591e+06,450136,3.66672,-54.3988,703044,4103.48,2516.47,-5287.56
184,4.11795e+06,-5.74339e+06,444848,3.62359,-54.3599,703048,4099.24,2522.3,-5288.07
185,4.12205e+06,-5.74087e+06,439560,3.58046,-54.3209,703052,4095,2528.12,-5288.57
186,4.12614e+06,-5.73833e+06,434271,3.53732,-54.282,703055,4090.76,2533.95,-5289.06
187,4.13023e+06,-5.7358e+06,428981,3.49418,-54.2431,703059,4086.51,2539.77,-5289.54
188,4.13431e+06,-5.73325e+06,423692,3.45104,-54.2042,703063,4082.26,2545.59,-5290.02
189,4.13839e+06,-5.73071e+06,418401,3.4079,-54.1653,703067,4078,2551.41,-5290.5
190,4.14247e+06,-5.72815e+06,413111,3.36476,-54.1264,703071,4073.74,2557.22,-5290.97
191,4.14654e+06,-5.72559e+06,407820,3.32161,-54.0875,703075,4069.48,2563.03,-5291.43
192,4.15061e+06,-5.72303e+06,402528,3.27846,-54.0486,703079,4065.21,2568.85,-5291.89
193,4.15467e+06,-5.72045e+06,397236,3.23531,-54.0097,703083,4060.94,2574.65,-5292.34
194,4.15873e+06,-5.71788e+06,391943,3.19216,-53.9708,703087,4056.67,2580.46,-5292.78
195,4.16279e+06,-5.71529e+06,386650,3.14901,-53.9319,703091,4052.39,2586.26,-5293.22
196,4.16684e+06,-5.7127e+06,381357,3.10585,-53.8931,703096,4048.11,2592.07,-5293.65
197,4.17088e+06,-5.71011e+06,376063,3.0627,-53.8542,703100,4043.82,2597.87,-5294.08
198,4.17492e+06,-5.70751e+06,370769,3.01954,-53.8153,703104,4039.53,2603.66,-5294.5
199,4.17896e+06,-5.7049e+06,365474,2.97638,-53.7764,703108,4035.24,2609.46,-5294.92
