0,-1.96227e+06,-5.65331e+06,3.77747e+06,32.4185,-109.142,704679,4797.07,-3996.15,-3478.71
1,-1.95748e+06,-5.6573e+06,3.77399e+06,32.385,-109.086,704673,4798.68,-3990.52,-3482.97
2,-1.95268e+06,-5.66129e+06,3.7705e+06,32.3516,-109.03,704667,4800.29,-3984.89,-3487.22
3,-1.94788e+06,-5.66527e+06,3.76701e+06,32.3181,-108.974,704661,4801.89,-3979.25,-3491.47
4,-1.94307e+06,-5.66925e+06,3.76352e+06,32.2845,-108.919,704655,4803.49,-3973.61,-3495.71
5,-1.93827e+06,-5.67322e+06,3.76002e+06,32.251,-108.863,704649,4805.08,-3967.97,-3499.95
6,-1.93346e+06,-5.67719e+06,3.75652e+06,32.2174,-108.807,704643,4806.67,-3962.32,-3504.19
7,-1.92866e+06,-5.68114e+06,3.75301e+06,32.1838,-108.752,704637,4808.25,-3956.67,-3508.42
8,-1.92385e+06,-5.6851e+06,3.7495e+06,32.1502,-108.696,704631,4809.83,-3951.01,-3512.65
9,-1.91904e+06,-5.68905e+06,3.74599e+06,32.1165,-108.64,704625,4811.4,-3945.35,-3516.87
10,-1.91422e+06,-5.69299e+06,3.74247e+06,32.0828,-108.585,704619,4812.97,-3939.68,-3521.09
11,-1.90941e+06,-5.69693e+06,3.73895e+06,32.0491,-108.529,704614,4814.53,-3934.01,-3525.31
12,-1.90459e+06,-5.70086e+06,3.73542e+06,32.0154,-108.474,704608,4816.09,-3928.34,-3529.52
13,-1.89978e+06,-5.70478e+06,3.73189e+06,31.9816,-108.419,704602,4817.65,-3922.66,-3533.73
14,-1.89496e+06,-5.7087e+06,3.72835e+06,31.9478,-108.363,704596,4819.2,-3916.98,-3537.93
15,-1.89014e+06,-5.71262e+06,3.72481e+06,31.9139,-108.308,704590,4820.75,-3911.3,-3542.13
16,-1.88532e+06,-5.71653e+06,3.72127e+06,31.8801,-108.253,704584,4822.29,-3905.61,-3546.33
17,-1.88049e+06,-5.72043e+06,3.71772e+06,31.8462,-108.197,704578,4823.83,-3899.91,-3550.52
18,-1.87567e+06,-5.72433e+06,3.71417e+06,31.8123,-108.142,704572,4825.36,-3894.21,-3554.71
19,-1.87084e+06,-5.72822e+06,3.71061e+06,31.7783,-108.087,704566,4826.89,-3888.51,-3558.89
20,-1.86602e+06,-5.7321e+06,3.70705e+06,31.7444,-108.032,704560,4828.41,-3882.8,-3563.07
21,-1.86119e+06,-5.73598e+06,3.70348e+06,31.7104,-107.977,704554,4829.93,-3877.09,-3567.25
22,-1.85636e+06,-5.73986e+06,3.69991e+06,31.6763,-107.922,704549,4831.45,-3871.38,-3571.42
23,-1.85152e+06,-5.74373e+06,3.69634e+06,31.6423,-107.867,704543,4832.96,-3865.66,-3575.59
24,-1.84669e+06,-5.74759e+06,3.69276e+06,31.6082,-107.812,704537,4834.46,-3859.93,-3579.75
25,-1.84186e+06,-5.75144e+06,3.68918e+06,31.5741,-107.757,704531,4835.96,-3854.21,-3583.91
26,-1.83702e+06,-5.7553e+06,3.6856e+06,31.54,-107.702,704525,4837.46,-3848.48,-3588.07
27,-1.83218e+06,-5.75914e+06,3.68201e+06,31.5058,-107.648,704519,4838.95,-3842.74,-3592.22
28,-1.82734e+06,-5.76298e+06,3.67841e+06,31.4716,-107.593,704513,4840.44,-3837,-3596.37
29,-1.8225e+06,-5.76682e+06,3.67481e+06,31.4374,-107.538,704507,4841.92,-3831.26,-3600.51
30,-1.81766e+06,-5.77064e+06,3.67121e+06,31.4031,-107.484,704502,4843.4,-3825.51,-3604.65
31,-1.81281e+06,-5.77447e+06,3.6676e+06,31.3689,-107.429,704496,4844.87,-3819.76,-3608.79
32,-1.80797e+06,-5.77828e+06,3.66399e+06,31.3346,-107.374,704490,4846.34,-3814,-3612.92
33,-1.80312e+06,-5.78209e+06,3.66038e+06,31.3002,-107.32,704484,4847.8,-3808.24,-3617.05
34,-1.79827e+06,-5.7859e+06,3.65676e+06,31.2659,-107.265,704478,4849.26,-3802.48,-3621.17
35,-1.79342e+06,-5.7897e+06,3.65313e+06,31.2315,-107.211,704472,4850.72,-3796.71,-3625.29
36,-1.78857e+06,-5.79349e+06,3.64951e+06,31.1971,-107.157,704466,4852.17,-3790.94,-3629.41
37,-1.78372e+06,-5.79728e+06,3.64588e+06,31.1627,-107.102,704460,4853.62,-3785.16,-3633.52
38,-1.77886e+06,-5.80106e+06,3.64224e+06,31.1282,-107.048,704455,4855.06,-3779.38,-3637.62
39,-1.77401e+06,-5.80484e+06,3.6386e+06,31.0937,-106.994,704449,4856.49,-3773.59,-3641.73
40,-1.76915e+06,-5.80861e+06,3.63496e+06,31.0592,-106.939,704443,4857.93,-3767.81,-3645.83
41,-1.76429e+06,-5.81238e+06,3.63131e+06,31.0247,-106.885,704437,4859.35,-3762.01,-3649.92
42,-1.75943e+06,-5.81614e+06,3.62766e+06,30.9901,-106.831,704431,4860.78,-3756.22,-3654.01
43,-1.75457e+06,-5.81989e+06,3.624e+06,30.9555,-106.777,704425,4862.19,-3750.42,-3658.1
44,-1.74971e+06,-5.82364e+06,3.62034e+06,30.9209,-106.723,704420,4863.61,-3744.61,-3662.18
45,-1.74484e+06,-5.82738e+06,3.61668e+06,30.8863,-106.669,704414,4865.02,-3738.8,-3666.26
46,-1.73998e+06,-5.83111e+06,3.61301e+06,30.8516,-106.615,704408,4866.42,-3732.99,-3670.33
47,-1.73511e+06,-5.83484e+06,3.60934e+06,30.8169,-106.561,704402,4867.82,-3727.18,-3674.4
48,-1.73024e+06,-5.83857e+06,3.60566e+06,30.7822,-106.507,704396,4869.22,-3721.36,-3678.47
49,-1.72537e+06,-5.84229e+06,3.60198e+06,30.7474,-106.453,704390,4870.61,-3715.53,-3682.53
50,-1.7205e+06,-5.846e+06,3.59829e+06,30.7126,-106.399,704385,4871.99,-3709.7,-3686.59
51,-1.71563e+06,-5.84971e+06,3.59461e+06,30.6778,-106.346,704379,4873.38,-3703.87,-3690.64
52,-1.71075e+06,-5.85341e+06,3.59091e+06,30.643,-106.292,704373,4874.75,-3698.03,-3694.69
53,-1.70588e+06,-5.8571e+06,3.58722e+06,30.6081,-106.238,704367,4876.13,-3692.19,-3698.74
54,-1.701e+06,-5.86079e+06,3.58352e+06,30.5733,-106.185,704361,4877.49,-3686.35,-3702.78
55,-1.69612e+06,-5.86447e+06,3.57981e+06,30.5384,-106.131,704356,4878.86,-3680.5,-3706.82
56,-1.69124e+06,-5.86815e+06,3.5761e+06,30.5034,-106.077,704350,4880.22,-3674.65,-3710.85
57,-1.68636e+06,-5.87182e+06,3.57239e+06,30.4685,-106.024,704344,4881.57,-3668.8,-3714.88
58,-1.68148e+06,-5.87549e+06,3.56867e+06,30.4335,-105.97,704338,4882.92,-3662.94,-3718.9
59,-1.6766e+06,-5.87915e+06,3.56495e+06,30.3985,-105.917,704333,4884.26,-3657.07,-3722.92
60,-1.67171e+06,-5.8828e+06,3.56123e+06,30.3634,-105.864,704327,4885.6,-3651.2,-3726.94
61,-1.66683e+06,-5.88645e+06,3.5575e+06,30.3284,-105.81,704321,4886.94,-3645.33,-3730.95
62,-1.66194e+06,-5.89009e+06,3.55376e+06,30.2933,-105.757,704315,4888.27,-3639.46,-3734.96
63,-1.65705e+06,-5.89373e+06,3.55003e+06,30.2582,-105.704,704309,4889.6,-3633.58,-3738.96
64,-1.65216e+06,-5.89736e+06,3.54629e+06,30.2231,-105.65,704304,4890.92,-3627.7,-3742.96
65,-1.64727e+06,-5.90099e+06,3.54254e+06,30.1879,-105.597,704298,4892.24,-3621.81,-3746.96
66,-1.64237e+06,-5.90461e+06,3.53879e+06,30.1527,-105.544,704292,4893.55,-3615.92,-3750.95
67,-1.63748e+06,-5.90822e+06,3.53504e+06,30.1175,-105.491,704286,4894.86,-3610.02,-3754.93
68,-1.63258e+06,-5.91183e+06,3.53128e+06,30.0823,-105.438,704281,4896.16,-3604.12,-3758.92
69,-1.62769e+06,-5.91543e+06,3.52752e+06,30.047,-105.385,704275,4897.46,-3598.22,-3762.89
70,-1.62279e+06,-5.91902e+06,3.52376e+06,30.0117,-105.332,704269,4898.75,-3592.32,-3766.87
71,-1.61789e+06,-5.92261e+06,3.51999e+06,29.9764,-105.279,704263,4900.04,-3586.41,-3770.84
72,-1.61299e+06,-5.9262e+06,3.51622e+06,29.9411,-105.226,704258,4901.33,-3580.49,-3774.8
73,-1.60809e+06,-5.92977e+06,3.51244e+06,29.9057,-105.173,704252,4902.61,-3574.57,-3778.76
74,-1.60318e+06,-5.93334e+06,3.50866e+06,29.8703,-105.12,704246,4903.88,-3568.65,-3782.72
75,-1.59828e+06,-5.93691e+06,3.50487e+06,29.8349,-105.067,704241,4905.15,-3562.73,-3786.67
76,-1.59337e+06,-5.94047e+06,3.50108e+06,29.7995,-105.015,704235,4906.42,-3556.8,-3790.62
77,-1.58847e+06,-5.94402e+06,3.49729e+06,29.764,-104.962,704229,4907.68,-3550.86,-3794.57
78,-1.58356e+06,-5.94757e+06,3.4935e+06,29.7285,-104.909,704223,4908.94,-3544.93,-3798.51
79,-1.57865e+06,-5.95111e+06,3.4897e+06,29.693,-104.857,704218,4910.19,-3538.99,-3802.44
80,-1.57374e+06,-5.95465e+06,3.48589e+06,29.6575,-104.804,704212,4911.44,-3533.04,-3806.37
81,-1.56883e+06,-5.95818e+06,3.48208e+06,29.6219,-104.752,704206,4912.68,-3527.1,-3810.3
82,-1.56391e+06,-5.9617e+06,3.47827e+06,29.5864,-104.699,704201,4913.92,-3521.14,-3814.22
83,-1.559e+06,-5.96522e+06,3.47445e+06,29.5508,-104.647,704195,4915.15,-3515.19,-3818.14
84,-1.55408e+06,-5.96873e+06,3.47063e+06,29.5151,-104.594,704189,4916.38,-3509.23,-3822.06
85,-1.54917e+06,-5.97224e+06,3.46681e+06,29.4795,-104.542,704184,4917.61,-3503.26,-3825.97
86,-1.54425e+06,-5.97574e+06,3.46298e+06,29.4438,-104.489,704178,4918.83,-3497.3,-3829.87
87,-1.53933e+06,-5.97923e+06,3.45915e+06,29.4081,-104.437,704172,4920.04,-3491.33,-3833.77
88,-1.53441e+06,-5.98272e+06,3.45531e+06,29.3724,-104.385,704167,4921.25,-3485.35,-3837.67
89,-1.52949e+06,-5.98621e+06,3.45147e+06,29.3366,-104.333,704161,4922.46,-3479.37,-3841.56
90,-1.52456e+06,-5.98968e+06,3.44763e+06,29.3008,-104.28,704155,4923.66,-3473.39,-3845.45
91,-1.51964e+06,-5.99315e+06,3.44378e+06,29.265,-104.228,704150,4924.86,-3467.41,-3849.33
92,-1.51471e+06,-5.99662e+06,3.43993e+06,29.2292,-104.176,704144,4926.05,-3461.42,-3853.21
93,-1.50979e+06,-6.00008e+06,3.43608e+06,29.1934,-104.124,704139,4927.24,-3455.43,-3857.09
94,-1.50486e+06,-6.00353e+06,3.43222e+06,29.1575,-104.072,704133,4928.42,-3449.43,-3860.96
95,-1.49993e+06,-6.00697e+06,3.42836e+06,29.1216,-104.02,704127,4929.6,-3443.43,-3864.83
96,-1.495e+06,-6.01041e+06,3.42449e+06,29.0857,-103.968,704122,4930.77,-3437.42,-3868.69
97,-1.49007e+06,-6.01385e+06,3.42062e+06,29.0497,-103.916,704116,4931.94,-3431.42,-3872.55
98,-1.48513e+06,-6.01728e+06,3.41674e+06,29.0138,-103.864,704110,4933.11,-3425.4,-3876.4
99,-1.4802e+06,-6.0207e+06,3.41287e+06,28.9778,-103.812,704105,4934.27,-3419.39,-3880.25
100,-1.47527e+06,-6.02412e+06,3.40898e+06,28.9418,-103.761,704099,4935.42,-3413.37,-3884.09
101,-1.47033e+06,-6.02753e+06,3.4051e+06,28.9057,-103.709,704094,4936.57,-3407.35,-3887.93
102,-1.46539e+06,-6.03093e+06,3.40121e+06,28.8697,-103.657,704088,4937.72,-3401.32,-3891.77
103,-1.46045e+06,-6.03433e+06,3.39731e+06,28.8336,-103.605,704083,4938.86,-3395.29,-3895.6
104,-1.45552e+06,-6.03772e+06,3.39342e+06,28.7975,-103.554,704077,4940,-3389.26,-3899.43
105,-1.45057e+06,-6.04111e+06,3.38951e+06,28.7614,-103.502,704071,4941.13,-3383.22,-3903.25
106,-1.44563e+06,-6.04449e+06,3.38561e+06,28.7252,-103.451,704066,4942.26,-3377.18,-3907.07
107,-1.44069e+06,-6.04786e+06,3.3817e+06,28.689,-103.399,704060,4943.38,-3371.14,-3910.88
108,-1.43575e+06,-6.05123e+06,3.37779e+06,28.6529,-103.347,704055,4944.5,-3365.09,-3914.69
109,-1.4308e+06,-6.05459e+06,3.37387e+06,28.6166,-103.296,704049,4945.61,-3359.04,-3918.5
110,-1.42586e+06,-6.05795e+06,3.36995e+06,28.5804,-103.245,704044,4946.72,-3352.98,-3922.3
111,-1.42091e+06,-6.0613e+06,3.36603e+06,28.5441,-103.193,704038,4947.82,-3346.92,-3926.1
112,-1.41596e+06,-6.06464e+06,3.3621e+06,28.5078,-103.142,704033,4948.92,-3340.86,-3929.89
113,-1.41101e+06,-6.06798e+06,3.35817e+06,28.4715,-103.091,704027,4950.02,-3334.8,-3933.68
114,-1.40606e+06,-6.07131e+06,3.35423e+06,28.4352,-103.039,704022,4951.11,-3328.73,-3937.46
115,-1.40111e+06,-6.07464e+06,3.35029e+06,28.3988,-102.988,704016,4952.19,-3322.65,-3941.24
116,-1.39616e+06,-6.07796e+06,3.34635e+06,28.3625,-102.937,704011,4953.27,-3316.58,-3945.01
117,-1.3912e+06,-6.08127e+06,3.3424e+06,28.326,-102.886,704005,4954.35,-3310.5,-3948.78
118,-1.38625e+06,-6.08458e+06,3.33845e+06,28.2896,-102.835,704000,4955.42,-3304.41,-3952.55
119,-1.38129e+06,-6.08788e+06,3.3345e+06,28.2532,-102.784,703994,4956.49,-3298.33,-3956.31
120,-1.37633e+06,-6.09117e+06,3.33054e+06,28.2167,-102.732,703989,4957.55,-3292.24,-3960.06
121,-1.37138e+06,-6.09446e+06,3.32658e+06,28.1802,-102.681,703983,4958.61,-3286.14,-3963.82
122,-1.36642e+06,-6.09775e+06,3.32261e+06,28.1437,-102.63,703978,4959.66,-3280.04,-3967.56
123,-1.36146e+06,-6.10102e+06,3.31864e+06,28.1072,-102.58,703972,4960.71,-3273.94,-3971.31
124,-1.35649e+06,-6.10429e+06,3.31467e+06,28.0706,-102.529,703967,4961.75,-3267.84,-3975.04
125,-1.35153e+06,-6.10756e+06,3.31069e+06,28.034,-102.478,703961,4962.79,-3261.73,-3978.78
126,-1.34657e+06,-6.11082e+06,3.30671e+06,27.9974,-102.427,703956,4963.83,-3255.62,-3982.51
127,-1.3416e+06,-6.11407e+06,3.30273e+06,27.9608,-102.376,703951,4964.86,-3249.5,-3986.23
128,-1.33664e+06,-6.11732e+06,3.29874e+06,27.9241,-102.325,703945,4965.88,-3243.38,-3989.95
129,-1.33167e+06,-6.12056e+06,3.29475e+06,27.8875,-102.275,703940,4966.9,-3237.26,-3993.67
130,-1.32671e+06,-6.12379e+06,3.29075e+06,27.8508,-102.224,703934,4967.92,-3231.13,-3997.38
131,-1.32174e+06,-6.12702e+06,3.28675e+06,27.8141,-102.173,703929,4968.93,-3225,-4001.09
132,-1.31677e+06,-6.13024e+06,3.28275e+06,27.7773,-102.123,703924,4969.93,-3218.87,-4004.79
133,-1.3118e+06,-6.13346e+06,3.27874e+06,27.7406,-102.072,703918,4970.94,-3212.74,-4008.49
134,-1.30683e+06,-6.13667e+06,3.27473e+06,27.7038,-102.022,703913,4971.93,-3206.6,-4012.18
135,-1.30185e+06,-6.13987e+06,3.27072e+06,27.667,-101.971,703907,4972.92,-3200.45,-4015.87
136,-1.29688e+06,-6.14307e+06,3.2667e+06,27.6302,-101.921,703902,4973.91,-3194.31,-4019.56
137,-1.29191e+06,-6.14626e+06,3.26268e+06,27.5933,-101.87,703897,4974.89,-3188.16,-4023.24
138,-1.28693e+06,-6.14944e+06,3.25865e+06,27.5565,-101.82,703891,4975.87,-3182,-4026.91
139,-1.28195e+06,-6.15262e+06,3.25463e+06,27.5196,-101.77,703886,4976.85,-3175.85,-4030.58
140,-1.27698e+06,-6.1558e+06,3.25059e+06,27.4827,-101.719,703881,4977.82,-3169.69,-4034.25
141,-1.272e+06,-6.15896e+06,3.24656e+06,27.4457,-101.669,703875,4978.78,-3163.52,-4037.91
142,-1.26702e+06,-6.16212e+06,3.24252e+06,27.4088,-101.619,703870,4979.74,-3157.35,-4041.57
143,-1.26204e+06,-6.16528e+06,3.23847e+06,27.3718,-101.569,703865,4980.69,-3151.18,-4045.22
144,-1.25706e+06,-6.16843e+06,3.23443e+06,27.3348,-101.519,703859,4981.64,-3145.01,-4048.87
145,-1.25208e+06,-6.17157e+06,3.23038e+06,27.2978,-101.468,703854,4982.59,-3138.83,-4052.51
146,-1.24709e+06,-6.1747e+06,3.22632e+06,27.2608,-101.418,703849,4983.53,-3132.65,-4056.15
147,-1.24211e+06,-6.17783e+06,3.22226e+06,27.2237,-101.368,703843,4984.47,-3126.47,-4059.79
148,-1.23712e+06,-6.18096e+06,3.2182e+06,27.1866,-101.318,703838,4985.4,-3120.28,-4063.42
149,-1.23214e+06,-6.18407e+06,3.21414e+06,27.1495,-101.268,703833,4986.33,-3114.09,-4067.04
150,-1.22715e+06,-6.18718e+06,3.21007e+06,27.1124,-101.218,703828,4987.25,-3107.9,-4070.66
151,-1.22216e+06,-6.19029e+06,3.206e+06,27.0753,-101.168,703822,4988.17,-3101.7,-4074.28
152,-1.21717e+06,-6.19339e+06,3.20192e+06,27.0381,-101.119,703817,4989.08,-3095.5,-4077.89
153,-1.21219e+06,-6.19648e+06,3.19784e+06,27.0009,-101.069,703812,4989.99,-3089.29,-4081.5
154,-1.20719e+06,-6.19957e+06,3.19376e+06,26.9637,-101.019,703807,4990.89,-3083.08,-4085.1
155,-1.2022e+06,-6.20265e+06,3.18967e+06,26.9265,-100.969,703801,4991.79,-3076.87,-4088.7
156,-1.19721e+06,-6.20572e+06,3.18558e+06,26.8892,-100.919,703796,4992.68,-3070.66,-4092.29
157,-1.19222e+06,-6.20879e+06,3.18148e+06,26.852,-100.87,703791,4993.57,-3064.44,-4095.88
158,-1.18722e+06,-6.21185e+06,3.17739e+06,26.8147,-100.82,703786,4994.46,-3058.22,-4099.46
159,-1.18223e+06,-6.2149e+06,3.17329e+06,26.7774,-100.77,703781,4995.34,-3052,-4103.04
160,-1.17723e+06,-6.21795e+06,3.16918e+06,26.7401,-100.721,703775,4996.21,-3045.77,-4106.62
161,-1.17224e+06,-6.221e+06,3.16507e+06,26.7027,-100.671,703770,4997.08,-3039.54,-4110.19
162,-1.16724e+06,-6.22403e+06,3.16096e+06,26.6653,-100.622,703765,4997.95,-3033.31,-4113.75
163,-1.16224e+06,-6.22706e+06,3.15685e+06,26.6279,-100.572,703760,4998.81,-3027.07,-4117.32
164,-1.15724e+06,-6.23009e+06,3.15273e+06,26.5905,-100.523,703755,4999.67,-3020.83,-4120.87
165,-1.15224e+06,-6.2331e+06,3.1486e+06,26.5531,-100.473,703750,5000.52,-3014.58,-4124.42
166,-1.14724e+06,-6.23612e+06,3.14448e+06,26.5157,-100.424,703744,5001.37,-3008.34,-4127.97
167,-1.14224e+06,-6.23912e+06,3.14035e+06,26.4782,-100.375,703739,5002.21,-3002.09,-4131.51
168,-1.13724e+06,-6.24212e+06,3.13621e+06,26.4407,-100.325,703734,5003.05,-2995.83,-4135.05
169,-1.13223e+06,-6.24511e+06,3.13208e+06,26.4032,-100.276,703729,5003.88,-2989.58,-4138.58
170,-1.12723e+06,-6.2481e+06,3.12794e+06,26.3656,-100.227,703724,5004.71,-2983.32,-4142.11
171,-1.12222e+06,-6.25108e+06,3.12379e+06,26.3281,-100.178,703719,5005.53,-2977.05,-4145.64
172,-1.11722e+06,-6.25405e+06,3.11965e+06,26.2905,-100.128,703714,5006.35,-2970.79,-4149.15
173,-1.11221e+06,-6.25702e+06,3.11549e+06,26.2529,-100.079,703709,5007.17,-2964.52,-4152.67
174,-1.1072e+06,-6.25998e+06,3.11134e+06,26.2153,-100.03,703704,5007.98,-2958.24,-4156.18
175,-1.10219e+06,-6.26294e+06,3.10718e+06,26.1777,-99.9811,703698,5008.78,-2951.97,-4159.68
176,-1.09719e+06,-6.26589e+06,3.10302e+06,26.14,-99.9321,703693,5009.58,-2945.69,-4163.18
177,-1.09218e+06,-6.26883e+06,3.09886e+06,26.1024,-99.8831,703688,5010.38,-2939.41,-4166.68
178,-1.08716e+06,-6.27177e+06,3.09469e+06,26.0647,-99.8341,703683,5011.17,-2933.12,-4170.17
179,-1.08215e+06,-6.2747e+06,3.09052e+06,26.027,-99.7851,703678,5011.96,-2926.83,-4173.66
180,-1.07714e+06,-6.27762e+06,3.08634e+06,25.9892,-99.7362,703673,5012.74,-2920.54,-4177.14
181,-1.07213e+06,-6.28054e+06,3.08216e+06,25.9515,-99.6874,703668,5013.51,-2914.25,-4180.61
182,-1.06711e+06,-6.28345e+06,3.07798e+06,25.9137,-99.6385,703663,5014.29,-2907.95,-4184.09
183,-1.0621e+06,-6.28635e+06,3.07379e+06,25.8759,-99.5897,703658,5015.05,-2901.65,-4187.55
184,-1.05708e+06,-6.28925e+06,3.0696e+06,25.8381,-99.541,703653,5015.82,-2895.34,-4191.02
185,-1.05207e+06,-6.29214e+06,3.06541e+06,25.8003,-99.4922,703648,5016.58,-2889.03,-4194.47
186,-1.04705e+06,-6.29503e+06,3.06122e+06,25.7624,-99.4435,703643,5017.33,-2882.72,-4197.93
187,-1.04203e+06,-6.29791e+06,3.05702e+06,25.7246,-99.3949,703638,5018.08,-2876.41,-4201.38
188,-1.03701e+06,-6.30078e+06,3.05281e+06,25.6867,-99.3462,703633,5018.82,-2870.09,-4204.82
189,-1.032e+06,-6.30365e+06,3.04861e+06,25.6488,-99.2976,703628,5019.56,-2863.77,-4208.26
190,-1.02698e+06,-6.30651e+06,3.0444e+06,25.6109,-99.2491,703623,5020.3,-2857.45,-4211.69
191,-1.02195e+06,-6.30936e+06,3.04018e+06,25.5729,-99.2005,703618,5021.03,-2851.12,-4215.12
192,-1.01693e+06,-6.31221e+06,3.03597e+06,25.535,-99.152,703614,5021.75,-2844.79,-4218.55
193,-1.01191e+06,-6.31505e+06,3.03175e+06,25.497,-99.1036,703609,5022.47,-2838.46,-4221.97
194,-1.00689e+06,-6.31789e+06,3.02752e+06,25.459,-99.0551,703604,5023.19,-2832.12,-4225.38
195,-1.00186e+06,-6.32072e+06,3.02329e+06,25.421,-99.0067,703599,5023.9,-2825.79,-4228.79
196,-996840,-6.32354e+06,3.01906e+06,25.3829,-98.9584,703594,5024.61,-2819.44,-4232.2
197,-991815,-6.32636e+06,3.01483e+06,25.3449,-98.91,703589,5025.31,-2813.1,-4235.6
198,-986790,-6.32917e+06,3.01059e+06,25.3068,-98.8617,703584,5026.01,-2806.75,-4239
199,-981763,-6.33197e+06,3.00635e+06,25.2687,-98.8135,703579,5026.7,-2800.4,-4242.39
