0,5.69345e+06,3.22622e+06,-2.71274e+06,-22.6387,29.5383,709000,-4201.35,3670,-4461.41
1,5.68925e+06,3.22989e+06,-2.7172e+06,-22.6779,29.5844,709014,-4207.17,3667.01,-4458.35
2,5.68504e+06,3.23356e+06,-2.72166e+06,-22.7171,29.6305,709027,-4212.99,3664.02,-4455.29
3,5.68082e+06,3.23722e+06,-2.72611e+06,-22.7562,29.6767,709041,-4218.79,3661.02,-4452.23
4,5.6766e+06,3.24088e+06,-2.73056e+06,-22.7954,29.7229,709054,-4224.6,3658.02,-4449.16
5,5.67237e+06,3.24454e+06,-2.73501e+06,-22.8345,29.7691,709068,-4230.4,3655.02,-4446.09
6,5.66814e+06,3.24819e+06,-2.73945e+06,-22.8737,29.8153,709081,-4236.2,3652.01,-4443.01
7,5.6639e+06,3.25184e+06,-2.7439e+06,-22.9128,29.8616,709095,-4241.99,3649,-4439.93
8,5.65966e+06,3.25549e+06,-2.74833e+06,-22.9519,29.9079,709109,-4247.78,3645.99,-4436.84
9,5.6554e+06,3.25913e+06,-2.75277e+06,-22.991,29.9543,709122,-4253.56,3642.98,-4433.75
10,5.65115e+06,3.26277e+06,-2.7572e+06,-23.03,30.0006,709136,-4259.34,3639.96,-4430.65
11,5.64689e+06,3.26641e+06,-2.76163e+06,-23.0691,30.047,709149,-4265.12,3636.93,-4427.55
12,5.64262e+06,3.27005e+06,-2.76606e+06,-23.1081,30.0934,709163,-4270.89,3633.91,-4424.44
13,5.63834e+06,3.27368e+06,-2.77048e+06,-23.1471,30.1399,709177,-4276.66,3630.88,-4421.32
14,5.63406e+06,3.27731e+06,-2.7749e+06,-23.1861,30.1864,709190,-4282.42,3627.85,-4418.21
15,5.62978e+06,3.28094e+06,-2.77932e+06,-23.2251,30.2329,709204,-4288.18,3624.81,-4415.08
16,5.62549e+06,3.28456e+06,-2.78373e+06,-23.2641,30.2794,709218,-4293.93,3621.77,-4411.96
17,5.62119e+06,3.28818e+06,-2.78814e+06,-23.303,30.326,709231,-4299.68,3618.73,-4408.82
18,5.61689e+06,3.2918e+06,-2.79255e+06,-23.3419,30.3726,709245,-4305.42,3615.69,-4405.69
19,5.61258e+06,3.29541e+06,-2.79695e+06,-23.3809,30.4192,709258,-4311.16,3612.64,-4402.54
20,5.60827e+06,3.29902e+06,-2.80135e+06,-23.4197,30.4659,709272,-4316.9,3609.59,-4399.39
21,5.60395e+06,3.30263e+06,-2.80575e+06,-23.4586,30.5125,709286,-4322.63,3606.53,-4396.24
22,5.59962e+06,3.30623e+06,-2.81015e+06,-23.4975,30.5593,709299,-4328.36,3603.47,-4393.08
23,5.59529e+06,3.30984e+06,-2.81454e+06,-23.5363,30.606,709313,-4334.08,3600.41,-4389.92
24,5.59095e+06,3.31344e+06,-2.81892e+06,-23.5752,30.6528,709327,-4339.8,3597.35,-4386.75
25,5.58661e+06,3.31703e+06,-2.82331e+06,-23.614,30.6996,709340,-4345.51,3594.28,-4383.58
26,5.58226e+06,3.32062e+06,-2.82769e+06,-23.6528,30.7464,709354,-4351.22,3591.21,-4380.41
27,5.57791e+06,3.32421e+06,-2.83207e+06,-23.6916,30.7933,709368,-4356.93,3588.14,-4377.22
28,5.57355e+06,3.3278e+06,-2.83645e+06,-23.7303,30.8402,709381,-4362.63,3585.06,-4374.04
29,5.56918e+06,3.33138e+06,-2.84082e+06,-23.7691,30.8871,709395,-4368.32,3581.98,-4370.84
30,5.56481e+06,3.33496e+06,-2.84519e+06,-23.8078,30.9341,709409,-4374.01,3578.9,-4367.65
31,5.56043e+06,3.33854e+06,-2.84955e+06,-23.8465,30.981,709422,-4379.7,3575.81,-4364.45
32,5.55605e+06,3.34212e+06,-2.85392e+06,-23.8852,31.0281,709436,-4385.38,3572.72,-4361.24
33,5.55166e+06,3.34569e+06,-2.85828e+06,-23.9239,31.0751,709450,-4391.06,3569.63,-4358.03
34,5.54727e+06,3.34926e+06,-2.86263e+06,-23.9625,31.1222,709464,-4396.74,3566.54,-4354.81
35,5.54287e+06,3.35282e+06,-2.86699e+06,-24.0012,31.1693,709477,-4402.41,3563.44,-4351.59
36,5.53847e+06,3.35638e+06,-2.87134e+06,-24.0398,31.2164,709491,-4408.07,3560.34,-4348.36
37,5.53405e+06,3.35994e+06,-2.87568e+06,-24.0784,31.2636,709505,-4413.73,3557.23,-4345.13
38,5.52964e+06,3.3635e+06,-2.88003e+06,-24.117,31.3108,709518,-4419.39,3554.12,-4341.9
39,5.52522e+06,3.36705e+06,-2.88437e+06,-24.1556,31.358,709532,-4425.04,3551.01,-4338.66
40,5.52079e+06,3.3706e+06,-2.8887e+06,-24.1941,31.4053,709546,-4430.68,3547.9,-4335.41
41,5.51635e+06,3.37415e+06,-2.89304e+06,-24.2327,31.4525,709560,-4436.33,3544.78,-4332.16
42,5.51192e+06,3.37769e+06,-2.89737e+06,-24.2712,31.4999,709573,-4441.96,3541.66,-4328.9
43,5.50747e+06,3.38123e+06,-2.9017e+06,-24.3097,31.5472,709587,-4447.6,3538.54,-4325.64
44,5.50302e+06,3.38477e+06,-2.90602e+06,-24.3482,31.5946,709601,-4453.23,3535.41,-4322.38
45,5.49856e+06,3.3883e+06,-2.91034e+06,-24.3866,31.642,709615,-4458.85,3532.28,-4319.11
46,5.4941e+06,3.39183e+06,-2.91466e+06,-24.4251,31.6895,709628,-4464.47,3529.15,-4315.83
47,5.48964e+06,3.39536e+06,-2.91897e+06,-24.4635,31.7369,709642,-4470.08,3526.01,-4312.56
48,5.48516e+06,3.39888e+06,-2.92328e+06,-24.5019,31.7844,709656,-4475.69,3522.87,-4309.27
49,5.48068e+06,3.4024e+06,-2.92759e+06,-24.5403,31.832,709669,-4481.3,3519.73,-4305.98
50,5.4762e+06,3.40592e+06,-2.93189e+06,-24.5787,31.8795,709683,-4486.9,3516.58,-4302.69
51,5.47171e+06,3.40944e+06,-2.9362e+06,-24.6171,31.9271,709697,-4492.5,3513.44,-4299.39
52,5.46721e+06,3.41295e+06,-2.94049e+06,-24.6554,31.9748,709711,-4498.09,3510.28,-4296.08
53,5.46271e+06,3.41646e+06,-2.94479e+06,-24.6937,32.0224,709725,-4503.68,3507.13,-4292.78
54,5.45821e+06,3.41996e+06,-2.94908e+06,-24.732,32.0701,709738,-4509.26,3503.97,-4289.46
55,5.4537e+06,3.42346e+06,-2.95337e+06,-24.7703,32.1179,709752,-4514.84,3500.81,-4286.14
56,5.44918e+06,3.42696e+06,-2.95765e+06,-24.8086,32.1656,709766,-4520.41,3497.65,-4282.82
57,5.44465e+06,3.43046e+06,-2.96193e+06,-24.8468,32.2134,709780,-4525.98,3494.48,-4279.49
58,5.44013e+06,3.43395e+06,-2.96621e+06,-24.8851,32.2612,709793,-4531.55,3491.31,-4276.16
59,5.43559e+06,3.43744e+06,-2.97048e+06,-24.9233,32.3091,709807,-4537.11,3488.14,-4272.82
60,5.43105e+06,3.44093e+06,-2.97476e+06,-24.9615,32.357,709821,-4542.66,3484.96,-4269.48
61,5.42651e+06,3.44441e+06,-2.97902e+06,-24.9997,32.4049,709835,-4548.21,3481.78,-4266.14
62,5.42196e+06,3.44789e+06,-2.98329e+06,-25.0378,32.4528,709849,-4553.76,3478.6,-4262.78
63,5.4174e+06,3.45137e+06,-2.98755e+06,-25.0759,32.5008,709862,-4559.3,3475.41,-4259.43
64,5.41284e+06,3.45484e+06,-2.99181e+06,-25.1141,32.5488,709876,-4564.84,3472.23,-4256.07
65,5.40827e+06,3.45831e+06,-2.99606e+06,-25.1522,32.5969,709890,-4570.37,3469.03,-4252.7
66,5.4037e+06,3.46178e+06,-3.00031e+06,-25.1903,32.6449,709904,-4575.9,3465.84,-4249.33
67,5.39912e+06,3.46525e+06,-3.00456e+06,-25.2283,32.693,709917,-4581.42,3462.64,-4245.95
68,5.39453e+06,3.46871e+06,-3.0088e+06,-25.2664,32.7412,709931,-4586.94,3459.44,-4242.57
69,5.38994e+06,3.47216e+06,-3.01305e+06,-25.3044,32.7894,709945,-4592.45,3456.24,-4239.19
70,5.38535e+06,3.47562e+06,-3.01728e+06,-25.3424,32.8376,709959,-4597.96,3453.03,-4235.8
71,5.38075e+06,3.47907e+06,-3.02152e+06,-25.3804,32.8858,709973,-4603.46,3449.82,-4232.4
72,5.37614e+06,3.48252e+06,-3.02575e+06,-25.4184,32.9341,709986,-4608.96,3446.61,-4229
73,5.37153e+06,3.48596e+06,-3.02998e+06,-25.4563,32.9824,710000,-4614.46,3443.39,-4225.6
74,5.36691e+06,3.48941e+06,-3.0342e+06,-25.4942,33.0307,710014,-4619.95,3440.17,-4222.19
75,5.36229e+06,3.49284e+06,-3.03842e+06,-25.5322,33.0791,710028,-4625.43,3436.95,-4218.78
76,5.35766e+06,3.49628e+06,-3.04264e+06,-25.5701,33.1275,710042,-4630.91,3433.73,-4215.36
77,5.35303e+06,3.49971e+06,-3.04685e+06,-25.6079,33.1759,710056,-4636.39,3430.5,-4211.94
78,5.34839e+06,3.50314e+06,-3.05106e+06,-25.6458,33.2244,710069,-4641.86,3427.27,-4208.51
79,5.34374e+06,3.50657e+06,-3.05527e+06,-25.6836,33.2729,710083,-4647.32,3424.04,-4205.08
80,5.33909e+06,3.50999e+06,-3.05947e+06,-25.7214,33.3214,710097,-4652.79,3420.8,-4201.64
81,5.33444e+06,3.51341e+06,-3.06367e+06,-25.7592,33.37,710111,-4658.24,3417.56,-4198.2
82,5.32978e+06,3.51682e+06,-3.06787e+06,-25.797,33.4186,710125,-4663.69,3414.32,-4194.75
83,5.32511e+06,3.52024e+06,-3.07206e+06,-25.8348,33.4672,710138,-4669.14,3411.07,-4191.3
84,5.32044e+06,3.52365e+06,-3.07625e+06,-25.8725,33.5159,710152,-4674.58,3407.82,-4187.84
85,5.31576e+06,3.52705e+06,-3.08044e+06,-25.9102,33.5646,710166,-4680.02,3404.57,-4184.38
86,5.31108e+06,3.53046e+06,-3.08462e+06,-25.9479,33.6133,710180,-4685.46,3401.32,-4180.92
87,5.30639e+06,3.53385e+06,-3.0888e+06,-25.9856,33.6621,710194,-4690.88,3398.06,-4177.45
88,5.3017e+06,3.53725e+06,-3.09297e+06,-26.0233,33.7109,710208,-4696.31,3394.8,-4173.97
89,5.297e+06,3.54064e+06,-3.09715e+06,-26.0609,33.7597,710221,-4701.73,3391.53,-4170.49
90,5.29229e+06,3.54403e+06,-3.10131e+06,-26.0985,33.8086,710235,-4707.14,3388.27,-4167.01
91,5.28758e+06,3.54742e+06,-3.10548e+06,-26.1361,33.8575,710249,-4712.55,3385,-4163.52
92,5.28287e+06,3.5508e+06,-3.10964e+06,-26.1737,33.9065,710263,-4717.95,3381.72,-4160.03
93,5.27815e+06,3.55418e+06,-3.1138e+06,-26.2113,33.9554,710277,-4723.35,3378.45,-4156.53
94,5.27342e+06,3.55756e+06,-3.11795e+06,-26.2488,34.0044,710291,-4728.75,3375.17,-4153.03
95,5.26869e+06,3.56093e+06,-3.12211e+06,-26.2864,34.0535,710304,-4734.14,3371.89,-4149.52
96,5.26395e+06,3.5643e+06,-3.12625e+06,-26.3239,34.1025,710318,-4739.52,3368.6,-4146.01
97,5.25921e+06,3.56767e+06,-3.1304e+06,-26.3613,34.1516,710332,-4744.9,3365.32,-4142.49
98,5.25446e+06,3.57104e+06,-3.13454e+06,-26.3988,34.2008,710346,-4750.28,3362.03,-4138.97
99,5.24971e+06,3.5744e+06,-3.13868e+06,-26.4363,34.25,710360,-4755.65,3358.73,-4135.45
100,5.24495e+06,3.57775e+06,-3.14281e+06,-26.4737,34.2992,710374,-4761.01,3355.44,-4131.91
101,5.24019e+06,3.58111e+06,-3.14694e+06,-26.5111,34.3484,710388,-4766.37,3352.14,-4128.38
102,5.23542e+06,3.58446e+06,-3.15107e+06,-26.5485,34.3977,710401,-4771.73,3348.84,-4124.84
103,5.23065e+06,3.5878e+06,-3.15519e+06,-26.5858,34.447,710415,-4777.08,3345.53,-4121.3
104,5.22587e+06,3.59115e+06,-3.15931e+06,-26.6232,34.4963,710429,-4782.42,3342.22,-4117.75
105,5.22108e+06,3.59449e+06,-3.16342e+06,-26.6605,34.5457,710443,-4787.77,3338.91,-4114.19
106,5.21629e+06,3.59783e+06,-3.16754e+06,-26.6978,34.5951,710457,-4793.1,3335.6,-4110.63
107,5.21149e+06,3.60116e+06,-3.17165e+06,-26.7351,34.6446,710471,-4798.43,3332.28,-4107.07
108,5.20669e+06,3.60449e+06,-3.17575e+06,-26.7723,34.6941,710484,-4803.76,3328.96,-4103.5
109,5.20189e+06,3.60782e+06,-3.17985e+06,-26.8096,34.7436,710498,-4809.08,3325.64,-4099.93
110,5.19708e+06,3.61114e+06,-3.18395e+06,-26.8468,34.7932,710512,-4814.4,3322.31,-4096.36
111,5.19226e+06,3.61446e+06,-3.18805e+06,-26.884,34.8428,710526,-4819.71,3318.98,-4092.77
112,5.18744e+06,3.61778e+06,-3.19214e+06,-26.9212,34.8924,710540,-4825.02,3315.65,-4089.19
113,5.18261e+06,3.62109e+06,-3.19622e+06,-26.9583,34.942,710554,-4830.32,3312.32,-4085.6
114,5.17778e+06,3.6244e+06,-3.20031e+06,-26.9955,34.9917,710568,-4835.62,3308.98,-4082
115,5.17294e+06,3.62771e+06,-3.20439e+06,-27.0326,35.0415,710581,-4840.91,3305.64,-4078.4
116,5.16809e+06,3.63102e+06,-3.20846e+06,-27.0697,35.0912,710595,-4846.19,3302.3,-4074.8
117,5.16325e+06,3.63432e+06,-3.21254e+06,-27.1067,35.141,710609,-4851.48,3298.95,-4071.19
118,5.15839e+06,3.63761e+06,-3.21661e+06,-27.1438,35.1909,710623,-4856.75,3295.6,-4067.58
119,5.15353e+06,3.64091e+06,-3.22067e+06,-27.1808,35.2407,710637,-4862.03,3292.25,-4063.96
120,5.14867e+06,3.6442e+06,-3.22473e+06,-27.2178,35.2906,710651,-4867.29,3288.9,-4060.34
121,5.1438e+06,3.64749e+06,-3.22879e+06,-27.2548,35.3406,710664,-4872.56,3285.54,-4056.71
122,5.13892e+06,3.65077e+06,-3.23285e+06,-27.2918,35.3906,710678,-4877.81,3282.18,-4053.08
123,5.13404e+06,3.65405e+06,-3.2369e+06,-27.3287,35.4406,710692,-4883.07,3278.82,-4049.44
124,5.12916e+06,3.65733e+06,-3.24095e+06,-27.3657,35.4906,710706,-4888.31,3275.45,-4045.8
125,5.12426e+06,3.6606e+06,-3.24499e+06,-27.4026,35.5407,710720,-4893.56,3272.08,-4042.16
126,5.11937e+06,3.66387e+06,-3.24903e+06,-27.4395,35.5908,710734,-4898.79,3268.71,-4038.51
127,5.11447e+06,3.66714e+06,-3.25307e+06,-27.4763,35.641,710748,-4904.03,3265.33,-4034.86
128,5.10956e+06,3.6704e+06,-3.2571e+06,-27.5132,35.6912,710761,-4909.25,3261.96,-4031.2
129,5.10465e+06,3.67366e+06,-3.26113e+06,-27.55,35.7414,710775,-4914.47,3258.58,-4027.53
130,5.09973e+06,3.67692e+06,-3.26516e+06,-27.5868,35.7917,710789,-4919.69,3255.19,-4023.87
131,5.09481e+06,3.68017e+06,-3.26918e+06,-27.6236,35.842,710803,-4924.9,3251.81,-4020.19
132,5.08988e+06,3.68342e+06,-3.2732e+06,-27.6603,35.8923,710817,-4930.11,3248.42,-4016.52
133,5.08495e+06,3.68667e+06,-3.27721e+06,-27.697,35.9427,710831,-4935.31,3245.03,-4012.84
134,5.08001e+06,3.68991e+06,-3.28122e+06,-27.7338,35.9931,710844,-4940.51,3241.63,-4009.15
135,5.07507e+06,3.69315e+06,-3.28523e+06,-27.7704,36.0436,710858,-4945.7,3238.23,-4005.46
136,5.07012e+06,3.69639e+06,-3.28923e+06,-27.8071,36.0941,710872,-4950.89,3234.83,-4001.77
137,5.06517e+06,3.69962e+06,-3.29323e+06,-27.8438,36.1446,710886,-4956.07,3231.43,-3998.07
138,5.06021e+06,3.70285e+06,-3.29723e+06,-27.8804,36.1951,710900,-4961.25,3228.02,-3994.36
139,5.05524e+06,3.70608e+06,-3.30122e+06,-27.917,36.2457,710914,-4966.42,3224.62,-3990.66
140,5.05028e+06,3.7093e+06,-3.30521e+06,-27.9536,36.2964,710927,-4971.59,3221.2,-3986.94
141,5.0453e+06,3.71252e+06,-3.3092e+06,-27.9901,36.347,710941,-4976.75,3217.79,-3983.23
142,5.04032e+06,3.71574e+06,-3.31318e+06,-28.0267,36.3977,710955,-4981.91,3214.37,-3979.5
143,5.03534e+06,3.71895e+06,-3.31715e+06,-28.0632,36.4485,710969,-4987.06,3210.95,-3975.78
144,5.03035e+06,3.72216e+06,-3.32113e+06,-28.0997,36.4992,710983,-4992.21,3207.53,-3972.05
145,5.02535e+06,3.72536e+06,-3.3251e+06,-28.1361,36.5501,710996,-4997.35,3204.1,-3968.31
146,5.02035e+06,3.72857e+06,-3.32907e+06,-28.1726,36.6009,711010,-5002.48,3200.67,-3964.57
147,5.01535e+06,3.73177e+06,-3.33303e+06,-28.209,36.6518,711024,-5007.61,3197.24,-3960.83
148,5.01034e+06,3.73496e+06,-3.33699e+06,-28.2454,36.7027,711038,-5012.74,3193.81,-3957.08
149,5.00532e+06,3.73815e+06,-3.34094e+06,-28.2818,36.7537,711052,-5017.86,3190.37,-3953.33
150,5.0003e+06,3.74134e+06,-3.34489e+06,-28.3181,36.8047,711066,-5022.98,3186.93,-3949.57
151,4.99528e+06,3.74453e+06,-3.34884e+06,-28.3545,36.8557,711079,-5028.09,3183.49,-3945.81
152,4.99025e+06,3.74771e+06,-3.35279e+06,-28.3908,36.9068,711093,-5033.19,3180.04,-3942.05
153,4.98521e+06,3.75089e+06,-3.35673e+06,-28.4271,36.9579,711107,-5038.29,3176.6,-3938.28
154,4.98017e+06,3.75406e+06,-3.36066e+06,-28.4633,37.0091,711121,-5043.39,3173.15,-3934.5
155,4.97512e+06,3.75723e+06,-3.36459e+06,-28.4996,37.0602,711135,-5048.48,3169.69,-3930.72
156,4.97007e+06,3.7604e+06,-3.36852e+06,-28.5358,37.1115,711148,-5053.57,3166.24,-3926.94
157,4.96502e+06,3.76357e+06,-3.37245e+06,-28.572,37.1627,711162,-5058.65,3162.78,-3923.15
158,4.95995e+06,3.76673e+06,-3.37637e+06,-28.6082,37.214,711176,-5063.72,3159.31,-3919.36
159,4.95489e+06,3.76988e+06,-3.38029e+06,-28.6443,37.2654,711190,-5068.79,3155.85,-3915.56
160,4.94982e+06,3.77304e+06,-3.3842e+06,-28.6805,37.3168,711204,-5073.85,3152.38,-3911.76
161,4.94474e+06,3.77619e+06,-3.38811e+06,-28.7166,37.3682,711217,-5078.91,3148.91,-3907.96
162,4.93966e+06,3.77934e+06,-3.39202e+06,-28.7526,37.4196,711231,-5083.97,3145.44,-3904.15
163,4.93457e+06,3.78248e+06,-3.39592e+06,-28.7887,37.4711,711245,-5089.02,3141.96,-3900.33
164,4.92948e+06,3.78562e+06,-3.39982e+06,-28.8247,37.5226,711259,-5094.06,3138.48,-3896.51
165,4.92438e+06,3.78876e+06,-3.40371e+06,-28.8608,37.5742,711273,-5099.1,3135,-3892.69
166,4.91928e+06,3.79189e+06,-3.4076e+06,-28.8967,37.6258,711286,-5104.13,3131.52,-3888.86
167,4.91418e+06,3.79502e+06,-3.41149e+06,-28.9327,37.6775,711300,-5109.16,3128.03,-3885.03
168,4.90907e+06,3.79815e+06,-3.41537e+06,-28.9687,37.7291,711314,-5114.18,3124.54,-3881.2
169,4.90395e+06,3.80127e+06,-3.41925e+06,-29.0046,37.7809,711328,-5119.2,3121.05,-3877.36
170,4.89883e+06,3.80439e+06,-3.42313e+06,-29.0405,37.8326,711341,-5124.21,3117.56,-3873.51
171,4.8937e+06,3.8075e+06,-3.427e+06,-29.0763,37.8844,711355,-5129.22,3114.06,-3869.66
172,4.88857e+06,3.81062e+06,-3.43087e+06,-29.1122,37.9362,711369,-5134.22,3110.56,-3865.81
173,4.88343e+06,3.81373e+06,-3.43473e+06,-29.148,37.9881,711383,-5139.22,3107.05,-3861.95
174,4.87829e+06,3.81683e+06,-3.43859e+06,-29.1838,38.04,711396,-5144.21,3103.55,-3858.09
175,4.87314e+06,3.81993e+06,-3.44245e+06,-29.2196,38.092,711410,-5149.2,3100.04,-3854.23
176,4.86799e+06,3.82303e+06,-3.4463e+06,-29.2554,38.144,711424,-5154.18,3096.53,-3850.35
177,4.86283e+06,3.82613e+06,-3.45015e+06,-29.2911,38.196,711438,-5159.15,3093.01,-3846.48
178,4.85767e+06,3.82922e+06,-3.45399e+06,-29.3268,38.2481,711451,-5164.12,3089.5,-3842.6
179,4.85251e+06,3.8323e+06,-3.45783e+06,-29.3625,38.3002,711465,-5169.09,3085.98,-3838.72
180,4.84734e+06,3.83539e+06,-3.46167e+06,-29.3981,38.3523,711479,-5174.05,3082.46,-3834.83
181,4.84216e+06,3.83847e+06,-3.4655e+06,-29.4338,38.4045,711493,-5179,3078.93,-3830.94
182,4.83698e+06,3.84155e+06,-3.46933e+06,-29.4694,38.4567,711506,-5183.95,3075.4,-3827.04
183,4.83179e+06,3.84462e+06,-3.47316e+06,-29.505,38.509,711520,-5188.9,3071.87,-3823.14
184,4.8266e+06,3.84769e+06,-3.47698e+06,-29.5405,38.5613,711534,-5193.83,3068.34,-3819.24
185,4.8214e+06,3.85076e+06,-3.48079e+06,-29.5761,38.6137,711548,-5198.77,3064.81,-3815.33
186,4.8162e+06,3.85382e+06,-3.48461e+06,-29.6116,38.666,711561,-5203.7,3061.27,-3811.41
187,4.811e+06,3.85688e+06,-3.48842e+06,-29.6471,38.7185,711575,-5208.62,3057.73,-3807.5
188,4.80578e+06,3.85993e+06,-3.49222e+06,-29.6825,38.7709,711589,-5213.54,3054.18,-3803.57
189,4.80057e+06,3.86299e+06,-3.49602e+06,-29.718,38.8234,711602,-5218.45,3050.64,-3799.65
190,4.79535e+06,3.86604e+06,-3.49982e+06,-29.7534,38.876,711616,-5223.36,3047.09,-3795.72
191,4.79012e+06,3.86908e+06,-3.50362e+06,-29.7888,38.9285,711630,-5228.26,3043.54,-3791.78
192,4.78489e+06,3.87212e+06,-3.50741e+06,-29.8242,38.9812,711643,-5233.15,3039.98,-3787.84
193,4.77966e+06,3.87516e+06,-3.51119e+06,-29.8595,39.0338,711657,-5238.04,3036.43,-3783.9
194,4.77442e+06,3.8782e+06,-3.51497e+06,-29.8948,39.0865,711671,-5242.93,3032.87,-3779.95
195,4.76917e+06,3.88123e+06,-3.51875e+06,-29.9301,39.1393,711685,-5247.81,3029.3,-3776
196,4.76392e+06,3.88425e+06,-3.52253e+06,-29.9654,39.192,711698,-5252.68,3025.74,-3772.05
197,4.75866e+06,3.88728e+06,-3.5263e+06,-30.0006,39.2448,711712,-5257.55,3022.17,-3768.09
198,4.7534e+06,3.8903e+06,-3.53006e+06,-30.0358,39.2977,711726,-5262.42,3018.6,-3764.12
199,4.74814e+06,3.89332e+06,-3.53382e+06,-30.071,39.3506,711739,-5267.28,3015.03,-3760.15
