0,3.49237e+06,4.86273e+06,-3.78815e+06,-32.4798,54.3144,712687,-6022.47,1624.39,-3470.85
1,3.48635e+06,4.86435e+06,-3.79162e+06,-32.5131,54.3703,712700,-6026.12,1619.85,-3466.59
2,3.48032e+06,4.86597e+06,-3.79508e+06,-32.5463,54.4263,712713,-6029.77,1615.3,-3462.33
3,3.47429e+06,4.86758e+06,-3.79854e+06,-32.5795,54.4823,712727,-6033.41,1610.75,-3458.07
4,3.46825e+06,4.86919e+06,-3.802e+06,-32.6127,54.5383,712740,-6037.05,1606.21,-3453.8
5,3.46221e+06,4.87079e+06,-3.80545e+06,-32.6459,54.5944,712753,-6040.68,1601.66,-3449.53
6,3.45617e+06,4.87239e+06,-3.8089e+06,-32.679,54.6505,712766,-6044.3,1597.11,-3445.25
7,3.45012e+06,4.87399e+06,-3.81234e+06,-32.7121,54.7067,712779,-6047.92,1592.55,-3440.97
8,3.44407e+06,4.87558e+06,-3.81578e+06,-32.7452,54.7629,712793,-6051.53,1588,-3436.68
9,3.43802e+06,4.87716e+06,-3.81921e+06,-32.7783,54.8191,712806,-6055.13,1583.45,-3432.4
10,3.43196e+06,4.87874e+06,-3.82264e+06,-32.8113,54.8754,712819,-6058.73,1578.89,-3428.11
11,3.4259e+06,4.88032e+06,-3.82607e+06,-32.8443,54.9318,712832,-6062.33,1574.34,-3423.81
12,3.41984e+06,4.88189e+06,-3.82949e+06,-32.8772,54.9882,712845,-6065.91,1569.78,-3419.51
13,3.41377e+06,4.88346e+06,-3.83291e+06,-32.9101,55.0446,712859,-6069.49,1565.22,-3415.21
14,3.4077e+06,4.88502e+06,-3.83632e+06,-32.943,55.1011,712872,-6073.07,1560.66,-3410.9
15,3.40162e+06,4.88658e+06,-3.83973e+06,-32.9759,55.1576,712885,-6076.64,1556.1,-3406.59
16,3.39555e+06,4.88813e+06,-3.84313e+06,-33.0087,55.2142,712898,-6080.2,1551.54,-3402.28
17,3.38946e+06,4.88968e+06,-3.84653e+06,-33.0415,55.2708,712911,-6083.75,1546.97,-3397.96
18,3.38338e+06,4.89123e+06,-3.84993e+06,-33.0743,55.3275,712924,-6087.31,1542.41,-3393.63
19,3.37729e+06,4.89277e+06,-3.85332e+06,-33.1071,55.3842,712937,-6090.85,1537.84,-3389.31
20,3.3712e+06,4.8943e+06,-3.85671e+06,-33.1398,55.4409,712950,-6094.39,1533.28,-3384.98
21,3.3651e+06,4.89584e+06,-3.86009e+06,-33.1725,55.4977,712963,-6097.92,1528.71,-3380.65
22,3.359e+06,4.89736e+06,-3.86347e+06,-33.2051,55.5546,712977,-6101.44,1524.14,-3376.31
23,3.3529e+06,4.89888e+06,-3.86684e+06,-33.2378,55.6114,712990,-6104.96,1519.57,-3371.97
24,3.34679e+06,4.9004e+06,-3.87021e+06,-33.2704,55.6684,713003,-6108.48,1515,-3367.62
25,3.34068e+06,4.90191e+06,-3.87358e+06,-33.3029,55.7254,713016,-6111.98,1510.42,-3363.27
26,3.33457e+06,4.90342e+06,-3.87694e+06,-33.3355,55.7824,713029,-6115.49,1505.85,-3358.92
27,3.32845e+06,4.90493e+06,-3.8803e+06,-33.368,55.8394,713042,-6118.98,1501.27,-3354.56
28,3.32233e+06,4.90642e+06,-3.88365e+06,-33.4005,55.8966,713055,-6122.47,1496.7,-3350.21
29,3.31621e+06,4.90792e+06,-3.887e+06,-33.4329,55.9537,713068,-6125.95,1492.12,-3345.84
30,3.31008e+06,4.90941e+06,-3.89034e+06,-33.4653,56.0109,713081,-6129.43,1487.54,-3341.47
31,3.30395e+06,4.91089e+06,-3.89368e+06,-33.4977,56.0682,713094,-6132.9,1482.96,-3337.1
32,3.29781e+06,4.91237e+06,-3.89702e+06,-33.5301,56.1255,713107,-6136.36,1478.38,-3332.73
33,3.29167e+06,4.91385e+06,-3.90035e+06,-33.5624,56.1828,713120,-6139.82,1473.8,-3328.35
34,3.28553e+06,4.91532e+06,-3.90367e+06,-33.5947,56.2402,713133,-6143.27,1469.21,-3323.97
35,3.27939e+06,4.91679e+06,-3.90699e+06,-33.6269,56.2976,713146,-6146.72,1464.63,-3319.58
36,3.27324e+06,4.91825e+06,-3.91031e+06,-33.6592,56.3551,713159,-6150.16,1460.04,-3315.19
37,3.26709e+06,4.91971e+06,-3.91362e+06,-33.6914,56.4126,713172,-6153.59,1455.46,-3310.8
38,3.26093e+06,4.92116e+06,-3.91693e+06,-33.7235,56.4702,713185,-6157.02,1450.87,-3306.4
39,3.25477e+06,4.92261e+06,-3.92024e+06,-33.7557,56.5278,713198,-6160.44,1446.28,-3302
40,3.24861e+06,4.92405e+06,-3.92354e+06,-33.7878,56.5854,713210,-6163.85,1441.69,-3297.6
41,3.24245e+06,4.92549e+06,-3.92683e+06,-33.8199,56.6431,713223,-6167.26,1437.1,-3293.19
42,3.23628e+06,4.92693e+06,-3.93012e+06,-33.8519,56.7009,713236,-6170.66,1432.51,-3288.78
43,3.2301e+06,4.92836e+06,-3.93341e+06,-33.8839,56.7587,713249,-6174.06,1427.92,-3284.36
44,3.22393e+06,4.92978e+06,-3.93669e+06,-33.9159,56.8165,713262,-6177.45,1423.32,-3279.94
45,3.21775e+06,4.93121e+06,-3.93997e+06,-33.9479,56.8744,713275,-6180.83,1418.73,-3275.52
46,3.21157e+06,4.93262e+06,-3.94324e+06,-33.9798,56.9324,713288,-6184.21,1414.13,-3271.09
47,3.20538e+06,4.93403e+06,-3.94651e+06,-34.0117,56.9903,713301,-6187.58,1409.53,-3266.66
48,3.19919e+06,4.93544e+06,-3.94978e+06,-34.0435,57.0484,713313,-6190.94,1404.94,-3262.23
49,3.193e+06,4.93684e+06,-3.95304e+06,-34.0754,57.1065,713326,-6194.3,1400.34,-3257.79
50,3.1868e+06,4.93824e+06,-3.95629e+06,-34.1071,57.1646,713339,-6197.65,1395.74,-3253.35
51,3.1806e+06,4.93964e+06,-3.95954e+06,-34.1389,57.2227,713352,-6201,1391.13,-3248.9
52,3.1744e+06,4.94102e+06,-3.96279e+06,-34.1706,57.281,713365,-6204.34,1386.53,-3244.46
53,3.16819e+06,4.94241e+06,-3.96603e+06,-34.2023,57.3392,713378,-6207.67,1381.93,-3240
54,3.16199e+06,4.94379e+06,-3.96927e+06,-34.234,57.3975,713390,-6211,1377.32,-3235.55
55,3.15577e+06,4.94516e+06,-3.9725e+06,-34.2656,57.4559,713403,-6214.32,1372.72,-3231.09
56,3.14956e+06,4.94653e+06,-3.97573e+06,-34.2972,57.5143,713416,-6217.63,1368.11,-3226.63
57,3.14334e+06,4.9479e+06,-3.97896e+06,-34.3288,57.5727,713429,-6220.94,1363.5,-3222.16
58,3.13712e+06,4.94926e+06,-3.98218e+06,-34.3603,57.6312,713441,-6224.24,1358.9,-3217.69
59,3.13089e+06,4.95062e+06,-3.98539e+06,-34.3918,57.6898,713454,-6227.54,1354.29,-3213.22
60,3.12466e+06,4.95197e+06,-3.9886e+06,-34.4233,57.7483,713467,-6230.83,1349.68,-3208.74
61,3.11843e+06,4.95332e+06,-3.99181e+06,-34.4548,57.807,713480,-6234.11,1345.06,-3204.26
62,3.11219e+06,4.95466e+06,-3.99501e+06,-34.4862,57.8657,713492,-6237.39,1340.45,-3199.77
63,3.10595e+06,4.956e+06,-3.99821e+06,-34.5175,57.9244,713505,-6240.66,1335.84,-3195.29
64,3.09971e+06,4.95733e+06,-4.0014e+06,-34.5489,57.9832,713518,-6243.92,1331.22,-3190.79
65,3.09347e+06,4.95866e+06,-4.00459e+06,-34.5802,58.042,713530,-6247.18,1326.61,-3186.3
66,3.08722e+06,4.95998e+06,-4.00777e+06,-34.6115,58.1008,713543,-6250.43,1321.99,-3181.8
67,3.08096e+06,4.9613e+06,-4.01095e+06,-34.6427,58.1598,713556,-6253.68,1317.37,-3177.3
68,3.07471e+06,4.96262e+06,-4.01413e+06,-34.6739,58.2187,713568,-6256.91,1312.75,-3172.79
69,3.06845e+06,4.96393e+06,-4.0173e+06,-34.7051,58.2777,713581,-6260.15,1308.13,-3168.28
70,3.06219e+06,4.96523e+06,-4.02047e+06,-34.7363,58.3368,713593,-6263.37,1303.51,-3163.77
71,3.05592e+06,4.96654e+06,-4.02363e+06,-34.7674,58.3959,713606,-6266.59,1298.89,-3159.25
72,3.04966e+06,4.96783e+06,-4.02678e+06,-34.7985,58.455,713619,-6269.81,1294.27,-3154.73
73,3.04338e+06,4.96912e+06,-4.02994e+06,-34.8295,58.5142,713631,-6273.01,1289.65,-3150.21
74,3.03711e+06,4.97041e+06,-4.03308e+06,-34.8605,58.5735,713644,-6276.22,1285.02,-3145.68
75,3.03083e+06,4.97169e+06,-4.03623e+06,-34.8915,58.6328,713656,-6279.41,1280.4,-3141.15
76,3.02455e+06,4.97297e+06,-4.03937e+06,-34.9224,58.6921,713669,-6282.6,1275.77,-3136.62
77,3.01827e+06,4.97425e+06,-4.0425e+06,-34.9534,58.7515,713681,-6285.78,1271.14,-3132.08
78,3.01198e+06,4.97551e+06,-4.04563e+06,-34.9842,58.811,713694,-6288.96,1266.52,-3127.54
79,3.00569e+06,4.97678e+06,-4.04876e+06,-35.0151,58.8704,713707,-6292.12,1261.89,-3123
80,2.9994e+06,4.97804e+06,-4.05188e+06,-35.0459,58.93,713719,-6295.29,1257.26,-3118.45
81,2.9931e+06,4.97929e+06,-4.05499e+06,-35.0767,58.9895,713732,-6298.44,1252.63,-3113.9
82,2.9868e+06,4.98054e+06,-4.0581e+06,-35.1074,59.0492,713744,-6301.59,1247.99,-3109.34
83,2.9805e+06,4.98179e+06,-4.06121e+06,-35.1381,59.1088,713756,-6304.74,1243.36,-3104.78
84,2.97419e+06,4.98303e+06,-4.06431e+06,-35.1688,59.1686,713769,-6307.88,1238.73,-3100.22
85,2.96788e+06,4.98427e+06,-4.06741e+06,-35.1995,59.2283,713781,-6311.01,1234.09,-3095.66
86,2.96157e+06,4.9855e+06,-4.07051e+06,-35.2301,59.2882,713794,-6314.13,1229.46,-3091.09
87,2.95525e+06,4.98673e+06,-4.07359e+06,-35.2607,59.348,713806,-6317.25,1224.82,-3086.51
88,2.94893e+06,4.98795e+06,-4.07668e+06,-35.2912,59.4079,713819,-6320.36,1220.19,-3081.94
89,2.94261e+06,4.98917e+06,-4.07976e+06,-35.3217,59.4679,713831,-6323.47,1215.55,-3077.36
90,2.93629e+06,4.99038e+06,-4.08283e+06,-35.3522,59.5279,713843,-6326.57,1210.91,-3072.78
91,2.92996e+06,4.99159e+06,-4.0859e+06,-35.3826,59.588,713856,-6329.66,1206.27,-3068.19
92,2.92363e+06,4.99279e+06,-4.08897e+06,-35.413,59.6481,713868,-6332.75,1201.63,-3063.6
93,2.91729e+06,4.99399e+06,-4.09203e+06,-35.4434,59.7082,713881,-6335.83,1196.99,-3059.01
94,2.91095e+06,4.99519e+06,-4.09509e+06,-35.4737,59.7684,713893,-6338.9,1192.34,-3054.41
95,2.90461e+06,4.99638e+06,-4.09814e+06,-35.504,59.8287,713905,-6341.97,1187.7,-3049.81
96,2.89827e+06,4.99756e+06,-4.10119e+06,-35.5343,59.889,713918,-6345.03,1183.06,-3045.21
97,2.89192e+06,4.99874e+06,-4.10423e+06,-35.5645,59.9493,713930,-6348.08,1178.41,-3040.6
98,2.88557e+06,4.99992e+06,-4.10727e+06,-35.5947,60.0097,713942,-6351.13,1173.77,-3035.99
99,2.87922e+06,5.00109e+06,-4.1103e+06,-35.6249,60.0702,713954,-6354.17,1169.12,-3031.38
100,2.87287e+06,5.00226e+06,-4.11333e+06,-35.655,60.1306,713967,-6357.21,1164.47,-3026.76
101,2.86651e+06,5.00342e+06,-4.11636e+06,-35.6851,60.1912,713979,-6360.24,1159.82,-3022.14
102,2.86015e+06,5.00458e+06,-4.11938e+06,-35.7152,60.2518,713991,-6363.26,1155.17,-3017.52
103,2.85378e+06,5.00573e+06,-4.12239e+06,-35.7452,60.3124,714004,-6366.27,1150.52,-3012.89
104,2.84741e+06,5.00688e+06,-4.1254e+06,-35.7752,60.3731,714016,-6369.28,1145.87,-3008.26
105,2.84104e+06,5.00802e+06,-4.12841e+06,-35.8052,60.4338,714028,-6372.29,1141.22,-3003.63
106,2.83467e+06,5.00916e+06,-4.13141e+06,-35.8351,60.4946,714040,-6375.28,1136.57,-2998.99
107,2.82829e+06,5.01029e+06,-4.13441e+06,-35.865,60.5554,714052,-6378.27,1131.92,-2994.35
108,2.82191e+06,5.01142e+06,-4.1374e+06,-35.8948,60.6163,714065,-6381.26,1127.26,-2989.71
109,2.81553e+06,5.01255e+06,-4.14038e+06,-35.9246,60.6772,714077,-6384.23,1122.61,-2985.06
110,2.80914e+06,5.01367e+06,-4.14337e+06,-35.9544,60.7382,714089,-6387.21,1117.95,-2980.41
111,2.80276e+06,5.01478e+06,-4.14635e+06,-35.9841,60.7992,714101,-6390.17,1113.3,-2975.76
112,2.79636e+06,5.0159e+06,-4.14932e+06,-36.0139,60.8603,714113,-6393.13,1108.64,-2971.1
113,2.78997e+06,5.017e+06,-4.15229e+06,-36.0435,60.9214,714125,-6396.08,1103.98,-2966.44
114,2.78357e+06,5.0181e+06,-4.15525e+06,-36.0732,60.9826,714137,-6399.02,1099.32,-2961.78
115,2.77717e+06,5.0192e+06,-4.15821e+06,-36.1028,61.0438,714149,-6401.96,1094.66,-2957.11
116,2.77077e+06,5.02029e+06,-4.16117e+06,-36.1323,61.1051,714161,-6404.9,1090,-2952.44
117,2.76436e+06,5.02138e+06,-4.16412e+06,-36.1619,61.1664,714174,-6407.82,1085.34,-2947.77
118,2.75795e+06,5.02246e+06,-4.16706e+06,-36.1913,61.2278,714186,-6410.74,1080.68,-2943.09
119,2.75154e+06,5.02354e+06,-4.17e+06,-36.2208,61.2892,714198,-6413.65,1076.02,-2938.41
120,2.74512e+06,5.02462e+06,-4.17294e+06,-36.2502,61.3507,714210,-6416.56,1071.35,-2933.73
121,2.73871e+06,5.02568e+06,-4.17587e+06,-36.2796,61.4122,714222,-6419.46,1066.69,-2929.04
122,2.73229e+06,5.02675e+06,-4.1788e+06,-36.3089,61.4737,714234,-6422.35,1062.02,-2924.35
123,2.72586e+06,5.02781e+06,-4.18172e+06,-36.3383,61.5354,714246,-6425.24,1057.36,-2919.66
124,2.71944e+06,5.02886e+06,-4.18464e+06,-36.3675,61.597,714258,-6428.12,1052.69,-2914.96
125,2.71301e+06,5.02991e+06,-4.18755e+06,-36.3968,61.6587,714270,-6430.99,1048.03,-2910.26
126,2.70657e+06,5.03096e+06,-4.19046e+06,-36.426,61.7205,714282,-6433.86,1043.36,-2905.56
127,2.70014e+06,5.032e+06,-4.19336e+06,-36.4551,61.7823,714293,-6436.72,1038.69,-2900.85
128,2.6937e+06,5.03304e+06,-4.19626e+06,-36.4843,61.8441,714305,-6439.57,1034.02,-2896.14
129,2.68726e+06,5.03407e+06,-4.19915e+06,-36.5134,61.9061,714317,-6442.42,1029.35,-2891.43
130,2.68081e+06,5.0351e+06,-4.20204e+06,-36.5424,61.968,714329,-6445.26,1024.68,-2886.72
131,2.67437e+06,5.03612e+06,-4.20493e+06,-36.5714,62.03,714341,-6448.1,1020.01,-2882
132,2.66792e+06,5.03714e+06,-4.2078e+06,-36.6004,62.0921,714353,-6450.93,1015.34,-2877.27
133,2.66147e+06,5.03815e+06,-4.21068e+06,-36.6294,62.1542,714365,-6453.75,1010.66,-2872.55
134,2.65501e+06,5.03916e+06,-4.21355e+06,-36.6583,62.2163,714377,-6456.56,1005.99,-2867.82
135,2.64855e+06,5.04016e+06,-4.21642e+06,-36.6871,62.2785,714388,-6459.37,1001.32,-2863.09
136,2.64209e+06,5.04116e+06,-4.21928e+06,-36.716,62.3408,714400,-6462.17,996.641,-2858.35
137,2.63563e+06,5.04215e+06,-4.22213e+06,-36.7448,62.4031,714412,-6464.97,991.965,-2853.62
138,2.62916e+06,5.04314e+06,-4.22498e+06,-36.7735,62.4654,714424,-6467.76,987.289,-2848.87
139,2.62269e+06,5.04413e+06,-4.22783e+06,-36.8023,62.5278,714436,-6470.54,982.612,-2844.13
140,2.61622e+06,5.04511e+06,-4.23067e+06,-36.8309,62.5903,714447,-6473.32,977.935,-2839.38
141,2.60975e+06,5.04608e+06,-4.23351e+06,-36.8596,62.6528,714459,-6476.09,973.257,-2834.63
142,2.60327e+06,5.04705e+06,-4.23634e+06,-36.8882,62.7153,714471,-6478.85,968.578,-2829.88
143,2.59679e+06,5.04802e+06,-4.23917e+06,-36.9168,62.7779,714483,-6481.61,963.898,-2825.12
144,2.59031e+06,5.04898e+06,-4.24199e+06,-36.9453,62.8406,714494,-6484.36,959.218,-2820.36
145,2.58382e+06,5.04994e+06,-4.24481e+06,-36.9738,62.9033,714506,-6487.1,954.538,-2815.6
146,2.57733e+06,5.05089e+06,-4.24762e+06,-37.0023,62.966,714518,-6489.84,949.856,-2810.83
147,2.57084e+06,5.05184e+06,-4.25043e+06,-37.0307,63.0288,714529,-6492.57,945.174,-2806.06
148,2.56435e+06,5.05278e+06,-4.25323e+06,-37.0591,63.0917,714541,-6495.29,940.491,-2801.29
149,2.55785e+06,5.05372e+06,-4.25603e+06,-37.0874,63.1546,714553,-6498.01,935.808,-2796.51
150,2.55135e+06,5.05465e+06,-4.25883e+06,-37.1157,63.2175,714564,-6500.72,931.124,-2791.73
151,2.54485e+06,5.05558e+06,-4.26162e+06,-37.144,63.2805,714576,-6503.42,926.44,-2786.95
152,2.53834e+06,5.05651e+06,-4.2644e+06,-37.1722,63.3435,714587,-6506.12,921.754,-2782.16
153,2.53184e+06,5.05743e+06,-4.26718e+06,-37.2004,63.4066,714599,-6508.81,917.069,-2777.37
154,2.52533e+06,5.05834e+06,-4.26996e+06,-37.2286,63.4698,714611,-6511.49,912.382,-2772.58
155,2.51881e+06,5.05925e+06,-4.27273e+06,-37.2567,63.533,714622,-6514.17,907.695,-2767.79
156,2.5123e+06,5.06016e+06,-4.27549e+06,-37.2848,63.5962,714634,-6516.84,903.008,-2762.99
157,2.50578e+06,5.06106e+06,-4.27825e+06,-37.3128,63.6595,714645,-6519.51,898.319,-2758.19
158,2.49926e+06,5.06195e+06,-4.28101e+06,-37.3408,63.7229,714657,-6522.16,893.631,-2753.38
159,2.49274e+06,5.06284e+06,-4.28376e+06,-37.3688,63.7863,714668,-6524.81,888.941,-2748.58
160,2.48621e+06,5.06373e+06,-4.28651e+06,-37.3967,63.8497,714680,-6527.46,884.251,-2743.77
161,2.47968e+06,5.06461e+06,-4.28925e+06,-37.4246,63.9132,714691,-6530.1,879.561,-2738.95
162,2.47315e+06,5.06549e+06,-4.29198e+06,-37.4524,63.9767,714702,-6532.73,874.869,-2734.14
163,2.46662e+06,5.06636e+06,-4.29471e+06,-37.4802,64.0403,714714,-6535.35,870.178,-2729.32
164,2.46008e+06,5.06723e+06,-4.29744e+06,-37.508,64.104,714725,-6537.97,865.486,-2724.5
165,2.45354e+06,5.06809e+06,-4.30016e+06,-37.5357,64.1677,714737,-6540.58,860.793,-2719.67
166,2.447e+06,5.06895e+06,-4.30288e+06,-37.5634,64.2314,714748,-6543.19,856.099,-2714.84
167,2.44045e+06,5.06981e+06,-4.30559e+06,-37.591,64.2952,714759,-6545.79,851.405,-2710.01
168,2.43391e+06,5.07065e+06,-4.3083e+06,-37.6187,64.3591,714771,-6548.38,846.711,-2705.18
169,2.42736e+06,5.0715e+06,-4.311e+06,-37.6462,64.423,714782,-6550.96,842.016,-2700.34
170,2.4208e+06,5.07234e+06,-4.3137e+06,-37.6738,64.4869,714793,-6553.54,837.32,-2695.5
171,2.41425e+06,5.07317e+06,-4.31639e+06,-37.7013,64.5509,714805,-6556.11,832.624,-2690.66
172,2.40769e+06,5.074e+06,-4.31908e+06,-37.7287,64.6149,714816,-6558.68,827.928,-2685.81
173,2.40113e+06,5.07483e+06,-4.32177e+06,-37.7561,64.679,714827,-6561.24,823.23,-2680.96
174,2.39457e+06,5.07565e+06,-4.32444e+06,-37.7835,64.7432,714839,-6563.79,818.533,-2676.11
175,2.388e+06,5.07647e+06,-4.32712e+06,-37.8108,64.8074,714850,-6566.33,813.834,-2671.25
176,2.38144e+06,5.07728e+06,-4.32979e+06,-37.8381,64.8716,714861,-6568.87,809.136,-2666.39
177,2.37487e+06,5.07808e+06,-4.33245e+06,-37.8654,64.9359,714872,-6571.41,804.437,-2661.53
178,2.36829e+06,5.07889e+06,-4.33511e+06,-37.8926,65.0003,714884,-6573.93,799.737,-2656.67
179,2.36172e+06,5.07968e+06,-4.33776e+06,-37.9198,65.0647,714895,-6576.45,795.037,-2651.8
180,2.35514e+06,5.08048e+06,-4.34041e+06,-37.9469,65.1291,714906,-6578.96,790.336,-2646.93
181,2.34856e+06,5.08126e+06,-4.34306e+06,-37.974,65.1936,714917,-6581.47,785.635,-2642.06
182,2.34198e+06,5.08205e+06,-4.3457e+06,-38.001,65.2582,714928,-6583.97,780.933,-2637.18
183,2.33539e+06,5.08283e+06,-4.34833e+06,-38.0281,65.3228,714939,-6586.46,776.231,-2632.3
184,2.32881e+06,5.0836e+06,-4.35096e+06,-38.055,65.3874,714950,-6588.94,771.528,-2627.42
185,2.32222e+06,5.08437e+06,-4.35359e+06,-38.082,65.4521,714961,-6591.42,766.825,-2622.53
186,2.31562e+06,5.08513e+06,-4.35621e+06,-38.1089,65.5169,714973,-6593.89,762.121,-2617.64
187,2.30903e+06,5.08589e+06,-4.35882e+06,-38.1357,65.5817,714984,-6596.36,757.417,-2612.75
188,2.30243e+06,5.08665e+06,-4.36143e+06,-38.1625,65.6465,714995,-6598.82,752.712,-2607.86
189,2.29583e+06,5.0874e+06,-4.36404e+06,-38.1893,65.7114,715006,-6601.27,748.007,-2602.96
190,2.28923e+06,5.08815e+06,-4.36664e+06,-38.216,65.7764,715017,-6603.72,743.302,-2598.06
191,2.28262e+06,5.08889e+06,-4.36923e+06,-38.2427,65.8414,715028,-6606.15,738.596,-2593.16
192,2.27602e+06,5.08962e+06,-4.37183e+06,-38.2694,65.9064,715039,-6608.59,733.889,-2588.26
193,2.26941e+06,5.09035e+06,-4.37441e+06,-38.296,65.9715,715050,-6611.01,729.183,-2583.35
194,2.26279e+06,5.09108e+06,-4.37699e+06,-38.3225,66.0367,715061,-6613.43,724.475,-2578.44
195,2.25618e+06,5.0918e+06,-4.37957e+06,-38.3491,66.1019,715072,-6615.84,719.768,-2573.52
196,2.24956e+06,5.09252e+06,-4.38214e+06,-38.3755,66.1671,715082,-6618.25,715.06,-2568.61
197,2.24294e+06,5.09323e+06,-4.38471e+06,-38.402,66.2324,715093,-6620.65,710.351,-2563.69
198,2.23632e+06,5.09394e+06,-4.38727e+06,-38.4284,66.2978,715104,-6623.04,705.642,-2558.76
199,2.2297e+06,5.09464e+06,-4.38982e+06,-38.4547,66.3632,715115,-6625.42,700.933,-2553.84
