0,3.06936e+06,-5.13707e+06,3.77747e+06,32.4184,-59.142,704679,6144.73,1106.1,-3478.7
1,3.0755e+06,-5.13596e+06,3.77399e+06,32.385,-59.0861,704673,6141.45,1110.95,-3482.96
2,3.08164e+06,-5.13485e+06,3.7705e+06,32.3516,-59.0303,704667,6138.17,1115.8,-3487.21
3,3.08778e+06,-5.13373e+06,3.76701e+06,32.3181,-58.9744,704661,6134.88,1120.65,-3491.46
4,3.09391e+06,-5.13261e+06,3.76352e+06,32.2845,-58.9186,704655,6131.59,1125.5,-3495.7
5,3.10004e+06,-5.13148e+06,3.76002e+06,32.251,-58.8629,704649,6128.29,1130.34,-3499.94
6,3.10617e+06,-5.13035e+06,3.75652e+06,32.2174,-58.8072,704643,6124.98,1135.19,-3504.18
7,3.11229e+06,-5.12921e+06,3.75301e+06,32.1838,-58.7516,704637,6121.67,1140.04,-3508.41
8,3.11841e+06,-5.12807e+06,3.7495e+06,32.1502,-58.696,704631,6118.35,1144.88,-3512.64
9,3.12453e+06,-5.12692e+06,3.74599e+06,32.1165,-58.6404,704625,6115.03,1149.73,-3516.86
10,3.13064e+06,-5.12577e+06,3.74247e+06,32.0828,-58.5849,704619,6111.69,1154.57,-3521.08
11,3.13675e+06,-5.12461e+06,3.73895e+06,32.0491,-58.5294,704614,6108.36,1159.41,-3525.3
12,3.14286e+06,-5.12345e+06,3.73542e+06,32.0154,-58.474,704608,6105.01,1164.26,-3529.51
13,3.14896e+06,-5.12228e+06,3.73189e+06,31.9816,-58.4186,704602,6101.66,1169.1,-3533.72
14,3.15506e+06,-5.12111e+06,3.72835e+06,31.9478,-58.3632,704596,6098.31,1173.94,-3537.92
15,3.16116e+06,-5.11993e+06,3.72481e+06,31.9139,-58.3079,704590,6094.95,1178.78,-3542.12
16,3.16725e+06,-5.11875e+06,3.72127e+06,31.8801,-58.2527,704584,6091.58,1183.62,-3546.32
17,3.17334e+06,-5.11757e+06,3.71772e+06,31.8462,-58.1975,704578,6088.21,1188.45,-3550.51
18,3.17943e+06,-5.11638e+06,3.71417e+06,31.8123,-58.1423,704572,6084.83,1193.29,-3554.7
19,3.18551e+06,-5.11518e+06,3.71061e+06,31.7783,-58.0872,704566,6081.44,1198.13,-3558.88
20,3.19159e+06,-5.11398e+06,3.70705e+06,31.7444,-58.0321,704560,6078.05,1202.96,-3563.06
21,3.19766e+06,-5.11277e+06,3.70348e+06,31.7104,-57.977,704554,6074.65,1207.8,-3567.24
22,3.20374e+06,-5.11156e+06,3.69991e+06,31.6763,-57.922,704549,6071.24,1212.63,-3571.41
23,3.20981e+06,-5.11035e+06,3.69634e+06,31.6423,-57.8671,704543,6067.83,1217.47,-3575.58
24,3.21587e+06,-5.10913e+06,3.69276e+06,31.6082,-57.8122,704537,6064.42,1222.3,-3579.74
25,3.22194e+06,-5.1079e+06,3.68918e+06,31.5741,-57.7573,704531,6060.99,1227.13,-3583.9
26,3.228e+06,-5.10667e+06,3.6856e+06,31.54,-57.7025,704525,6057.57,1231.96,-3588.06
27,3.23405e+06,-5.10544e+06,3.68201e+06,31.5058,-57.6477,704519,6054.13,1236.79,-3592.21
28,3.2401e+06,-5.1042e+06,3.67841e+06,31.4716,-57.593,704513,6050.69,1241.62,-3596.36
29,3.24615e+06,-5.10296e+06,3.67481e+06,31.4374,-57.5383,704507,6047.24,1246.44,-3600.5
30,3.2522e+06,-5.10171e+06,3.67121e+06,31.4031,-57.4836,704502,6043.79,1251.27,-3604.64
31,3.25824e+06,-5.10045e+06,3.6676e+06,31.3689,-57.429,704496,6040.33,1256.1,-3608.78
32,3.26428e+06,-5.0992e+06,3.66399e+06,31.3346,-57.3744,704490,6036.87,1260.92,-3612.91
33,3.27031e+06,-5.09793e+06,3.66038e+06,31.3002,-57.3199,704484,6033.39,1265.75,-3617.04
34,3.27635e+06,-5.09666e+06,3.65676e+06,31.2659,-57.2654,704478,6029.92,1270.57,-3621.16
35,3.28237e+06,-5.09539e+06,3.65314e+06,31.2315,-57.211,704472,6026.43,1275.39,-3625.28
36,3.2884e+06,-5.09411e+06,3.64951e+06,31.1971,-57.1566,704466,6022.94,1280.21,-3629.4
37,3.29442e+06,-5.09283e+06,3.64588e+06,31.1627,-57.1022,704460,6019.45,1285.03,-3633.51
38,3.30044e+06,-5.09154e+06,3.64224e+06,31.1282,-57.0479,704455,6015.95,1289.85,-3637.61
39,3.30645e+06,-5.09025e+06,3.6386e+06,31.0937,-56.9936,704449,6012.44,1294.67,-3641.72
40,3.31246e+06,-5.08895e+06,3.63496e+06,31.0592,-56.9394,704443,6008.93,1299.49,-3645.82
41,3.31847e+06,-5.08765e+06,3.63131e+06,31.0247,-56.8852,704437,6005.41,1304.31,-3649.91
42,3.32447e+06,-5.08635e+06,3.62766e+06,30.9901,-56.8311,704431,6001.88,1309.12,-3654
43,3.33047e+06,-5.08503e+06,3.624e+06,30.9555,-56.777,704425,5998.35,1313.94,-3658.09
44,3.33647e+06,-5.08372e+06,3.62034e+06,30.9209,-56.7229,704420,5994.81,1318.75,-3662.17
45,3.34246e+06,-5.0824e+06,3.61668e+06,30.8863,-56.6689,704414,5991.27,1323.57,-3666.25
46,3.34845e+06,-5.08107e+06,3.61301e+06,30.8516,-56.6149,704408,5987.72,1328.38,-3670.32
47,3.35444e+06,-5.07974e+06,3.60934e+06,30.8169,-56.561,704402,5984.16,1333.19,-3674.39
48,3.36042e+06,-5.0784e+06,3.60566e+06,30.7822,-56.5071,704396,5980.6,1338,-3678.46
49,3.3664e+06,-5.07706e+06,3.60198e+06,30.7474,-56.4532,704390,5977.03,1342.81,-3682.52
50,3.37237e+06,-5.07572e+06,3.5983e+06,30.7126,-56.3994,704385,5973.46,1347.62,-3686.58
51,3.37835e+06,-5.07437e+06,3.59461e+06,30.6778,-56.3456,704379,5969.88,1352.42,-3690.63
52,3.38431e+06,-5.07301e+06,3.59091e+06,30.643,-56.2919,704373,5966.29,1357.23,-3694.68
53,3.39028e+06,-5.07165e+06,3.58722e+06,30.6082,-56.2382,704367,5962.7,1362.03,-3698.73
54,3.39624e+06,-5.07029e+06,3.58352e+06,30.5733,-56.1846,704361,5959.11,1366.84,-3702.77
55,3.4022e+06,-5.06892e+06,3.57981e+06,30.5384,-56.131,704356,5955.5,1371.64,-3706.81
56,3.40815e+06,-5.06755e+06,3.5761e+06,30.5034,-56.0774,704350,5951.89,1376.44,-3710.84
57,3.4141e+06,-5.06617e+06,3.57239e+06,30.4685,-56.0239,704344,5948.28,1381.25,-3714.87
58,3.42005e+06,-5.06478e+06,3.56867e+06,30.4335,-55.9704,704338,5944.66,1386.05,-3718.89
59,3.42599e+06,-5.0634e+06,3.56495e+06,30.3985,-55.917,704333,5941.03,1390.85,-3722.91
60,3.43193e+06,-5.062e+06,3.56123e+06,30.3635,-55.8636,704327,5937.4,1395.64,-3726.93
61,3.43786e+06,-5.0606e+06,3.5575e+06,30.3284,-55.8102,704321,5933.76,1400.44,-3730.94
62,3.4438e+06,-5.0592e+06,3.55377e+06,30.2933,-55.7569,704315,5930.11,1405.24,-3734.95
63,3.44973e+06,-5.05779e+06,3.55003e+06,30.2582,-55.7036,704309,5926.46,1410.03,-3738.95
64,3.45565e+06,-5.05638e+06,3.54629e+06,30.2231,-55.6504,704304,5922.8,1414.83,-3742.95
65,3.46157e+06,-5.05496e+06,3.54254e+06,30.1879,-55.5972,704298,5919.14,1419.62,-3746.95
66,3.46749e+06,-5.05354e+06,3.53879e+06,30.1527,-55.544,704292,5915.47,1424.41,-3750.94
67,3.4734e+06,-5.05211e+06,3.53504e+06,30.1175,-55.4909,704286,5911.8,1429.2,-3754.92
68,3.47931e+06,-5.05068e+06,3.53128e+06,30.0823,-55.4378,704281,5908.11,1433.99,-3758.91
69,3.48522e+06,-5.04925e+06,3.52752e+06,30.047,-55.3848,704275,5904.43,1438.78,-3762.89
70,3.49112e+06,-5.04781e+06,3.52376e+06,30.0117,-55.3318,704269,5900.74,1443.57,-3766.86
71,3.49702e+06,-5.04636e+06,3.51999e+06,29.9764,-55.2789,704263,5897.04,1448.36,-3770.83
72,3.50291e+06,-5.04491e+06,3.51622e+06,29.9411,-55.226,704258,5893.33,1453.14,-3774.79
73,3.50881e+06,-5.04345e+06,3.51244e+06,29.9057,-55.1731,704252,5889.62,1457.93,-3778.76
74,3.51469e+06,-5.04199e+06,3.50866e+06,29.8703,-55.1203,704246,5885.91,1462.71,-3782.71
75,3.52058e+06,-5.04053e+06,3.50487e+06,29.8349,-55.0675,704241,5882.18,1467.49,-3786.66
76,3.52646e+06,-5.03906e+06,3.50109e+06,29.7995,-55.0147,704235,5878.46,1472.27,-3790.61
77,3.53233e+06,-5.03758e+06,3.49729e+06,29.764,-54.962,704229,5874.72,1477.05,-3794.56
78,3.53821e+06,-5.0361e+06,3.4935e+06,29.7285,-54.9093,704223,5870.98,1481.83,-3798.5
79,3.54408e+06,-5.03462e+06,3.4897e+06,29.693,-54.8567,704218,5867.24,1486.61,-3802.43
80,3.54994e+06,-5.03313e+06,3.48589e+06,29.6575,-54.8041,704212,5863.49,1491.39,-3806.36
81,3.5558e+06,-5.03164e+06,3.48208e+06,29.6219,-54.7516,704206,5859.73,1496.16,-3810.29
82,3.56166e+06,-5.03014e+06,3.47827e+06,29.5864,-54.6991,704201,5855.96,1500.94,-3814.21
83,3.56752e+06,-5.02864e+06,3.47445e+06,29.5508,-54.6466,704195,5852.2,1505.71,-3818.13
84,3.57337e+06,-5.02713e+06,3.47063e+06,29.5151,-54.5941,704189,5848.42,1510.48,-3822.05
85,3.57921e+06,-5.02561e+06,3.46681e+06,29.4795,-54.5418,704184,5844.64,1515.25,-3825.96
86,3.58506e+06,-5.0241e+06,3.46298e+06,29.4438,-54.4894,704178,5840.85,1520.02,-3829.86
87,3.59089e+06,-5.02257e+06,3.45915e+06,29.4081,-54.4371,704172,5837.06,1524.79,-3833.76
88,3.59673e+06,-5.02105e+06,3.45532e+06,29.3724,-54.3848,704167,5833.26,1529.56,-3837.66
89,3.60256e+06,-5.01952e+06,3.45148e+06,29.3366,-54.3326,704161,5829.46,1534.33,-3841.55
90,3.60839e+06,-5.01798e+06,3.44763e+06,29.3008,-54.2804,704155,5825.65,1539.09,-3845.44
91,3.61421e+06,-5.01644e+06,3.44378e+06,29.265,-54.2282,704150,5821.83,1543.86,-3849.32
92,3.62003e+06,-5.01489e+06,3.43993e+06,29.2292,-54.1761,704144,5818.01,1548.62,-3853.2
93,3.62585e+06,-5.01334e+06,3.43608e+06,29.1934,-54.124,704139,5814.18,1553.38,-3857.08
94,3.63166e+06,-5.01178e+06,3.43222e+06,29.1575,-54.072,704133,5810.35,1558.14,-3860.95
95,3.63747e+06,-5.01022e+06,3.42836e+06,29.1216,-54.02,704127,5806.51,1562.9,-3864.82
96,3.64327e+06,-5.00866e+06,3.42449e+06,29.0857,-53.968,704122,5802.67,1567.66,-3868.68
97,3.64907e+06,-5.00709e+06,3.42062e+06,29.0498,-53.9161,704116,5798.81,1572.42,-3872.54
98,3.65487e+06,-5.00551e+06,3.41674e+06,29.0138,-53.8642,704110,5794.96,1577.18,-3876.39
99,3.66066e+06,-5.00393e+06,3.41287e+06,28.9778,-53.8124,704105,5791.1,1581.93,-3880.24
100,3.66645e+06,-5.00235e+06,3.40898e+06,28.9418,-53.7606,704099,5787.23,1586.68,-3884.08
101,3.67224e+06,-5.00076e+06,3.4051e+06,28.9058,-53.7088,704094,5783.35,1591.44,-3887.92
102,3.67802e+06,-4.99917e+06,3.40121e+06,28.8697,-53.6571,704088,5779.47,1596.19,-3891.76
103,3.6838e+06,-4.99757e+06,3.39731e+06,28.8336,-53.6054,704083,5775.59,1600.94,-3895.59
104,3.68957e+06,-4.99596e+06,3.39342e+06,28.7975,-53.5538,704077,5771.7,1605.69,-3899.42
105,3.69534e+06,-4.99436e+06,3.38952e+06,28.7614,-53.5021,704071,5767.8,1610.43,-3903.24
106,3.70111e+06,-4.99274e+06,3.38561e+06,28.7252,-53.4506,704066,5763.9,1615.18,-3907.06
107,3.70687e+06,-4.99113e+06,3.3817e+06,28.6891,-53.399,704060,5759.99,1619.93,-3910.87
108,3.71263e+06,-4.9895e+06,3.37779e+06,28.6529,-53.3475,704055,5756.07,1624.67,-3914.68
109,3.71838e+06,-4.98788e+06,3.37387e+06,28.6166,-53.2961,704049,5752.15,1629.41,-3918.49
110,3.72413e+06,-4.98625e+06,3.36995e+06,28.5804,-53.2447,704044,5748.23,1634.15,-3922.29
111,3.72988e+06,-4.98461e+06,3.36603e+06,28.5441,-53.1933,704038,5744.3,1638.89,-3926.09
112,3.73562e+06,-4.98297e+06,3.3621e+06,28.5078,-53.1419,704033,5740.36,1643.63,-3929.88
113,3.74136e+06,-4.98132e+06,3.35817e+06,28.4715,-53.0906,704027,5736.42,1648.37,-3933.67
114,3.74709e+06,-4.97967e+06,3.35423e+06,28.4352,-53.0393,704022,5732.47,1653.11,-3937.45
115,3.75282e+06,-4.97802e+06,3.35029e+06,28.3988,-52.9881,704016,5728.51,1657.84,-3941.23
116,3.75855e+06,-4.97636e+06,3.34635e+06,28.3625,-52.9369,704011,5724.55,1662.58,-3945
117,3.76427e+06,-4.97469e+06,3.3424e+06,28.3261,-52.8858,704005,5720.59,1667.31,-3948.77
118,3.76999e+06,-4.97302e+06,3.33845e+06,28.2896,-52.8346,704000,5716.62,1672.04,-3952.54
119,3.77571e+06,-4.97135e+06,3.3345e+06,28.2532,-52.7836,703994,5712.64,1676.77,-3956.3
120,3.78142e+06,-4.96967e+06,3.33054e+06,28.2167,-52.7325,703989,5708.66,1681.5,-3960.05
121,3.78712e+06,-4.96798e+06,3.32658e+06,28.1802,-52.6815,703983,5704.67,1686.23,-3963.81
122,3.79283e+06,-4.96629e+06,3.32261e+06,28.1437,-52.6305,703978,5700.67,1690.95,-3967.55
123,3.79852e+06,-4.9646e+06,3.31864e+06,28.1072,-52.5796,703972,5696.67,1695.68,-3971.3
124,3.80422e+06,-4.9629e+06,3.31467e+06,28.0706,-52.5287,703967,5692.67,1700.4,-3975.04
125,3.80991e+06,-4.9612e+06,3.31069e+06,28.034,-52.4779,703961,5688.66,1705.12,-3978.77
126,3.8156e+06,-4.95949e+06,3.30671e+06,27.9974,-52.427,703956,5684.64,1709.84,-3982.5
127,3.82128e+06,-4.95778e+06,3.30273e+06,27.9608,-52.3763,703951,5680.62,1714.56,-3986.22
128,3.82696e+06,-4.95606e+06,3.29874e+06,27.9242,-52.3255,703945,5676.59,1719.28,-3989.95
129,3.83263e+06,-4.95434e+06,3.29475e+06,27.8875,-52.2748,703940,5672.55,1724,-3993.66
130,3.8383e+06,-4.95262e+06,3.29075e+06,27.8508,-52.2241,703934,5668.51,1728.72,-3997.37
131,3.84397e+06,-4.95088e+06,3.28675e+06,27.8141,-52.1735,703929,5664.47,1733.43,-4001.08
132,3.84963e+06,-4.94915e+06,3.28275e+06,27.7773,-52.1229,703924,5660.42,1738.14,-4004.78
133,3.85529e+06,-4.94741e+06,3.27874e+06,27.7406,-52.0723,703918,5656.36,1742.85,-4008.48
134,3.86094e+06,-4.94566e+06,3.27473e+06,27.7038,-52.0218,703913,5652.3,1747.56,-4012.17
135,3.86659e+06,-4.94391e+06,3.27072e+06,27.667,-51.9713,703907,5648.23,1752.27,-4015.86
136,3.87224e+06,-4.94216e+06,3.2667e+06,27.6302,-51.9209,703902,5644.15,1756.98,-4019.55
137,3.87788e+06,-4.9404e+06,3.26268e+06,27.5933,-51.8705,703897,5640.08,1761.69,-4023.23
138,3.88352e+06,-4.93864e+06,3.25866e+06,27.5565,-51.8201,703891,5635.99,1766.39,-4026.9
139,3.88915e+06,-4.93687e+06,3.25463e+06,27.5196,-51.7697,703886,5631.9,1771.1,-4030.57
140,3.89478e+06,-4.93509e+06,3.25059e+06,27.4827,-51.7194,703881,5627.8,1775.8,-4034.24
141,3.90041e+06,-4.93332e+06,3.24656e+06,27.4457,-51.6692,703875,5623.7,1780.5,-4037.9
142,3.90603e+06,-4.93153e+06,3.24252e+06,27.4088,-51.6189,703870,5619.59,1785.2,-4041.56
143,3.91165e+06,-4.92974e+06,3.23847e+06,27.3718,-51.5687,703865,5615.48,1789.89,-4045.21
144,3.91726e+06,-4.92795e+06,3.23443e+06,27.3348,-51.5186,703859,5611.36,1794.59,-4048.86
145,3.92287e+06,-4.92616e+06,3.23038e+06,27.2978,-51.4684,703854,5607.24,1799.29,-4052.51
146,3.92848e+06,-4.92435e+06,3.22632e+06,27.2608,-51.4184,703849,5603.11,1803.98,-4056.14
147,3.93408e+06,-4.92255e+06,3.22226e+06,27.2237,-51.3683,703843,5598.97,1808.67,-4059.78
148,3.93968e+06,-4.92074e+06,3.2182e+06,27.1866,-51.3183,703838,5594.83,1813.36,-4063.41
149,3.94527e+06,-4.91892e+06,3.21414e+06,27.1495,-51.2683,703833,5590.68,1818.05,-4067.03
150,3.95086e+06,-4.9171e+06,3.21007e+06,27.1124,-51.2184,703828,5586.53,1822.74,-4070.66
151,3.95644e+06,-4.91528e+06,3.206e+06,27.0753,-51.1684,703822,5582.37,1827.43,-4074.27
152,3.96202e+06,-4.91345e+06,3.20192e+06,27.0381,-51.1186,703817,5578.21,1832.11,-4077.88
153,3.9676e+06,-4.91161e+06,3.19784e+06,27.0009,-51.0687,703812,5574.04,1836.8,-4081.49
154,3.97317e+06,-4.90977e+06,3.19376e+06,26.9637,-51.0189,703807,5569.87,1841.48,-4085.09
155,3.97874e+06,-4.90793e+06,3.18967e+06,26.9265,-50.9692,703801,5565.69,1846.16,-4088.69
156,3.9843e+06,-4.90608e+06,3.18558e+06,26.8893,-50.9194,703796,5561.5,1850.84,-4092.28
157,3.98986e+06,-4.90423e+06,3.18149e+06,26.852,-50.8697,703791,5557.31,1855.52,-4095.87
158,3.99542e+06,-4.90237e+06,3.17739e+06,26.8147,-50.8201,703786,5553.11,1860.19,-4099.46
159,4.00097e+06,-4.90051e+06,3.17329e+06,26.7774,-50.7704,703781,5548.91,1864.87,-4103.04
160,4.00651e+06,-4.89864e+06,3.16918e+06,26.7401,-50.7209,703775,5544.7,1869.54,-4106.61
161,4.01206e+06,-4.89677e+06,3.16507e+06,26.7027,-50.6713,703770,5540.49,1874.21,-4110.18
162,4.01759e+06,-4.89489e+06,3.16096e+06,26.6653,-50.6218,703765,5536.27,1878.88,-4113.75
163,4.02313e+06,-4.89301e+06,3.15685e+06,26.628,-50.5723,703760,5532.05,1883.55,-4117.31
164,4.02866e+06,-4.89112e+06,3.15273e+06,26.5905,-50.5228,703755,5527.82,1888.22,-4120.86
165,4.03418e+06,-4.88923e+06,3.1486e+06,26.5531,-50.4734,703750,5523.58,1892.89,-4124.41
166,4.03971e+06,-4.88734e+06,3.14448e+06,26.5157,-50.424,703744,5519.34,1897.55,-4127.96
167,4.04522e+06,-4.88544e+06,3.14035e+06,26.4782,-50.3747,703739,5515.1,1902.21,-4131.5
168,4.05074e+06,-4.88353e+06,3.13622e+06,26.4407,-50.3254,703734,5510.84,1906.88,-4135.04
169,4.05624e+06,-4.88162e+06,3.13208e+06,26.4032,-50.2761,703729,5506.59,1911.54,-4138.57
170,4.06175e+06,-4.87971e+06,3.12794e+06,26.3657,-50.2268,703724,5502.32,1916.19,-4142.1
171,4.06725e+06,-4.87779e+06,3.12379e+06,26.3281,-50.1776,703719,5498.06,1920.85,-4145.63
172,4.07275e+06,-4.87587e+06,3.11965e+06,26.2905,-50.1285,703714,5493.78,1925.51,-4149.15
173,4.07824e+06,-4.87394e+06,3.1155e+06,26.2529,-50.0793,703709,5489.5,1930.16,-4152.66
174,4.08372e+06,-4.87201e+06,3.11134e+06,26.2153,-50.0302,703704,5485.22,1934.81,-4156.17
175,4.08921e+06,-4.87007e+06,3.10718e+06,26.1777,-49.9811,703698,5480.93,1939.46,-4159.67
176,4.09469e+06,-4.86813e+06,3.10302e+06,26.1401,-49.9321,703693,5476.63,1944.11,-4163.17
177,4.10016e+06,-4.86618e+06,3.09886e+06,26.1024,-49.8831,703688,5472.33,1948.76,-4166.67
178,4.10563e+06,-4.86423e+06,3.09469e+06,26.0647,-49.8341,703683,5468.02,1953.41,-4170.16
179,4.1111e+06,-4.86228e+06,3.09052e+06,26.027,-49.7852,703678,5463.71,1958.05,-4173.65
180,4.11656e+06,-4.86032e+06,3.08634e+06,25.9892,-49.7363,703673,5459.39,1962.7,-4177.13
181,4.12202e+06,-4.85835e+06,3.08216e+06,25.9515,-49.6874,703668,5455.07,1967.34,-4180.61
182,4.12747e+06,-4.85638e+06,3.07798e+06,25.9137,-49.6386,703663,5450.74,1971.98,-4184.08
183,4.13292e+06,-4.85441e+06,3.0738e+06,25.8759,-49.5898,703658,5446.41,1976.62,-4187.55
184,4.13836e+06,-4.85243e+06,3.06961e+06,25.8381,-49.541,703653,5442.07,1981.25,-4191.01
185,4.1438e+06,-4.85044e+06,3.06541e+06,25.8003,-49.4923,703648,5437.73,1985.89,-4194.47
186,4.14924e+06,-4.84846e+06,3.06122e+06,25.7625,-49.4436,703643,5433.38,1990.52,-4197.92
187,4.15467e+06,-4.84646e+06,3.05702e+06,25.7246,-49.3949,703638,5429.02,1995.15,-4201.37
188,4.16009e+06,-4.84447e+06,3.05281e+06,25.6867,-49.3463,703633,5424.66,1999.78,-4204.81
189,4.16552e+06,-4.84246e+06,3.04861e+06,25.6488,-49.2977,703628,5420.29,2004.41,-4208.25
190,4.17094e+06,-4.84046e+06,3.0444e+06,25.6109,-49.2491,703623,5415.92,2009.04,-4211.68
191,4.17635e+06,-4.83845e+06,3.04018e+06,25.5729,-49.2006,703619,5411.55,2013.67,-4215.11
192,4.18176e+06,-4.83643e+06,3.03597e+06,25.535,-49.1521,703614,5407.16,2018.29,-4218.54
193,4.18716e+06,-4.83441e+06,3.03175e+06,25.497,-49.1036,703609,5402.78,2022.91,-4221.96
194,4.19256e+06,-4.83238e+06,3.02752e+06,25.459,-49.0552,703604,5398.38,2027.53,-4225.37
195,4.19796e+06,-4.83035e+06,3.0233e+06,25.421,-49.0068,703599,5393.98,2032.15,-4228.78
196,4.20335e+06,-4.82832e+06,3.01907e+06,25.3829,-48.9584,703594,5389.58,2036.77,-4232.19
197,4.20874e+06,-4.82628e+06,3.01483e+06,25.3449,-48.9101,703589,5385.17,2041.39,-4235.59
198,4.21412e+06,-4.82424e+06,3.01059e+06,25.3068,-48.8618,703584,5380.76,2046,-4238.99
199,4.2195e+06,-4.82219e+06,3.00635e+06,25.2687,-48.8135,703579,5376.34,2050.61,-4242.38
