0,6.83736e+06,1.84374e+06,-7473.36,-0.0608324,15.0912,703453,-1246.92,4624.06,-5309.1
1,6.83611e+06,1.84836e+06,-12782.5,-0.104048,15.13,703459,-1253.89,4622.18,-5309.09
2,6.83485e+06,1.85298e+06,-18091.5,-0.147263,15.1687,703464,-1260.86,4620.29,-5309.07
3,6.83359e+06,1.8576e+06,-23400.6,-0.190478,15.2075,703470,-1267.83,4618.4,-5309.05
4,6.83231e+06,1.86222e+06,-28709.6,-0.233693,15.2462,703476,-1274.8,4616.51,-5309.02
5,6.83104e+06,1.86684e+06,-34018.6,-0.276908,15.285,703481,-1281.77,4614.61,-5308.98
6,6.82975e+06,1.87145e+06,-39327.6,-0.320122,15.3237,703487,-1288.74,4612.7,-5308.94
7,6.82846e+06,1.87606e+06,-44636.5,-0.363337,15.3625,703493,-1295.7,4610.8,-5308.9
8,6.82716e+06,1.88067e+06,-49945.4,-0.406551,15.4012,703499,-1302.67,4608.88,-5308.84
9,6.82585e+06,1.88528e+06,-55254.2,-0.449764,15.44,703504,-1309.63,4606.97,-5308.78
10,6.82454e+06,1.88989e+06,-60563,-0.492978,15.4787,703510,-1316.59,4605.05,-5308.72
11,6.82322e+06,1.89449e+06,-65871.6,-0.536191,15.5175,703516,-1323.56,4603.12,-5308.65
12,6.82189e+06,1.89909e+06,-71180.2,-0.579403,15.5562,703522,-1330.52,4601.2,-5308.57
13,6.82056e+06,1.90369e+06,-76488.8,-0.622615,15.595,703528,-1337.47,4599.26,-5308.49
14,6.81922e+06,1.90829e+06,-81797.2,-0.665827,15.6337,703534,-1344.43,4597.33,-5308.4
15,6.81787e+06,1.91289e+06,-87105.6,-0.709038,15.6725,703540,-1351.39,4595.39,-5308.3
16,6.81651e+06,1.91748e+06,-92413.8,-0.752249,15.7113,703546,-1358.34,4593.44,-5308.2
17,6.81515e+06,1.92207e+06,-97722,-0.79546,15.75,703552,-1365.3,4591.49,-5308.09
18,6.81378e+06,1.92666e+06,-103030,-0.83867,15.7888,703558,-1372.25,4589.54,-5307.98
19,6.81241e+06,1.93125e+06,-108338,-0.881879,15.8275,703564,-1379.2,4587.58,-5307.86
20,6.81103e+06,1.93584e+06,-113646,-0.925087,15.8663,703570,-1386.15,4585.62,-5307.74
21,6.80964e+06,1.94042e+06,-118953,-0.968296,15.905,703576,-1393.1,4583.66,-5307.61
22,6.80824e+06,1.94501e+06,-124261,-1.0115,15.9438,703582,-1400.05,4581.69,-5307.47
23,6.80684e+06,1.94959e+06,-129568,-1.05471,15.9826,703588,-1406.99,4579.72,-5307.33
24,6.80543e+06,1.95417e+06,-134876,-1.09792,16.0213,703594,-1413.94,4577.74,-5307.18
25,6.80401e+06,1.95874e+06,-140183,-1.14112,16.0601,703600,-1420.88,4575.76,-5307.02
26,6.80258e+06,1.96332e+06,-145490,-1.18433,16.0989,703606,-1427.82,4573.77,-5306.86
27,6.80115e+06,1.96789e+06,-150796,-1.22753,16.1376,703613,-1434.76,4571.78,-5306.69
28,6.79971e+06,1.97246e+06,-156103,-1.27073,16.1764,703619,-1441.7,4569.79,-5306.52
29,6.79827e+06,1.97703e+06,-161409,-1.31394,16.2152,703625,-1448.64,4567.79,-5306.34
30,6.79682e+06,1.9816e+06,-166716,-1.35714,16.2539,703631,-1455.58,4565.79,-5306.16
31,6.79536e+06,1.98616e+06,-172022,-1.40034,16.2927,703637,-1462.51,4563.78,-5305.97
32,6.79389e+06,1.99072e+06,-177328,-1.44354,16.3315,703644,-1469.45,4561.77,-5305.77
33,6.79242e+06,1.99528e+06,-182633,-1.48674,16.3702,703650,-1476.38,4559.76,-5305.57
34,6.79094e+06,1.99984e+06,-187939,-1.52993,16.409,703656,-1483.31,4557.74,-5305.36
35,6.78945e+06,2.0044e+06,-193244,-1.57313,16.4478,703663,-1490.24,4555.72,-5305.14
36,6.78796e+06,2.00896e+06,-198549,-1.61633,16.4866,703669,-1497.17,4553.69,-5304.92
37,6.78646e+06,2.01351e+06,-203854,-1.65952,16.5254,703675,-1504.1,4551.66,-5304.7
38,6.78495e+06,2.01806e+06,-209158,-1.70272,16.5641,703682,-1511.02,4549.62,-5304.46
39,6.78344e+06,2.02261e+06,-214463,-1.74591,16.6029,703688,-1517.95,4547.59,-5304.22
40,6.78191e+06,2.02715e+06,-219767,-1.7891,16.6417,703695,-1524.87,4545.54,-5303.98
41,6.78039e+06,2.0317e+06,-225071,-1.83229,16.6805,703701,-1531.79,4543.5,-5303.73
42,6.77885e+06,2.03624e+06,-230374,-1.87548,16.7193,703708,-1538.71,4541.45,-5303.47
43,6.77731e+06,2.04078e+06,-235678,-1.91867,16.7581,703714,-1545.63,4539.39,-5303.21
44,6.77576e+06,2.04532e+06,-240981,-1.96186,16.7969,703721,-1552.55,4537.33,-5302.94
45,6.7742e+06,2.04986e+06,-246284,-2.00504,16.8357,703727,-1559.47,4535.27,-5302.67
46,6.77264e+06,2.05439e+06,-251586,-2.04823,16.8745,703734,-1566.38,4533.2,-5302.39
47,6.77107e+06,2.05892e+06,-256888,-2.09141,16.9133,703740,-1573.29,4531.13,-5302.1
48,6.76949e+06,2.06345e+06,-262190,-2.13459,16.9521,703747,-1580.2,4529.05,-5301.81
49,6.76791e+06,2.06798e+06,-267492,-2.17778,16.9909,703754,-1587.11,4526.97,-5301.51
50,6.76632e+06,2.07251e+06,-272793,-2.22096,17.0297,703760,-1594.02,4524.89,-5301.21
51,6.76472e+06,2.07703e+06,-278094,-2.26413,17.0685,703767,-1600.93,4522.8,-5300.89
52,6.76312e+06,2.08155e+06,-283395,-2.30731,17.1073,703774,-1607.83,4520.71,-5300.58
53,6.76151e+06,2.08607e+06,-288695,-2.35049,17.1461,703780,-1614.74,4518.62,-5300.26
54,6.75989e+06,2.09059e+06,-293996,-2.39366,17.1849,703787,-1621.64,4516.52,-5299.93
55,6.75826e+06,2.0951e+06,-299295,-2.43683,17.2238,703794,-1628.54,4514.41,-5299.59
56,6.75663e+06,2.09962e+06,-304595,-2.48,17.2626,703801,-1635.44,4512.31,-5299.25
57,6.75499e+06,2.10413e+06,-309894,-2.52317,17.3014,703807,-1642.34,4510.19,-5298.91
58,6.75335e+06,2.10864e+06,-315193,-2.56634,17.3402,703814,-1649.23,4508.08,-5298.56
59,6.75169e+06,2.11315e+06,-320491,-2.60951,17.3791,703821,-1656.13,4505.96,-5298.2
60,6.75004e+06,2.11765e+06,-325789,-2.65267,17.4179,703828,-1663.02,4503.83,-5297.83
61,6.74837e+06,2.12215e+06,-331087,-2.69584,17.4567,703835,-1669.91,4501.71,-5297.46
62,6.7467e+06,2.12665e+06,-336384,-2.739,17.4956,703842,-1676.8,4499.58,-5297.09
63,6.74502e+06,2.13115e+06,-341681,-2.78216,17.5344,703848,-1683.69,4497.44,-5296.7
64,6.74333e+06,2.13565e+06,-346977,-2.82532,17.5733,703855,-1690.58,4495.3,-5296.32
65,6.74163e+06,2.14014e+06,-352273,-2.86848,17.6121,703862,-1697.46,4493.16,-5295.92
66,6.73993e+06,2.14463e+06,-357569,-2.91163,17.651,703869,-1704.35,4491.01,-5295.52
67,6.73823e+06,2.14912e+06,-362864,-2.95478,17.6898,703876,-1711.23,4488.86,-5295.12
68,6.73651e+06,2.15361e+06,-368159,-2.99794,17.7287,703883,-1718.11,4486.7,-5294.71
69,6.73479e+06,2.1581e+06,-373454,-3.04109,17.7676,703890,-1724.99,4484.54,-5294.29
70,6.73306e+06,2.16258e+06,-378748,-3.08423,17.8064,703897,-1731.87,4482.38,-5293.86
71,6.73133e+06,2.16706e+06,-384042,-3.12738,17.8453,703904,-1738.74,4480.21,-5293.43
72,6.72958e+06,2.17154e+06,-389335,-3.17052,17.8842,703912,-1745.61,4478.04,-5293
73,6.72783e+06,2.17602e+06,-394628,-3.21367,17.923,703919,-1752.49,4475.86,-5292.56
74,6.72608e+06,2.18049e+06,-399920,-3.25681,17.9619,703926,-1759.36,4473.68,-5292.11
75,6.72432e+06,2.18497e+06,-405212,-3.29994,18.0008,703933,-1766.23,4471.5,-5291.66
76,6.72255e+06,2.18944e+06,-410503,-3.34308,18.0397,703940,-1773.09,4469.31,-5291.2
77,6.72077e+06,2.1939e+06,-415794,-3.38622,18.0786,703947,-1779.96,4467.12,-5290.73
78,6.71899e+06,2.19837e+06,-421085,-3.42935,18.1175,703955,-1786.82,4464.92,-5290.26
79,6.7172e+06,2.20283e+06,-426375,-3.47248,18.1564,703962,-1793.68,4462.72,-5289.78
80,6.7154e+06,2.2073e+06,-431664,-3.51561,18.1953,703969,-1800.54,4460.52,-5289.3
81,6.71359e+06,2.21176e+06,-436953,-3.55873,18.2342,703976,-1807.4,4458.31,-5288.81
82,6.71178e+06,2.21621e+06,-442242,-3.60186,18.2731,703984,-1814.26,4456.1,-5288.31
83,6.70997e+06,2.22067e+06,-447530,-3.64498,18.312,703991,-1821.11,4453.88,-5287.81
84,6.70814e+06,2.22512e+06,-452817,-3.6881,18.3509,703998,-1827.97,4451.66,-5287.31
85,6.70631e+06,2.22957e+06,-458104,-3.73122,18.3898,704006,-1834.82,4449.44,-5286.79
86,6.70447e+06,2.23402e+06,-463391,-3.77433,18.4288,704013,-1841.67,4447.21,-5286.27
87,6.70263e+06,2.23847e+06,-468677,-3.81744,18.4677,704020,-1848.52,4444.98,-5285.75
88,6.70077e+06,2.24291e+06,-473963,-3.86055,18.5066,704028,-1855.36,4442.74,-5285.22
89,6.69892e+06,2.24735e+06,-479247,-3.90366,18.5456,704035,-1862.21,4440.5,-5284.68
90,6.69705e+06,2.25179e+06,-484532,-3.94677,18.5845,704043,-1869.05,4438.26,-5284.14
91,6.69518e+06,2.25623e+06,-489816,-3.98987,18.6235,704050,-1875.89,4436.01,-5283.59
92,6.6933e+06,2.26066e+06,-495099,-4.03297,18.6624,704057,-1882.73,4433.76,-5283.03
93,6.69141e+06,2.26509e+06,-500382,-4.07607,18.7014,704065,-1889.57,4431.5,-5282.47
94,6.68952e+06,2.26953e+06,-505664,-4.11917,18.7403,704073,-1896.41,4429.25,-5281.91
95,6.68762e+06,2.27395e+06,-510946,-4.16226,18.7793,704080,-1903.24,4426.98,-5281.33
96,6.68571e+06,2.27838e+06,-516227,-4.20535,18.8183,704088,-1910.07,4424.71,-5280.76
97,6.6838e+06,2.2828e+06,-521507,-4.24844,18.8572,704095,-1916.9,4422.44,-5280.17
98,6.68188e+06,2.28722e+06,-526787,-4.29153,18.8962,704103,-1923.73,4420.17,-5279.58
99,6.67995e+06,2.29164e+06,-532066,-4.33461,18.9352,704110,-1930.56,4417.89,-5278.98
100,6.67802e+06,2.29606e+06,-537345,-4.3777,18.9742,704118,-1937.38,4415.61,-5278.38
101,6.67608e+06,2.30047e+06,-542623,-4.42077,19.0132,704126,-1944.2,4413.32,-5277.77
102,6.67413e+06,2.30489e+06,-547901,-4.46385,19.0522,704133,-1951.02,4411.03,-5277.16
103,6.67218e+06,2.3093e+06,-553177,-4.50692,19.0912,704141,-1957.84,4408.73,-5276.54
104,6.67021e+06,2.3137e+06,-558454,-4.54999,19.1302,704149,-1964.66,4406.43,-5275.91
105,6.66825e+06,2.31811e+06,-563729,-4.59306,19.1692,704157,-1971.48,4404.13,-5275.28
106,6.66627e+06,2.32251e+06,-569004,-4.63613,19.2082,704164,-1978.29,4401.82,-5274.64
107,6.66429e+06,2.32691e+06,-574278,-4.67919,19.2472,704172,-1985.1,4399.51,-5274
108,6.6623e+06,2.33131e+06,-579552,-4.72225,19.2863,704180,-1991.91,4397.2,-5273.35
109,6.66031e+06,2.33571e+06,-584825,-4.76531,19.3253,704188,-1998.72,4394.88,-5272.69
110,6.6583e+06,2.3401e+06,-590098,-4.80836,19.3643,704196,-2005.52,4392.56,-5272.03
111,6.65629e+06,2.34449e+06,-595369,-4.85141,19.4034,704203,-2012.33,4390.23,-5271.36
112,6.65428e+06,2.34888e+06,-600640,-4.89446,19.4424,704211,-2019.13,4387.9,-5270.69
113,6.65226e+06,2.35327e+06,-605911,-4.93751,19.4815,704219,-2025.93,4385.57,-5270.01
114,6.65023e+06,2.35765e+06,-611180,-4.98055,19.5205,704227,-2032.73,4383.23,-5269.33
115,6.64819e+06,2.36203e+06,-616449,-5.02359,19.5596,704235,-2039.52,4380.89,-5268.63
116,6.64615e+06,2.36641e+06,-621718,-5.06662,19.5987,704243,-2046.32,4378.54,-5267.94
117,6.6441e+06,2.37079e+06,-626985,-5.10966,19.6378,704251,-2053.11,4376.19,-5267.23
118,6.64204e+06,2.37517e+06,-632252,-5.15269,19.6768,704259,-2059.9,4373.84,-5266.52
119,6.63998e+06,2.37954e+06,-637518,-5.19572,19.7159,704267,-2066.69,4371.48,-5265.81
120,6.63791e+06,2.38391e+06,-642784,-5.23874,19.755,704275,-2073.48,4369.12,-5265.09
121,6.63583e+06,2.38828e+06,-648048,-5.28176,19.7941,704283,-2080.26,4366.76,-5264.36
122,6.63375e+06,2.39264e+06,-653312,-5.32478,19.8332,704291,-2087.04,4364.39,-5263.63
123,6.63166e+06,2.39701e+06,-658576,-5.36779,19.8723,704299,-2093.82,4362.01,-5262.89
124,6.62956e+06,2.40137e+06,-663838,-5.41081,19.9115,704307,-2100.6,4359.64,-5262.14
125,6.62746e+06,2.40573e+06,-669100,-5.45381,19.9506,704315,-2107.38,4357.26,-5261.39
126,6.62535e+06,2.41008e+06,-674361,-5.49682,19.9897,704324,-2114.15,4354.87,-5260.64
127,6.62323e+06,2.41444e+06,-679621,-5.53982,20.0289,704332,-2120.92,4352.48,-5259.87
128,6.6211e+06,2.41879e+06,-684881,-5.58282,20.068,704340,-2127.69,4350.09,-5259.11
129,6.61897e+06,2.42314e+06,-690139,-5.62582,20.1071,704348,-2134.46,4347.69,-5258.33
130,6.61683e+06,2.42748e+06,-695397,-5.66881,20.1463,704356,-2141.23,4345.29,-5257.55
131,6.61469e+06,2.43183e+06,-700654,-5.7118,20.1855,704365,-2147.99,4342.89,-5256.76
132,6.61254e+06,2.43617e+06,-705911,-5.75478,20.2246,704373,-2154.75,4340.48,-5255.97
133,6.61038e+06,2.44051e+06,-711166,-5.79776,20.2638,704381,-2161.51,4338.07,-5255.17
134,6.60822e+06,2.44484e+06,-716421,-5.84074,20.303,704389,-2168.27,4335.66,-5254.37
135,6.60604e+06,2.44918e+06,-721675,-5.88372,20.3422,704398,-2175.03,4333.24,-5253.56
136,6.60387e+06,2.45351e+06,-726928,-5.92669,20.3814,704406,-2181.78,4330.81,-5252.74
137,6.60168e+06,2.45784e+06,-732181,-5.96965,20.4206,704414,-2188.53,4328.39,-5251.92
138,6.59949e+06,2.46217e+06,-737432,-6.01262,20.4598,704423,-2195.28,4325.96,-5251.09
139,6.59729e+06,2.46649e+06,-742683,-6.05558,20.499,704431,-2202.03,4323.52,-5250.26
140,6.59508e+06,2.47081e+06,-747933,-6.09854,20.5382,704439,-2208.77,4321.08,-5249.42
141,6.59287e+06,2.47513e+06,-753182,-6.14149,20.5774,704448,-2215.51,4318.64,-5248.58
142,6.59065e+06,2.47945e+06,-758430,-6.18444,20.6167,704456,-2222.26,4316.19,-5247.72
143,6.58843e+06,2.48377e+06,-763677,-6.22739,20.6559,704465,-2228.99,4313.74,-5246.87
144,6.5862e+06,2.48808e+06,-768923,-6.27033,20.6952,704473,-2235.73,4311.29,-5246
145,6.58396e+06,2.49239e+06,-774169,-6.31327,20.7344,704482,-2242.46,4308.83,-5245.14
146,6.58171e+06,2.4967e+06,-779414,-6.3562,20.7737,704490,-2249.2,4306.37,-5244.26
147,6.57946e+06,2.501e+06,-784658,-6.39913,20.8129,704499,-2255.93,4303.9,-5243.38
148,6.5772e+06,2.5053e+06,-789901,-6.44206,20.8522,704507,-2262.65,4301.43,-5242.49
149,6.57493e+06,2.5096e+06,-795143,-6.48498,20.8915,704516,-2269.38,4298.96,-5241.6
150,6.57266e+06,2.5139e+06,-800384,-6.5279,20.9308,704525,-2276.1,4296.48,-5240.7
151,6.57038e+06,2.5182e+06,-805624,-6.57082,20.9701,704533,-2282.82,4294,-5239.8
152,6.56809e+06,2.52249e+06,-810863,-6.61373,21.0094,704542,-2289.54,4291.52,-5238.89
153,6.5658e+06,2.52678e+06,-816102,-6.65664,21.0487,704551,-2296.26,4289.03,-5237.97
154,6.5635e+06,2.53107e+06,-821339,-6.69954,21.088,704559,-2302.97,4286.54,-5237.05
155,6.5612e+06,2.53535e+06,-826576,-6.74244,21.1274,704568,-2309.69,4284.04,-5236.12
156,6.55888e+06,2.53964e+06,-831811,-6.78534,21.1667,704577,-2316.4,4281.54,-5235.19
157,6.55656e+06,2.54392e+06,-837046,-6.82823,21.206,704585,-2323.1,4279.04,-5234.25
158,6.55424e+06,2.54819e+06,-842280,-6.87112,21.2454,704594,-2329.81,4276.53,-5233.3
159,6.5519e+06,2.55247e+06,-847513,-6.914,21.2847,704603,-2336.51,4274.02,-5232.35
160,6.54956e+06,2.55674e+06,-852745,-6.95688,21.3241,704612,-2343.21,4271.51,-5231.39
161,6.54722e+06,2.56101e+06,-857976,-6.99975,21.3635,704620,-2349.91,4268.99,-5230.43
162,6.54486e+06,2.56528e+06,-863205,-7.04262,21.4029,704629,-2356.61,4266.47,-5229.46
163,6.5425e+06,2.56955e+06,-868434,-7.08549,21.4422,704638,-2363.3,4263.94,-5228.48
164,6.54014e+06,2.57381e+06,-873662,-7.12835,21.4816,704647,-2369.99,4261.41,-5227.5
165,6.53776e+06,2.57807e+06,-878889,-7.17121,21.521,704656,-2376.68,4258.88,-5226.52
166,6.53538e+06,2.58233e+06,-884115,-7.21407,21.5605,704665,-2383.37,4256.34,-5225.52
167,6.533e+06,2.58658e+06,-889341,-7.25692,21.5999,704674,-2390.05,4253.8,-5224.52
168,6.5306e+06,2.59083e+06,-894565,-7.29976,21.6393,704682,-2396.74,4251.25,-5223.52
169,6.5282e+06,2.59508e+06,-899788,-7.3426,21.6788,704691,-2403.42,4248.7,-5222.51
170,6.5258e+06,2.59933e+06,-905010,-7.38544,21.7182,704700,-2410.1,4246.15,-5221.49
171,6.52338e+06,2.60358e+06,-910231,-7.42827,21.7577,704709,-2416.77,4243.59,-5220.47
172,6.52096e+06,2.60782e+06,-915450,-7.4711,21.7971,704718,-2423.44,4241.03,-5219.44
173,6.51854e+06,2.61206e+06,-920669,-7.51392,21.8366,704727,-2430.11,4238.47,-5218.41
174,6.5161e+06,2.6163e+06,-925887,-7.55674,21.8761,704736,-2436.78,4235.9,-5217.37
175,6.51366e+06,2.62053e+06,-931104,-7.59956,21.9156,704745,-2443.45,4233.33,-5216.32
176,6.51122e+06,2.62476e+06,-936320,-7.64237,21.9551,704755,-2450.11,4230.75,-5215.27
177,6.50876e+06,2.62899e+06,-941535,-7.68517,21.9946,704764,-2456.77,4228.18,-5214.21
178,6.5063e+06,2.63322e+06,-946748,-7.72797,22.0341,704773,-2463.43,4225.59,-5213.15
179,6.50384e+06,2.63744e+06,-951961,-7.77077,22.0736,704782,-2470.09,4223.01,-5212.08
180,6.50136e+06,2.64166e+06,-957173,-7.81356,22.1131,704791,-2476.74,4220.42,-5211.01
181,6.49888e+06,2.64588e+06,-962383,-7.85635,22.1527,704800,-2483.39,4217.82,-5209.92
182,6.4964e+06,2.6501e+06,-967592,-7.89913,22.1922,704809,-2490.04,4215.22,-5208.84
183,6.4939e+06,2.65431e+06,-972801,-7.9419,22.2318,704819,-2496.69,4212.62,-5207.75
184,6.4914e+06,2.65853e+06,-978008,-7.98468,22.2713,704828,-2503.33,4210.02,-5206.65
185,6.4889e+06,2.66273e+06,-983214,-8.02744,22.3109,704837,-2509.98,4207.41,-5205.54
186,6.48638e+06,2.66694e+06,-988419,-8.07021,22.3505,704846,-2516.62,4204.8,-5204.43
187,6.48386e+06,2.67114e+06,-993623,-8.11297,22.3901,704856,-2523.25,4202.18,-5203.32
188,6.48134e+06,2.67534e+06,-998826,-8.15572,22.4297,704865,-2529.89,4199.56,-5202.19
189,6.4788e+06,2.67954e+06,-1.00403e+06,-8.19847,22.4693,704874,-2536.52,4196.94,-5201.07
190,6.47626e+06,2.68374e+06,-1.00923e+06,-8.24121,22.5089,704883,-2543.15,4194.31,-5199.93
191,6.47372e+06,2.68793e+06,-1.01443e+06,-8.28395,22.5486,704893,-2549.78,4191.68,-5198.79
192,6.47116e+06,2.69212e+06,-1.01963e+06,-8.32668,22.5882,704902,-2556.4,4189.04,-5197.65
193,6.4686e+06,2.69631e+06,-1.02482e+06,-8.36941,22.6278,704912,-2563.02,4186.4,-5196.5
194,6.46604e+06,2.70049e+06,-1.03002e+06,-8.41213,22.6675,704921,-2569.64,4183.76,-5195.34
195,6.46346e+06,2.70468e+06,-1.03521e+06,-8.45485,22.7072,704930,-2576.26,4181.12,-5194.18
196,6.46088e+06,2.70886e+06,-1.04041e+06,-8.49757,22.7469,704940,-2582.87,4178.47,-5193.01
197,6.4583e+06,2.71303e+06,-1.0456e+06,-8.54027,22.7865,704949,-2589.49,4175.81,-5191.83
198,6.45571e+06,2.71721e+06,-1.05079e+06,-8.58298,22.8262,704959,-2596.1,4173.16,-5190.65
199,6.45311e+06,2.72138e+06,-1.05598e+06,-8.62567,22.8659,704968,-2602.7,4170.49,-5189.47
