0,-6.41964e+06,-2.98946e+06,-7479.42,-0.0608818,-155.03,703439,2021.75,-4341.59,5309.11
1,-6.41761e+06,-2.9938e+06,-2170.31,-0.0176661,-154.991,703433,2028.3,-4338.53,5309.12
2,-6.41558e+06,-2.99814e+06,3138.81,0.0255496,-154.952,703427,2034.84,-4335.48,5309.12
3,-6.41354e+06,-3.00247e+06,8447.92,0.0687655,-154.914,703422,2041.39,-4332.42,5309.11
4,-6.4115e+06,-3.0068e+06,13757,0.111981,-154.875,703416,2047.93,-4329.36,5309.1
5,-6.40945e+06,-3.01113e+06,19066.1,0.155197,-154.836,703411,2054.47,-4326.29,5309.08
6,-6.40739e+06,-3.01546e+06,24375.2,0.198413,-154.797,703405,2061.01,-4323.22,5309.06
7,-6.40532e+06,-3.01978e+06,29684.2,0.241629,-154.759,703400,2067.54,-4320.15,5309.03
8,-6.40325e+06,-3.0241e+06,34993.2,0.284844,-154.72,703394,2074.08,-4317.07,5308.99
9,-6.40118e+06,-3.02841e+06,40302.2,0.32806,-154.681,703389,2080.61,-4313.99,5308.95
10,-6.39909e+06,-3.03272e+06,45611.1,0.371276,-154.642,703383,2087.14,-4310.9,5308.9
11,-6.397e+06,-3.03703e+06,50920,0.414491,-154.604,703378,2093.67,-4307.81,5308.84
12,-6.39491e+06,-3.04134e+06,56228.8,0.457706,-154.565,703373,2100.19,-4304.72,5308.78
13,-6.3928e+06,-3.04564e+06,61537.5,0.500921,-154.526,703367,2106.72,-4301.62,5308.72
14,-6.39069e+06,-3.04994e+06,66846.2,0.544136,-154.487,703362,2113.24,-4298.52,5308.64
15,-6.38858e+06,-3.05424e+06,72154.8,0.58735,-154.449,703357,2119.76,-4295.41,5308.57
16,-6.38645e+06,-3.05853e+06,77463.4,0.630565,-154.41,703351,2126.28,-4292.3,5308.48
17,-6.38432e+06,-3.06283e+06,82771.8,0.673779,-154.371,703346,2132.8,-4289.19,5308.39
18,-6.38219e+06,-3.06711e+06,88080.1,0.716992,-154.332,703341,2139.31,-4286.07,5308.3
19,-6.38004e+06,-3.0714e+06,93388.4,0.760205,-154.294,703335,2145.82,-4282.95,5308.19
20,-6.3779e+06,-3.07568e+06,98696.5,0.803418,-154.255,703330,2152.34,-4279.83,5308.08
21,-6.37574e+06,-3.07996e+06,104005,0.846631,-154.216,703325,2158.85,-4276.7,5307.97
22,-6.37358e+06,-3.08423e+06,109312,0.889843,-154.177,703320,2165.35,-4273.57,5307.85
23,-6.37141e+06,-3.0885e+06,114620,0.933055,-154.138,703315,2171.86,-4270.43,5307.72
24,-6.36923e+06,-3.09277e+06,119928,0.976266,-154.1,703309,2178.36,-4267.29,5307.59
25,-6.36705e+06,-3.09704e+06,125235,1.01948,-154.061,703304,2184.86,-4264.15,5307.45
26,-6.36486e+06,-3.1013e+06,130543,1.06269,-154.022,703299,2191.36,-4261,5307.31
27,-6.36267e+06,-3.10556e+06,135850,1.1059,-153.983,703294,2197.86,-4257.85,5307.16
28,-6.36047e+06,-3.10982e+06,141157,1.14911,-153.945,703289,2204.36,-4254.69,5307
29,-6.35826e+06,-3.11407e+06,146464,1.19231,-153.906,703284,2210.85,-4251.53,5306.84
30,-6.35605e+06,-3.11832e+06,151771,1.23552,-153.867,703279,2217.34,-4248.37,5306.67
31,-6.35383e+06,-3.12257e+06,157077,1.27873,-153.828,703274,2223.83,-4245.2,5306.5
32,-6.3516e+06,-3.12681e+06,162384,1.32194,-153.79,703269,2230.32,-4242.03,5306.32
33,-6.34937e+06,-3.13105e+06,167690,1.36514,-153.751,703264,2236.8,-4238.86,5306.13
34,-6.34713e+06,-3.13529e+06,172996,1.40835,-153.712,703259,2243.29,-4235.68,5305.94
35,-6.34488e+06,-3.13952e+06,178302,1.45155,-153.673,703254,2249.77,-4232.5,5305.74
36,-6.34263e+06,-3.14375e+06,183608,1.49475,-153.634,703249,2256.25,-4229.31,5305.54
37,-6.34037e+06,-3.14798e+06,188913,1.53796,-153.596,703244,2262.72,-4226.12,5305.33
38,-6.3381e+06,-3.15221e+06,194218,1.58116,-153.557,703240,2269.2,-4222.93,5305.11
39,-6.33583e+06,-3.15643e+06,199523,1.62436,-153.518,703235,2275.67,-4219.73,5304.89
40,-6.33355e+06,-3.16064e+06,204828,1.66756,-153.479,703230,2282.14,-4216.53,5304.66
41,-6.33126e+06,-3.16486e+06,210133,1.71076,-153.441,703225,2288.61,-4213.33,5304.43
42,-6.32897e+06,-3.16907e+06,215437,1.75396,-153.402,703220,2295.08,-4210.12,5304.19
43,-6.32667e+06,-3.17328e+06,220741,1.79716,-153.363,703216,2301.55,-4206.9,5303.94
44,-6.32437e+06,-3.17749e+06,226045,1.84035,-153.324,703211,2308.01,-4203.69,5303.69
45,-6.32206e+06,-3.18169e+06,231348,1.88355,-153.285,703206,2314.47,-4200.47,5303.44
46,-6.31974e+06,-3.18589e+06,236652,1.92674,-153.247,703201,2320.93,-4197.24,5303.17
47,-6.31742e+06,-3.19008e+06,241955,1.96994,-153.208,703197,2327.38,-4194.02,5302.9
48,-6.31508e+06,-3.19427e+06,247257,2.01313,-153.169,703192,2333.84,-4190.79,5302.63
49,-6.31275e+06,-3.19846e+06,252560,2.05632,-153.13,703187,2340.29,-4187.55,5302.34
50,-6.3104e+06,-3.20265e+06,257862,2.09951,-153.091,703183,2346.74,-4184.31,5302.06
51,-6.30805e+06,-3.20683e+06,263164,2.1427,-153.053,703178,2353.19,-4181.07,5301.76
52,-6.3057e+06,-3.21101e+06,268466,2.18589,-153.014,703174,2359.64,-4177.82,5301.46
53,-6.30334e+06,-3.21519e+06,273767,2.22907,-152.975,703169,2366.08,-4174.57,5301.16
54,-6.30097e+06,-3.21936e+06,279068,2.27226,-152.936,703165,2372.52,-4171.32,5300.85
55,-6.29859e+06,-3.22353e+06,284369,2.31544,-152.897,703160,2378.96,-4168.06,5300.53
56,-6.29621e+06,-3.2277e+06,289669,2.35863,-152.858,703156,2385.4,-4164.8,5300.21
57,-6.29382e+06,-3.23186e+06,294969,2.40181,-152.82,703151,2391.83,-4161.54,5299.88
58,-6.29142e+06,-3.23602e+06,300269,2.44499,-152.781,703147,2398.27,-4158.27,5299.54
59,-6.28902e+06,-3.24018e+06,305568,2.48817,-152.742,703142,2404.7,-4155,5299.2
60,-6.28661e+06,-3.24433e+06,310867,2.53134,-152.703,703138,2411.13,-4151.72,5298.85
61,-6.2842e+06,-3.24848e+06,316166,2.57452,-152.664,703134,2417.55,-4148.44,5298.5
62,-6.28178e+06,-3.25263e+06,321464,2.6177,-152.625,703129,2423.98,-4145.16,5298.14
63,-6.27935e+06,-3.25677e+06,326762,2.66087,-152.587,703125,2430.4,-4141.87,5297.77
64,-6.27692e+06,-3.26091e+06,332060,2.70404,-152.548,703121,2436.82,-4138.58,5297.4
65,-6.27448e+06,-3.26505e+06,337357,2.74721,-152.509,703116,2443.23,-4135.29,5297.03
66,-6.27203e+06,-3.26918e+06,342654,2.79038,-152.47,703112,2449.65,-4131.99,5296.64
67,-6.26958e+06,-3.27331e+06,347950,2.83355,-152.431,703108,2456.06,-4128.69,5296.25
68,-6.26712e+06,-3.27744e+06,353246,2.87671,-152.392,703104,2462.47,-4125.38,5295.86
69,-6.26465e+06,-3.28156e+06,358542,2.91988,-152.353,703099,2468.88,-4122.07,5295.46
70,-6.26218e+06,-3.28568e+06,363837,2.96304,-152.315,703095,2475.29,-4118.76,5295.05
71,-6.2597e+06,-3.2898e+06,369132,3.0062,-152.276,703091,2481.69,-4115.44,5294.64
72,-6.25722e+06,-3.29391e+06,374426,3.04936,-152.237,703087,2488.09,-4112.12,5294.22
73,-6.25473e+06,-3.29802e+06,379720,3.09252,-152.198,703083,2494.49,-4108.8,5293.79
74,-6.25223e+06,-3.30213e+06,385014,3.13567,-152.159,703079,2500.89,-4105.47,5293.36
75,-6.24973e+06,-3.30623e+06,390307,3.17883,-152.12,703074,2507.28,-4102.14,5292.93
76,-6.24722e+06,-3.31034e+06,395600,3.22198,-152.081,703070,2513.68,-4098.8,5292.48
77,-6.2447e+06,-3.31443e+06,400892,3.26513,-152.042,703066,2520.07,-4095.46,5292.03
78,-6.24218e+06,-3.31853e+06,406184,3.30828,-152.004,703062,2526.45,-4092.12,5291.58
79,-6.23965e+06,-3.32262e+06,411475,3.35143,-151.965,703058,2532.84,-4088.78,5291.12
80,-6.23711e+06,-3.3267e+06,416766,3.39457,-151.926,703054,2539.22,-4085.43,5290.65
81,-6.23457e+06,-3.33079e+06,422056,3.43771,-151.887,703050,2545.6,-4082.07,5290.18
82,-6.23202e+06,-3.33487e+06,427346,3.48086,-151.848,703046,2551.98,-4078.72,5289.7
83,-6.22946e+06,-3.33894e+06,432636,3.52399,-151.809,703043,2558.36,-4075.36,5289.22
84,-6.2269e+06,-3.34302e+06,437925,3.56713,-151.77,703039,2564.73,-4071.99,5288.73
85,-6.22433e+06,-3.34709e+06,443213,3.61027,-151.731,703035,2571.1,-4068.62,5288.23
86,-6.22176e+06,-3.35116e+06,448501,3.6534,-151.692,703031,2577.47,-4065.25,5287.73
87,-6.21918e+06,-3.35522e+06,453789,3.69653,-151.653,703027,2583.84,-4061.88,5287.22
88,-6.21659e+06,-3.35928e+06,459076,3.73966,-151.614,703023,2590.2,-4058.5,5286.7
89,-6.214e+06,-3.36334e+06,464362,3.78279,-151.575,703019,2596.57,-4055.12,5286.18
90,-6.2114e+06,-3.36739e+06,469648,3.82591,-151.537,703016,2602.93,-4051.73,5285.66
91,-6.20879e+06,-3.37144e+06,474933,3.86903,-151.498,703012,2609.28,-4048.34,5285.12
92,-6.20618e+06,-3.37549e+06,480218,3.91215,-151.459,703008,2615.64,-4044.95,5284.59
93,-6.20356e+06,-3.37953e+06,485503,3.95527,-151.42,703005,2621.99,-4041.55,5284.04
94,-6.20094e+06,-3.38357e+06,490786,3.99839,-151.381,703001,2628.34,-4038.15,5283.49
95,-6.1983e+06,-3.38761e+06,496070,4.0415,-151.342,702997,2634.69,-4034.75,5282.94
96,-6.19567e+06,-3.39164e+06,501352,4.08461,-151.303,702993,2641.03,-4031.34,5282.37
97,-6.19302e+06,-3.39567e+06,506634,4.12772,-151.264,702990,2647.37,-4027.93,5281.81
98,-6.19037e+06,-3.39969e+06,511916,4.17083,-151.225,702986,2653.71,-4024.51,5281.23
99,-6.18772e+06,-3.40372e+06,517197,4.21393,-151.186,702983,2660.05,-4021.09,5280.65
100,-6.18505e+06,-3.40774e+06,522477,4.25704,-151.147,702979,2666.39,-4017.67,5280.07
101,-6.18238e+06,-3.41175e+06,527757,4.30014,-151.108,702976,2672.72,-4014.25,5279.47
102,-6.17971e+06,-3.41577e+06,533036,4.34323,-151.069,702972,2679.05,-4010.82,5278.88
103,-6.17702e+06,-3.41977e+06,538315,4.38633,-151.03,702969,2685.38,-4007.38,5278.27
104,-6.17434e+06,-3.42378e+06,543593,4.42942,-150.991,702965,2691.7,-4003.95,5277.66
105,-6.17164e+06,-3.42778e+06,548870,4.47251,-150.952,702962,2698.02,-4000.51,5277.05
106,-6.16894e+06,-3.43178e+06,554147,4.5156,-150.913,702958,2704.35,-3997.07,5276.43
107,-6.16623e+06,-3.43578e+06,559423,4.55868,-150.874,702955,2710.66,-3993.62,5275.8
108,-6.16352e+06,-3.43977e+06,564698,4.60177,-150.835,702951,2716.98,-3990.17,5275.16
109,-6.1608e+06,-3.44376e+06,569973,4.64485,-150.796,702948,2723.29,-3986.71,5274.52
110,-6.15807e+06,-3.44774e+06,575247,4.68792,-150.757,702945,2729.6,-3983.26,5273.88
111,-6.15534e+06,-3.45172e+06,580521,4.731,-150.718,702941,2735.91,-3979.8,5273.23
112,-6.1526e+06,-3.4557e+06,585794,4.77407,-150.679,702938,2742.21,-3976.33,5272.57
113,-6.14985e+06,-3.45968e+06,591066,4.81714,-150.64,702935,2748.52,-3972.86,5271.91
114,-6.1471e+06,-3.46365e+06,596338,4.8602,-150.6,702931,2754.82,-3969.39,5271.24
115,-6.14434e+06,-3.46761e+06,601609,4.90327,-150.561,702928,2761.11,-3965.92,5270.56
116,-6.14158e+06,-3.47158e+06,606879,4.94633,-150.522,702925,2767.41,-3962.44,5269.88
117,-6.13881e+06,-3.47554e+06,612148,4.98938,-150.483,702922,2773.7,-3958.96,5269.2
118,-6.13603e+06,-3.4795e+06,617417,5.03244,-150.444,702919,2779.99,-3955.47,5268.5
119,-6.13325e+06,-3.48345e+06,622685,5.07549,-150.405,702915,2786.28,-3951.98,5267.8
120,-6.13046e+06,-3.4874e+06,627953,5.11854,-150.366,702912,2792.56,-3948.49,5267.1
121,-6.12767e+06,-3.49135e+06,633220,5.16159,-150.327,702909,2798.84,-3944.99,5266.39
122,-6.12486e+06,-3.49529e+06,638486,5.20463,-150.288,702906,2805.12,-3941.49,5265.67
123,-6.12205e+06,-3.49923e+06,643751,5.24767,-150.249,702903,2811.4,-3937.99,5264.95
124,-6.11924e+06,-3.50317e+06,649015,5.29071,-150.21,702900,2817.67,-3934.48,5264.22
125,-6.11642e+06,-3.5071e+06,654279,5.33374,-150.17,702897,2823.94,-3930.97,5263.49
126,-6.11359e+06,-3.51103e+06,659542,5.37677,-150.131,702894,2830.21,-3927.46,5262.75
127,-6.11076e+06,-3.51495e+06,664805,5.4198,-150.092,702891,2836.48,-3923.94,5262
128,-6.10792e+06,-3.51888e+06,670066,5.46283,-150.053,702888,2842.74,-3920.42,5261.25
129,-6.10507e+06,-3.5228e+06,675327,5.50585,-150.014,702885,2849,-3916.89,5260.49
130,-6.10222e+06,-3.52671e+06,680587,5.54887,-149.975,702882,2855.26,-3913.37,5259.72
131,-6.09936e+06,-3.53062e+06,685847,5.59188,-149.936,702879,2861.52,-3909.84,5258.95
132,-6.0965e+06,-3.53453e+06,691105,5.6349,-149.896,702876,2867.77,-3906.3,5258.18
133,-6.09363e+06,-3.53843e+06,696363,5.67791,-149.857,702873,2874.02,-3902.76,5257.4
134,-6.09075e+06,-3.54234e+06,701620,5.72091,-149.818,702870,2880.27,-3899.22,5256.61
135,-6.08787e+06,-3.54623e+06,706876,5.76391,-149.779,702867,2886.51,-3895.68,5255.81
136,-6.08498e+06,-3.55013e+06,712132,5.80691,-149.74,702865,2892.75,-3892.13,5255.01
137,-6.08208e+06,-3.55402e+06,717386,5.84991,-149.7,702862,2898.99,-3888.58,5254.21
138,-6.07918e+06,-3.5579e+06,722640,5.8929,-149.661,702859,2905.23,-3885.02,5253.4
139,-6.07627e+06,-3.56179e+06,727893,5.93589,-149.622,702856,2911.46,-3881.46,5252.58
140,-6.07336e+06,-3.56567e+06,733145,5.97888,-149.583,702854,2917.69,-3877.9,5251.76
141,-6.07044e+06,-3.56954e+06,738397,6.02186,-149.544,702851,2923.92,-3874.33,5250.93
142,-6.06751e+06,-3.57342e+06,743647,6.06484,-149.504,702848,2930.15,-3870.76,5250.09
143,-6.06458e+06,-3.57728e+06,748897,6.10782,-149.465,702846,2936.37,-3867.19,5249.25
144,-6.06164e+06,-3.58115e+06,754146,6.15079,-149.426,702843,2942.59,-3863.62,5248.4
145,-6.05869e+06,-3.58501e+06,759394,6.19376,-149.387,702840,2948.81,-3860.04,5247.55
146,-6.05574e+06,-3.58887e+06,764641,6.23672,-149.347,702838,2955.02,-3856.45,5246.69
147,-6.05278e+06,-3.59272e+06,769887,6.27968,-149.308,702835,2961.24,-3852.87,5245.83
148,-6.04982e+06,-3.59658e+06,775132,6.32264,-149.269,702832,2967.44,-3849.28,5244.96
149,-6.04685e+06,-3.60042e+06,780377,6.36559,-149.23,702830,2973.65,-3845.68,5244.08
150,-6.04387e+06,-3.60427e+06,785620,6.40854,-149.19,702827,2979.85,-3842.09,5243.2
151,-6.04089e+06,-3.60811e+06,790863,6.45149,-149.151,702825,2986.05,-3838.49,5242.31
152,-6.0379e+06,-3.61194e+06,796105,6.49443,-149.112,702822,2992.25,-3834.88,5241.41
153,-6.0349e+06,-3.61578e+06,801346,6.53737,-149.072,702820,2998.45,-3831.28,5240.51
154,-6.0319e+06,-3.61961e+06,806586,6.58031,-149.033,702817,3004.64,-3827.67,5239.61
155,-6.02889e+06,-3.62343e+06,811825,6.62324,-148.994,702815,3010.83,-3824.05,5238.7
156,-6.02588e+06,-3.62725e+06,817064,6.66617,-148.954,702813,3017.02,-3820.44,5237.78
157,-6.02286e+06,-3.63107e+06,822301,6.70909,-148.915,702810,3023.2,-3816.82,5236.85
158,-6.01983e+06,-3.63489e+06,827537,6.75201,-148.876,702808,3029.38,-3813.19,5235.92
159,-6.0168e+06,-3.6387e+06,832773,6.79493,-148.836,702806,3035.56,-3809.57,5234.99
160,-6.01376e+06,-3.64251e+06,838007,6.83784,-148.797,702803,3041.73,-3805.94,5234.05
161,-6.01072e+06,-3.64631e+06,843241,6.88075,-148.758,702801,3047.91,-3802.3,5233.1
162,-6.00766e+06,-3.65011e+06,848473,6.92366,-148.718,702799,3054.08,-3798.67,5232.15
163,-6.00461e+06,-3.65391e+06,853705,6.96656,-148.679,702796,3060.24,-3795.03,5231.19
164,-6.00154e+06,-3.6577e+06,858936,7.00945,-148.639,702794,3066.41,-3791.38,5230.22
165,-5.99847e+06,-3.66149e+06,864165,7.05235,-148.6,702792,3072.57,-3787.73,5229.25
166,-5.9954e+06,-3.66528e+06,869394,7.09523,-148.561,702790,3078.72,-3784.08,5228.27
167,-5.99232e+06,-3.66906e+06,874622,7.13812,-148.521,702788,3084.88,-3780.43,5227.29
168,-5.98923e+06,-3.67284e+06,879849,7.181,-148.482,702785,3091.03,-3776.77,5226.3
169,-5.98613e+06,-3.67661e+06,885075,7.22387,-148.442,702783,3097.18,-3773.11,5225.31
170,-5.98303e+06,-3.68038e+06,890299,7.26675,-148.403,702781,3103.33,-3769.45,5224.31
171,-5.97993e+06,-3.68415e+06,895523,7.30961,-148.363,702779,3109.47,-3765.78,5223.3
172,-5.97682e+06,-3.68792e+06,900746,7.35248,-148.324,702777,3115.61,-3762.11,5222.29
173,-5.9737e+06,-3.69168e+06,905968,7.39534,-148.284,702775,3121.75,-3758.44,5221.27
174,-5.97057e+06,-3.69543e+06,911189,7.43819,-148.245,702773,3127.88,-3754.76,5220.24
175,-5.96744e+06,-3.69919e+06,916408,7.48104,-148.205,702771,3134.01,-3751.08,5219.21
176,-5.9643e+06,-3.70294e+06,921627,7.52389,-148.166,702769,3140.14,-3747.4,5218.18
177,-5.96116e+06,-3.70668e+06,926845,7.56673,-148.126,702767,3146.27,-3743.71,5217.14
178,-5.95801e+06,-3.71042e+06,932061,7.60957,-148.087,702765,3152.39,-3740.02,5216.09
179,-5.95486e+06,-3.71416e+06,937277,7.6524,-148.047,702763,3158.51,-3736.33,5215.04
180,-5.95169e+06,-3.7179e+06,942491,7.69523,-148.008,702761,3164.63,-3732.63,5213.98
181,-5.94853e+06,-3.72163e+06,947705,7.73805,-147.968,702759,3170.74,-3728.93,5212.91
182,-5.94535e+06,-3.72535e+06,952917,7.78087,-147.929,702757,3176.85,-3725.23,5211.84
183,-5.94217e+06,-3.72908e+06,958128,7.82369,-147.889,702755,3182.96,-3721.52,5210.76
184,-5.93899e+06,-3.7328e+06,963339,7.8665,-147.85,702754,3189.06,-3717.81,5209.68
185,-5.93579e+06,-3.73651e+06,968548,7.9093,-147.81,702752,3195.17,-3714.1,5208.59
186,-5.9326e+06,-3.74022e+06,973756,7.9521,-147.77,702750,3201.26,-3710.38,5207.5
187,-5.92939e+06,-3.74393e+06,978963,7.9949,-147.731,702748,3207.36,-3706.66,5206.4
188,-5.92618e+06,-3.74764e+06,984169,8.03769,-147.691,702747,3213.45,-3702.94,5205.29
189,-5.92297e+06,-3.75134e+06,989373,8.08048,-147.652,702745,3219.54,-3699.21,5204.18
190,-5.91974e+06,-3.75504e+06,994577,8.12326,-147.612,702743,3225.63,-3695.48,5203.06
191,-5.91651e+06,-3.75873e+06,999779,8.16604,-147.572,702741,3231.71,-3691.75,5201.93
192,-5.91328e+06,-3.76242e+06,1.00498e+06,8.20881,-147.533,702740,3237.79,-3688.01,5200.8
193,-5.91004e+06,-3.76611e+06,1.01018e+06,8.25158,-147.493,702738,3243.87,-3684.27,5199.67
194,-5.90679e+06,-3.76979e+06,1.01538e+06,8.29434,-147.453,702736,3249.94,-3680.53,5198.53
195,-5.90354e+06,-3.77347e+06,1.02058e+06,8.3371,-147.414,702735,3256.02,-3676.78,5197.38
196,-5.90028e+06,-3.77714e+06,1.02577e+06,8.37986,-147.374,702733,3262.08,-3673.03,5196.23
197,-5.89701e+06,-3.78081e+06,1.03097e+06,8.4226,-147.334,702732,3268.15,-3669.28,5195.07
198,-5.89374e+06,-3.78448e+06,1.03617e+06,8.46535,-147.295,702730,3274.21,-3665.53,5193.9
199,-5.89047e+06,-3.78814e+06,1.04136e+06,8.50809,-147.255,702729,3280.27,-3661.77,5192.73
