0,6.20266e+06,-3.11191e+06,1.40322e+06,11.499,-26.6432,702684,3127.7,3922.1,-5095.8
1,6.20579e+06,-3.10799e+06,1.39812e+06,11.4566,-26.6027,702684,3121.33,3925.12,-5097.38
2,6.20891e+06,-3.10406e+06,1.39302e+06,11.4143,-26.5622,702685,3114.96,3928.14,-5098.95
3,6.21202e+06,-3.10013e+06,1.38792e+06,11.372,-26.5217,702685,3108.58,3931.16,-5100.52
4,6.21512e+06,-3.0962e+06,1.38282e+06,11.3296,-26.4812,702685,3102.2,3934.17,-5102.08
5,6.21822e+06,-3.09226e+06,1.37772e+06,11.2873,-26.4407,702685,3095.82,3937.18,-5103.64
6,6.22132e+06,-3.08833e+06,1.37262e+06,11.2449,-26.4003,702685,3089.43,3940.19,-5105.19
7,6.2244e+06,-3.08438e+06,1.36751e+06,11.2026,-26.3598,702686,3083.05,3943.2,-5106.73
8,6.22748e+06,-3.08044e+06,1.3624e+06,11.1602,-26.3194,702686,3076.65,3946.2,-5108.27
9,6.23055e+06,-3.07649e+06,1.35729e+06,11.1178,-26.279,702686,3070.26,3949.19,-5109.8
10,6.23362e+06,-3.07254e+06,1.35218e+06,11.0754,-26.2386,702687,3063.86,3952.18,-5111.33
11,6.23668e+06,-3.06859e+06,1.34707e+06,11.033,-26.1982,702687,3057.46,3955.17,-5112.85
12,6.23974e+06,-3.06463e+06,1.34196e+06,10.9907,-26.1578,702687,3051.06,3958.16,-5114.37
13,6.24278e+06,-3.06067e+06,1.33684e+06,10.9482,-26.1175,702688,3044.65,3961.14,-5115.88
14,6.24583e+06,-3.05671e+06,1.33173e+06,10.9058,-26.0771,702688,3038.24,3964.12,-5117.38
15,6.24886e+06,-3.05274e+06,1.32661e+06,10.8634,-26.0368,702689,3031.83,3967.1,-5118.88
16,6.25189e+06,-3.04877e+06,1.32149e+06,10.821,-25.9965,702689,3025.41,3970.07,-5120.37
17,6.25491e+06,-3.0448e+06,1.31637e+06,10.7786,-25.9562,702689,3018.99,3973.04,-5121.86
18,6.25793e+06,-3.04083e+06,1.31124e+06,10.7361,-25.9159,702690,3012.57,3976,-5123.34
19,6.26094e+06,-3.03685e+06,1.30612e+06,10.6937,-25.8756,702690,3006.15,3978.97,-5124.81
20,6.26394e+06,-3.03287e+06,1.30099e+06,10.6512,-25.8353,702691,2999.72,3981.92,-5126.28
21,6.26694e+06,-3.02889e+06,1.29587e+06,10.6088,-25.795,702692,2993.29,3984.88,-5127.75
22,6.26993e+06,-3.0249e+06,1.29074e+06,10.5663,-25.7548,702692,2986.86,3987.83,-5129.21
23,6.27291e+06,-3.02091e+06,1.28561e+06,10.5239,-25.7146,702693,2980.42,3990.78,-5130.66
24,6.27589e+06,-3.01692e+06,1.28048e+06,10.4814,-25.6743,702693,2973.98,3993.72,-5132.1
25,6.27886e+06,-3.01292e+06,1.27534e+06,10.4389,-25.6341,702694,2967.54,3996.66,-5133.55
26,6.28182e+06,-3.00892e+06,1.27021e+06,10.3964,-25.5939,702695,2961.1,3999.6,-5134.98
27,6.28478e+06,-3.00492e+06,1.26507e+06,10.3539,-25.5537,702695,2954.65,4002.53,-5136.41
28,6.28773e+06,-3.00092e+06,1.25994e+06,10.3114,-25.5136,702696,2948.2,4005.46,-5137.83
29,6.29068e+06,-2.99691e+06,1.2548e+06,10.2689,-25.4734,702697,2941.75,4008.39,-5139.25
30,6.29362e+06,-2.9929e+06,1.24966e+06,10.2264,-25.4332,702697,2935.29,4011.31,-5140.66
31,6.29655e+06,-2.98889e+06,1.24452e+06,10.1839,-25.3931,702698,2928.83,4014.23,-5142.07
32,6.29947e+06,-2.98487e+06,1.23938e+06,10.1414,-25.353,702699,2922.37,4017.15,-5143.47
33,6.30239e+06,-2.98086e+06,1.23423e+06,10.0989,-25.3128,702699,2915.9,4020.06,-5144.86
34,6.3053e+06,-2.97683e+06,1.22909e+06,10.0563,-25.2727,702700,2909.44,4022.97,-5146.25
35,6.30821e+06,-2.97281e+06,1.22394e+06,10.0138,-25.2326,702701,2902.97,4025.87,-5147.63
36,6.31111e+06,-2.96878e+06,1.21879e+06,9.97123,-25.1926,702702,2896.49,4028.77,-5149.01
37,6.314e+06,-2.96475e+06,1.21364e+06,9.92868,-25.1525,702703,2890.02,4031.67,-5150.38
38,6.31689e+06,-2.96072e+06,1.20849e+06,9.88612,-25.1124,702704,2883.54,4034.56,-5151.75
39,6.31977e+06,-2.95668e+06,1.20334e+06,9.84356,-25.0724,702705,2877.06,4037.46,-5153.1
40,6.32264e+06,-2.95264e+06,1.19818e+06,9.80099,-25.0323,702705,2870.57,4040.34,-5154.46
41,6.32551e+06,-2.9486e+06,1.19303e+06,9.75841,-24.9923,702706,2864.09,4043.23,-5155.81
42,6.32837e+06,-2.94456e+06,1.18787e+06,9.71583,-24.9523,702707,2857.6,4046.11,-5157.15
43,6.33123e+06,-2.94051e+06,1.18271e+06,9.67324,-24.9123,702708,2851.1,4048.98,-5158.48
44,6.33408e+06,-2.93646e+06,1.17755e+06,9.63065,-24.8723,702709,2844.61,4051.86,-5159.81
45,6.33692e+06,-2.93241e+06,1.17239e+06,9.58805,-24.8323,702710,2838.11,4054.72,-5161.14
46,6.33975e+06,-2.92835e+06,1.16723e+06,9.54545,-24.7924,702711,2831.61,4057.59,-5162.46
47,6.34258e+06,-2.92429e+06,1.16207e+06,9.50284,-24.7524,702712,2825.1,4060.45,-5163.77
48,6.3454e+06,-2.92023e+06,1.1569e+06,9.46022,-24.7125,702713,2818.6,4063.31,-5165.08
49,6.34822e+06,-2.91617e+06,1.15174e+06,9.4176,-24.6725,702715,2812.09,4066.17,-5166.38
50,6.35103e+06,-2.9121e+06,1.14657e+06,9.37498,-24.6326,702716,2805.58,4069.02,-5167.67
51,6.35383e+06,-2.90803e+06,1.1414e+06,9.33234,-24.5927,702717,2799.06,4071.86,-5168.96
52,6.35662e+06,-2.90395e+06,1.13623e+06,9.28971,-24.5528,702718,2792.55,4074.71,-5170.25
53,6.35941e+06,-2.89988e+06,1.13106e+06,9.24706,-24.5129,702719,2786.03,4077.55,-5171.53
54,6.3622e+06,-2.8958e+06,1.12589e+06,9.20441,-24.473,702720,2779.5,4080.39,-5172.8
55,6.36497e+06,-2.89172e+06,1.12072e+06,9.16176,-24.4331,702721,2772.98,4083.22,-5174.06
56,6.36774e+06,-2.88763e+06,1.11554e+06,9.1191,-24.3933,702723,2766.45,4086.05,-5175.32
57,6.37051e+06,-2.88354e+06,1.11037e+06,9.07644,-24.3534,702724,2759.92,4088.87,-5176.58
58,6.37326e+06,-2.87945e+06,1.10519e+06,9.03377,-24.3136,702725,2753.38,4091.7,-5177.83
59,6.37601e+06,-2.87536e+06,1.10001e+06,8.99109,-24.2737,702726,2746.85,4094.51,-5179.07
60,6.37876e+06,-2.87127e+06,1.09483e+06,8.94841,-24.2339,702728,2740.31,4097.33,-5180.31
61,6.38149e+06,-2.86717e+06,1.08965e+06,8.90572,-24.1941,702729,2733.77,4100.14,-5181.54
62,6.38422e+06,-2.86307e+06,1.08447e+06,8.86303,-24.1543,702730,2727.22,4102.95,-5182.76
63,6.38695e+06,-2.85896e+06,1.07929e+06,8.82033,-24.1145,702732,2720.68,4105.75,-5183.98
64,6.38966e+06,-2.85485e+06,1.0741e+06,8.77763,-24.0747,702733,2714.13,4108.55,-5185.2
65,6.39238e+06,-2.85074e+06,1.06891e+06,8.73493,-24.035,702735,2707.58,4111.35,-5186.41
66,6.39508e+06,-2.84663e+06,1.06373e+06,8.69221,-23.9952,702736,2701.02,4114.14,-5187.61
67,6.39778e+06,-2.84252e+06,1.05854e+06,8.6495,-23.9555,702738,2694.46,4116.93,-5188.8
68,6.40047e+06,-2.8384e+06,1.05335e+06,8.60678,-23.9157,702739,2687.91,4119.72,-5189.99
69,6.40315e+06,-2.83428e+06,1.04816e+06,8.56405,-23.876,702740,2681.34,4122.5,-5191.18
70,6.40583e+06,-2.83015e+06,1.04297e+06,8.52132,-23.8363,702742,2674.78,4125.28,-5192.36
71,6.4085e+06,-2.82603e+06,1.03777e+06,8.47858,-23.7965,702743,2668.21,4128.05,-5193.53
72,6.41117e+06,-2.8219e+06,1.03258e+06,8.43584,-23.7568,702745,2661.64,4130.83,-5194.7
73,6.41383e+06,-2.81776e+06,1.02739e+06,8.39309,-23.7172,702747,2655.07,4133.59,-5195.86
74,6.41648e+06,-2.81363e+06,1.02219e+06,8.35034,-23.6775,702748,2648.49,4136.36,-5197.01
75,6.41912e+06,-2.80949e+06,1.01699e+06,8.30758,-23.6378,702750,2641.91,4139.12,-5198.16
76,6.42176e+06,-2.80535e+06,1.01179e+06,8.26482,-23.5981,702751,2635.33,4141.87,-5199.31
77,6.42439e+06,-2.80121e+06,1.00659e+06,8.22205,-23.5585,702753,2628.75,4144.63,-5200.44
78,6.42702e+06,-2.79706e+06,1.00139e+06,8.17928,-23.5188,702755,2622.17,4147.38,-5201.57
79,6.42964e+06,-2.79291e+06,996190,8.13651,-23.4792,702756,2615.58,4150.12,-5202.7
80,6.43225e+06,-2.78876e+06,990986,8.09372,-23.4396,702758,2608.99,4152.86,-5203.82
81,6.43486e+06,-2.78461e+06,985782,8.05094,-23.4,702760,2602.4,4155.6,-5204.93
82,6.43746e+06,-2.78045e+06,980577,8.00815,-23.3604,702762,2595.8,4158.34,-5206.04
83,6.44005e+06,-2.77629e+06,975370,7.96535,-23.3208,702763,2589.2,4161.07,-5207.15
84,6.44263e+06,-2.77213e+06,970162,7.92255,-23.2812,702765,2582.6,4163.79,-5208.24
85,6.44521e+06,-2.76796e+06,964954,7.87975,-23.2416,702767,2576,4166.52,-5209.33
86,6.44779e+06,-2.76379e+06,959744,7.83694,-23.202,702769,2569.39,4169.24,-5210.42
87,6.45035e+06,-2.75962e+06,954533,7.79413,-23.1625,702771,2562.79,4171.95,-5211.5
88,6.45291e+06,-2.75545e+06,949321,7.75131,-23.1229,702773,2556.17,4174.66,-5212.57
89,6.45546e+06,-2.75127e+06,944108,7.70849,-23.0834,702774,2549.56,4177.37,-5213.64
90,6.45801e+06,-2.7471e+06,938893,7.66566,-23.0438,702776,2542.95,4180.08,-5214.7
91,6.46055e+06,-2.74291e+06,933678,7.62283,-23.0043,702778,2536.33,4182.78,-5215.75
92,6.46308e+06,-2.73873e+06,928462,7.57999,-22.9648,702780,2529.71,4185.48,-5216.8
93,6.46561e+06,-2.73454e+06,923245,7.53715,-22.9253,702782,2523.09,4188.17,-5217.85
94,6.46813e+06,-2.73035e+06,918026,7.49431,-22.8858,702784,2516.46,4190.86,-5218.88
95,6.47064e+06,-2.72616e+06,912807,7.45146,-22.8463,702786,2509.83,4193.55,-5219.92
96,6.47315e+06,-2.72197e+06,907586,7.40861,-22.8068,702788,2503.2,4196.23,-5220.94
97,6.47565e+06,-2.71777e+06,902365,7.36575,-22.7673,702790,2496.57,4198.91,-5221.96
98,6.47814e+06,-2.71357e+06,897142,7.32289,-22.7279,702792,2489.94,4201.58,-5222.98
99,6.48063e+06,-2.70937e+06,891919,7.28002,-22.6884,702794,2483.3,4204.25,-5223.98
100,6.48311e+06,-2.70516e+06,886695,7.23715,-22.649,702797,2476.66,4206.92,-5224.99
101,6.48558e+06,-2.70095e+06,881469,7.19428,-22.6095,702799,2470.02,4209.58,-5225.98
102,6.48805e+06,-2.69674e+06,876243,7.1514,-22.5701,702801,2463.38,4212.24,-5226.97
103,6.49051e+06,-2.69253e+06,871015,7.10851,-22.5307,702803,2456.73,4214.9,-5227.96
104,6.49296e+06,-2.68831e+06,865787,7.06563,-22.4913,702805,2450.08,4217.55,-5228.94
105,6.49541e+06,-2.68409e+06,860557,7.02274,-22.4518,702807,2443.43,4220.2,-5229.91
106,6.49785e+06,-2.67987e+06,855327,6.97984,-22.4124,702810,2436.78,4222.85,-5230.88
107,6.50028e+06,-2.67565e+06,850095,6.93694,-22.3731,702812,2430.12,4225.49,-5231.84
108,6.50271e+06,-2.67142e+06,844863,6.89404,-22.3337,702814,2423.46,4228.13,-5232.79
109,6.50513e+06,-2.66719e+06,839630,6.85113,-22.2943,702816,2416.8,4230.76,-5233.74
110,6.50754e+06,-2.66296e+06,834396,6.80822,-22.2549,702819,2410.14,4233.39,-5234.69
111,6.50995e+06,-2.65872e+06,829161,6.76531,-22.2156,702821,2403.47,4236.02,-5235.62
112,6.51235e+06,-2.65449e+06,823924,6.72239,-22.1762,702824,2396.81,4238.64,-5236.56
113,6.51474e+06,-2.65025e+06,818687,6.67946,-22.1369,702826,2390.14,4241.26,-5237.48
114,6.51713e+06,-2.646e+06,813449,6.63654,-22.0975,702828,2383.47,4243.87,-5238.4
115,6.51951e+06,-2.64176e+06,808211,6.59361,-22.0582,702831,2376.79,4246.48,-5239.32
116,6.52188e+06,-2.63751e+06,802971,6.55067,-22.0189,702833,2370.11,4249.09,-5240.22
117,6.52425e+06,-2.63326e+06,797730,6.50774,-21.9796,702836,2363.44,4251.69,-5241.13
118,6.52661e+06,-2.62901e+06,792489,6.46479,-21.9403,702838,2356.76,4254.29,-5242.02
119,6.52896e+06,-2.62475e+06,787246,6.42185,-21.901,702841,2350.07,4256.89,-5242.91
120,6.53131e+06,-2.62049e+06,782003,6.3789,-21.8617,702843,2343.39,4259.48,-5243.8
121,6.53365e+06,-2.61623e+06,776759,6.33595,-21.8224,702846,2336.7,4262.07,-5244.67
122,6.53598e+06,-2.61197e+06,771513,6.29299,-21.7831,702848,2330.01,4264.65,-5245.55
123,6.53831e+06,-2.6077e+06,766267,6.25003,-21.7438,702851,2323.32,4267.24,-5246.41
124,6.54063e+06,-2.60344e+06,761021,6.20707,-21.7046,702853,2316.62,4269.81,-5247.27
125,6.54294e+06,-2.59916e+06,755773,6.1641,-21.6653,702856,2309.93,4272.39,-5248.13
126,6.54525e+06,-2.59489e+06,750524,6.12113,-21.6261,702859,2303.23,4274.95,-5248.98
127,6.54755e+06,-2.59061e+06,745275,6.07815,-21.5868,702861,2296.53,4277.52,-5249.82
128,6.54984e+06,-2.58634e+06,740025,6.03518,-21.5476,702864,2289.82,4280.08,-5250.66
129,6.55213e+06,-2.58205e+06,734774,5.99219,-21.5083,702867,2283.12,4282.64,-5251.49
130,6.55441e+06,-2.57777e+06,729522,5.94921,-21.4691,702869,2276.41,4285.19,-5252.32
131,6.55668e+06,-2.57348e+06,724269,5.90622,-21.4299,702872,2269.7,4287.74,-5253.13
132,6.55895e+06,-2.5692e+06,719015,5.86323,-21.3907,702875,2262.99,4290.29,-5253.95
133,6.56121e+06,-2.5649e+06,713761,5.82023,-21.3515,702878,2256.28,4292.83,-5254.76
134,6.56346e+06,-2.56061e+06,708506,5.77724,-21.3123,702881,2249.56,4295.37,-5255.56
135,6.56571e+06,-2.55631e+06,703250,5.73423,-21.2731,702883,2242.84,4297.91,-5256.35
136,6.56795e+06,-2.55201e+06,697993,5.69123,-21.2339,702886,2236.12,4300.44,-5257.14
137,6.57018e+06,-2.54771e+06,692736,5.64822,-21.1947,702889,2229.4,4302.97,-5257.93
138,6.57241e+06,-2.54341e+06,687477,5.60521,-21.1556,702892,2222.67,4305.49,-5258.7
139,6.57463e+06,-2.5391e+06,682218,5.5622,-21.1164,702895,2215.95,4308.01,-5259.48
140,6.57684e+06,-2.53479e+06,676958,5.51918,-21.0773,702898,2209.22,4310.52,-5260.24
141,6.57904e+06,-2.53048e+06,671698,5.47616,-21.0381,702901,2202.49,4313.04,-5261
142,6.58124e+06,-2.52617e+06,666436,5.43313,-20.999,702904,2195.75,4315.54,-5261.76
143,6.58344e+06,-2.52185e+06,661174,5.39011,-20.9598,702907,2189.02,4318.05,-5262.5
144,6.58562e+06,-2.51753e+06,655911,5.34708,-20.9207,702910,2182.28,4320.55,-5263.25
145,6.5878e+06,-2.51321e+06,650648,5.30404,-20.8816,702913,2175.54,4323.05,-5263.98
146,6.58997e+06,-2.50888e+06,645384,5.26101,-20.8424,702916,2168.8,4325.54,-5264.71
147,6.59214e+06,-2.50456e+06,640118,5.21797,-20.8033,702919,2162.06,4328.03,-5265.44
148,6.5943e+06,-2.50023e+06,634853,5.17493,-20.7642,702922,2155.31,4330.51,-5266.16
149,6.59645e+06,-2.4959e+06,629586,5.13188,-20.7251,702925,2148.57,4332.99,-5266.87
150,6.59859e+06,-2.49156e+06,624319,5.08883,-20.686,702928,2141.82,4335.47,-5267.58
151,6.60073e+06,-2.48723e+06,619051,5.04578,-20.6469,702932,2135.07,4337.94,-5268.28
152,6.60286e+06,-2.48289e+06,613782,5.00273,-20.6078,702935,2128.31,4340.41,-5268.97
153,6.60499e+06,-2.47854e+06,608513,4.95967,-20.5688,702938,2121.56,4342.88,-5269.66
154,6.60711e+06,-2.4742e+06,603243,4.91661,-20.5297,702941,2114.8,4345.34,-5270.34
155,6.60922e+06,-2.46985e+06,597972,4.87355,-20.4906,702944,2108.04,4347.8,-5271.02
156,6.61132e+06,-2.4655e+06,592701,4.83048,-20.4516,702948,2101.28,4350.25,-5271.69
157,6.61342e+06,-2.46115e+06,587429,4.78742,-20.4125,702951,2094.51,4352.7,-5272.36
158,6.61551e+06,-2.4568e+06,582156,4.74434,-20.3735,702954,2087.75,4355.15,-5273.01
159,6.6176e+06,-2.45244e+06,576883,4.70127,-20.3344,702958,2080.98,4357.59,-5273.67
160,6.61967e+06,-2.44808e+06,571609,4.6582,-20.2954,702961,2074.21,4360.03,-5274.31
161,6.62175e+06,-2.44372e+06,566334,4.61512,-20.2563,702964,2067.44,4362.46,-5274.96
162,6.62381e+06,-2.43936e+06,561059,4.57204,-20.2173,702968,2060.67,4364.89,-5275.59
163,6.62587e+06,-2.43499e+06,555783,4.52895,-20.1783,702971,2053.89,4367.32,-5276.22
164,6.62792e+06,-2.43062e+06,550507,4.48587,-20.1393,702975,2047.12,4369.74,-5276.84
165,6.62996e+06,-2.42625e+06,545229,4.44278,-20.1002,702978,2040.34,4372.16,-5277.46
166,6.632e+06,-2.42188e+06,539952,4.39969,-20.0612,702982,2033.56,4374.58,-5278.07
167,6.63403e+06,-2.4175e+06,534673,4.35659,-20.0222,702985,2026.77,4376.99,-5278.68
168,6.63605e+06,-2.41313e+06,529394,4.31349,-19.9832,702989,2019.99,4379.4,-5279.28
169,6.63807e+06,-2.40875e+06,524115,4.2704,-19.9442,702992,2013.2,4381.8,-5279.87
170,6.64008e+06,-2.40436e+06,518835,4.22729,-19.9052,702996,2006.41,4384.2,-5280.46
171,6.64208e+06,-2.39998e+06,513554,4.18419,-19.8663,702999,1999.62,4386.59,-5281.04
172,6.64408e+06,-2.39559e+06,508273,4.14109,-19.8273,703003,1992.83,4388.98,-5281.62
173,6.64607e+06,-2.3912e+06,502991,4.09798,-19.7883,703006,1986.04,4391.37,-5282.19
174,6.64805e+06,-2.38681e+06,497708,4.05487,-19.7493,703010,1979.24,4393.76,-5282.75
175,6.65002e+06,-2.38241e+06,492425,4.01175,-19.7104,703014,1972.44,4396.14,-5283.31
176,6.65199e+06,-2.37801e+06,487142,3.96864,-19.6714,703017,1965.64,4398.51,-5283.86
177,6.65396e+06,-2.37361e+06,481857,3.92552,-19.6325,703021,1958.84,4400.88,-5284.41
178,6.65591e+06,-2.36921e+06,476573,3.8824,-19.5935,703025,1952.04,4403.25,-5284.95
179,6.65786e+06,-2.36481e+06,471288,3.83928,-19.5546,703029,1945.23,4405.61,-5285.48
180,6.6598e+06,-2.3604e+06,466002,3.79616,-19.5156,703032,1938.43,4407.97,-5286.01
181,6.66174e+06,-2.35599e+06,460716,3.75303,-19.4767,703036,1931.62,4410.33,-5286.53
182,6.66367e+06,-2.35158e+06,455429,3.7099,-19.4377,703040,1924.81,4412.68,-5287.05
183,6.66559e+06,-2.34717e+06,450141,3.66677,-19.3988,703044,1917.99,4415.03,-5287.56
184,6.6675e+06,-2.34275e+06,444854,3.62364,-19.3599,703048,1911.18,4417.38,-5288.06
185,6.66941e+06,-2.33833e+06,439565,3.5805,-19.321,703052,1904.36,4419.72,-5288.56
186,6.67131e+06,-2.33391e+06,434276,3.53737,-19.282,703055,1897.55,4422.05,-5289.05
187,6.6732e+06,-2.32949e+06,428987,3.49423,-19.2431,703059,1890.73,4424.38,-5289.54
188,6.67509e+06,-2.32506e+06,423697,3.45109,-19.2042,703063,1883.91,4426.71,-5290.02
189,6.67697e+06,-2.32063e+06,418407,3.40795,-19.1653,703067,1877.08,4429.04,-5290.5
190,6.67885e+06,-2.3162e+06,413116,3.3648,-19.1264,703071,1870.26,4431.36,-5290.96
191,6.68071e+06,-2.31177e+06,407825,3.32166,-19.0875,703075,1863.43,4433.67,-5291.43
192,6.68257e+06,-2.30734e+06,402534,3.27851,-19.0486,703079,1856.6,4435.99,-5291.88
193,6.68443e+06,-2.3029e+06,397241,3.23536,-19.0097,703083,1849.77,4438.3,-5292.33
194,6.68627e+06,-2.29846e+06,391949,3.19221,-18.9708,703087,1842.94,4440.6,-5292.78
195,6.68811e+06,-2.29402e+06,386656,3.14905,-18.9319,703091,1836.11,4442.9,-5293.22
196,6.68994e+06,-2.28957e+06,381362,3.1059,-18.8931,703096,1829.27,4445.2,-5293.65
197,6.69177e+06,-2.28513e+06,376069,3.06274,-18.8542,703100,1822.44,4447.49,-5294.08
198,6.69359e+06,-2.28068e+06,370774,3.01958,-18.8153,703104,1815.6,4449.78,-5294.5
199,6.6954e+06,-2.27623e+06,365480,2.97642,-18.7764,703108,1808.76,4452.06,-5294.91
