0,4.85376e+06,-3.50018e+06,3.77748e+06,32.4186,-35.7964,704670,1630.97,6026.71,3478.71
1,4.85539e+06,-3.49415e+06,3.78095e+06,32.452,-35.7405,704675,1626.42,6030.38,3474.45
2,4.85701e+06,-3.48812e+06,3.78443e+06,32.4854,-35.6845,704681,1621.86,6034.05,3470.19
3,4.85863e+06,-3.48208e+06,3.78789e+06,32.5187,-35.6284,704687,1617.31,6037.71,3465.92
4,4.86025e+06,-3.47604e+06,3.79136e+06,32.552,-35.5723,704693,1612.75,6041.37,3461.65
5,4.86186e+06,-3.47e+06,3.79482e+06,32.5853,-35.5162,704699,1608.19,6045.02,3457.38
6,4.86346e+06,-3.46395e+06,3.79827e+06,32.6186,-35.46,704705,1603.64,6048.66,3453.1
7,4.86506e+06,-3.4579e+06,3.80172e+06,32.6518,-35.4038,704711,1599.08,6052.3,3448.82
8,4.86666e+06,-3.45185e+06,3.80517e+06,32.685,-35.3475,704717,1594.52,6055.93,3444.53
9,4.86825e+06,-3.44579e+06,3.80861e+06,32.7182,-35.2912,704723,1589.95,6059.56,3440.24
10,4.86984e+06,-3.43973e+06,3.81205e+06,32.7513,-35.2348,704729,1585.39,6063.18,3435.94
11,4.87142e+06,-3.43367e+06,3.81548e+06,32.7844,-35.1784,704735,1580.83,6066.79,3431.65
12,4.873e+06,-3.4276e+06,3.81891e+06,32.8175,-35.122,704741,1576.26,6070.4,3427.34
13,4.87458e+06,-3.42153e+06,3.82234e+06,32.8506,-35.0655,704747,1571.69,6074,3423.04
14,4.87615e+06,-3.41545e+06,3.82576e+06,32.8836,-35.0089,704753,1567.12,6077.6,3418.73
15,4.87771e+06,-3.40937e+06,3.82918e+06,32.9166,-34.9524,704759,1562.56,6081.19,3414.41
16,4.87927e+06,-3.40329e+06,3.83259e+06,32.9496,-34.8957,704765,1557.98,6084.77,3410.1
17,4.88083e+06,-3.3972e+06,3.836e+06,32.9825,-34.8391,704771,1553.41,6088.35,3405.77
18,4.88238e+06,-3.39111e+06,3.8394e+06,33.0154,-34.7823,704777,1548.84,6091.92,3401.45
19,4.88392e+06,-3.38502e+06,3.8428e+06,33.0483,-34.7256,704783,1544.27,6095.49,3397.12
20,4.88547e+06,-3.37892e+06,3.84619e+06,33.0811,-34.6688,704789,1539.69,6099.04,3392.79
21,4.887e+06,-3.37282e+06,3.84958e+06,33.114,-34.6119,704795,1535.11,6102.6,3388.45
22,4.88854e+06,-3.36671e+06,3.85297e+06,33.1468,-34.555,704801,1530.54,6106.14,3384.11
23,4.89006e+06,-3.36061e+06,3.85635e+06,33.1795,-34.4981,704807,1525.96,6109.68,3379.77
24,4.89159e+06,-3.35449e+06,3.85973e+06,33.2122,-34.4411,704813,1521.38,6113.22,3375.42
25,4.89311e+06,-3.34838e+06,3.8631e+06,33.2449,-34.384,704819,1516.79,6116.75,3371.07
26,4.89462e+06,-3.34226e+06,3.86647e+06,33.2776,-34.327,704825,1512.21,6120.27,3366.71
27,4.89613e+06,-3.33614e+06,3.86984e+06,33.3102,-34.2698,704831,1507.63,6123.78,3362.35
28,4.89764e+06,-3.33001e+06,3.8732e+06,33.3428,-34.2127,704837,1503.04,6127.29,3357.99
29,4.89914e+06,-3.32388e+06,3.87655e+06,33.3754,-34.1554,704843,1498.46,6130.8,3353.62
30,4.90063e+06,-3.31775e+06,3.8799e+06,33.408,-34.0982,704849,1493.87,6134.29,3349.25
31,4.90213e+06,-3.31162e+06,3.88325e+06,33.4405,-34.0409,704855,1489.28,6137.78,3344.87
32,4.90361e+06,-3.30548e+06,3.88659e+06,33.473,-33.9835,704860,1484.69,6141.27,3340.5
33,4.9051e+06,-3.29933e+06,3.88993e+06,33.5054,-33.9261,704866,1480.1,6144.75,3336.11
34,4.90657e+06,-3.29319e+06,3.89327e+06,33.5378,-33.8687,704872,1475.51,6148.22,3331.73
35,4.90805e+06,-3.28704e+06,3.8966e+06,33.5702,-33.8112,704878,1470.92,6151.68,3327.34
36,4.90951e+06,-3.28088e+06,3.89992e+06,33.6026,-33.7536,704884,1466.32,6155.14,3322.95
37,4.91098e+06,-3.27473e+06,3.90324e+06,33.6349,-33.6961,704890,1461.73,6158.6,3318.55
38,4.91244e+06,-3.26857e+06,3.90656e+06,33.6672,-33.6384,704896,1457.13,6162.04,3314.15
39,4.91389e+06,-3.2624e+06,3.90987e+06,33.6995,-33.5807,704902,1452.53,6165.49,3309.74
40,4.91534e+06,-3.25624e+06,3.91318e+06,33.7317,-33.523,704908,1447.93,6168.92,3305.33
41,4.91679e+06,-3.25006e+06,3.91648e+06,33.7639,-33.4652,704914,1443.33,6172.35,3300.92
42,4.91823e+06,-3.24389e+06,3.91978e+06,33.7961,-33.4074,704920,1438.73,6175.77,3296.51
43,4.91967e+06,-3.23771e+06,3.92307e+06,33.8283,-33.3496,704926,1434.13,6179.19,3292.09
44,4.9211e+06,-3.23153e+06,3.92636e+06,33.8604,-33.2917,704932,1429.53,6182.6,3287.66
45,4.92253e+06,-3.22535e+06,3.92965e+06,33.8925,-33.2337,704938,1424.92,6186,3283.24
46,4.92395e+06,-3.21916e+06,3.93293e+06,33.9245,-33.1757,704944,1420.32,6189.4,3278.81
47,4.92537e+06,-3.21297e+06,3.93621e+06,33.9565,-33.1177,704950,1415.71,6192.79,3274.37
48,4.92678e+06,-3.20677e+06,3.93948e+06,33.9885,-33.0596,704956,1411.1,6196.17,3269.93
49,4.92819e+06,-3.20058e+06,3.94275e+06,34.0205,-33.0014,704962,1406.5,6199.55,3265.49
50,4.92959e+06,-3.19438e+06,3.94601e+06,34.0524,-32.9432,704968,1401.89,6202.92,3261.05
51,4.93099e+06,-3.18817e+06,3.94927e+06,34.0843,-32.885,704974,1397.28,6206.29,3256.6
52,4.93239e+06,-3.18196e+06,3.95252e+06,34.1161,-32.8267,704980,1392.66,6209.65,3252.15
53,4.93378e+06,-3.17575e+06,3.95577e+06,34.148,-32.7684,704986,1388.05,6213,3247.69
54,4.93516e+06,-3.16954e+06,3.95902e+06,34.1798,-32.71,704992,1383.44,6216.35,3243.23
55,4.93654e+06,-3.16332e+06,3.96226e+06,34.2115,-32.6516,704998,1378.82,6219.69,3238.77
56,4.93792e+06,-3.1571e+06,3.9655e+06,34.2433,-32.5931,705004,1374.21,6223.03,3234.3
57,4.93929e+06,-3.15087e+06,3.96873e+06,34.275,-32.5346,705010,1369.59,6226.35,3229.83
58,4.94066e+06,-3.14464e+06,3.97196e+06,34.3066,-32.476,705016,1364.97,6229.68,3225.35
59,4.94202e+06,-3.13841e+06,3.97518e+06,34.3383,-32.4174,705022,1360.35,6232.99,3220.88
60,4.94338e+06,-3.13218e+06,3.9784e+06,34.3699,-32.3588,705028,1355.73,6236.3,3216.39
61,4.94473e+06,-3.12594e+06,3.98161e+06,34.4014,-32.3001,705034,1351.11,6239.6,3211.91
62,4.94608e+06,-3.1197e+06,3.98482e+06,34.433,-32.2413,705040,1346.49,6242.9,3207.42
63,4.94743e+06,-3.11346e+06,3.98803e+06,34.4645,-32.1825,705046,1341.87,6246.19,3202.93
64,4.94877e+06,-3.10721e+06,3.99123e+06,34.496,-32.1237,705052,1337.24,6249.48,3198.43
65,4.9501e+06,-3.10096e+06,3.99442e+06,34.5274,-32.0648,705058,1332.62,6252.75,3193.93
66,4.95143e+06,-3.0947e+06,3.99761e+06,34.5588,-32.0059,705064,1327.99,6256.03,3189.43
67,4.95276e+06,-3.08844e+06,4.0008e+06,34.5902,-31.9469,705070,1323.36,6259.29,3184.92
68,4.95408e+06,-3.08218e+06,4.00398e+06,34.6215,-31.8878,705076,1318.74,6262.55,3180.41
69,4.9554e+06,-3.07592e+06,4.00716e+06,34.6528,-31.8288,705082,1314.11,6265.8,3175.9
70,4.95671e+06,-3.06965e+06,4.01034e+06,34.6841,-31.7696,705088,1309.48,6269.05,3171.38
71,4.95801e+06,-3.06338e+06,4.01351e+06,34.7154,-31.7104,705094,1304.84,6272.29,3166.86
72,4.95932e+06,-3.05711e+06,4.01667e+06,34.7466,-31.6512,705099,1300.21,6275.52,3162.33
73,4.96061e+06,-3.05083e+06,4.01983e+06,34.7778,-31.592,705105,1295.58,6278.75,3157.8
74,4.96191e+06,-3.04455e+06,4.02299e+06,34.8089,-31.5326,705111,1290.95,6281.97,3153.27
75,4.9632e+06,-3.03827e+06,4.02614e+06,34.84,-31.4733,705117,1286.31,6285.18,3148.74
76,4.96448e+06,-3.03198e+06,4.02928e+06,34.8711,-31.4139,705123,1281.67,6288.39,3144.2
77,4.96576e+06,-3.02569e+06,4.03243e+06,34.9021,-31.3544,705129,1277.04,6291.59,3139.65
78,4.96703e+06,-3.0194e+06,4.03556e+06,34.9331,-31.2949,705135,1272.4,6294.79,3135.11
79,4.9683e+06,-3.0131e+06,4.0387e+06,34.9641,-31.2353,705141,1267.76,6297.98,3130.56
80,4.96957e+06,-3.0068e+06,4.04182e+06,34.9951,-31.1757,705147,1263.12,6301.16,3126.01
81,4.97083e+06,-3.0005e+06,4.04495e+06,35.026,-31.1161,705153,1258.48,6304.34,3121.45
82,4.97209e+06,-2.99419e+06,4.04807e+06,35.0569,-31.0564,705159,1253.84,6307.51,3116.89
83,4.97334e+06,-2.98788e+06,4.05118e+06,35.0877,-30.9966,705165,1249.2,6310.67,3112.32
84,4.97459e+06,-2.98157e+06,4.05429e+06,35.1185,-30.9368,705171,1244.55,6313.83,3107.76
85,4.97583e+06,-2.97525e+06,4.0574e+06,35.1493,-30.877,705177,1239.91,6316.98,3103.19
86,4.97706e+06,-2.96894e+06,4.0605e+06,35.18,-30.8171,705183,1235.26,6320.12,3098.61
87,4.9783e+06,-2.96261e+06,4.06359e+06,35.2107,-30.7571,705189,1230.62,6323.26,3094.04
88,4.97953e+06,-2.95629e+06,4.06669e+06,35.2414,-30.6971,705195,1225.97,6326.39,3089.45
89,4.98075e+06,-2.94996e+06,4.06977e+06,35.272,-30.6371,705201,1221.32,6329.52,3084.87
90,4.98197e+06,-2.94363e+06,4.07286e+06,35.3027,-30.577,705207,1216.67,6332.63,3080.28
91,4.98318e+06,-2.9373e+06,4.07593e+06,35.3332,-30.5169,705212,1212.02,6335.75,3075.69
92,4.98439e+06,-2.93096e+06,4.07901e+06,35.3638,-30.4567,705218,1207.37,6338.85,3071.09
93,4.9856e+06,-2.92462e+06,4.08208e+06,35.3943,-30.3965,705224,1202.72,6341.95,3066.5
94,4.9868e+06,-2.91828e+06,4.08514e+06,35.4247,-30.3362,705230,1198.07,6345.04,3061.89
95,4.98799e+06,-2.91193e+06,4.0882e+06,35.4552,-30.2758,705236,1193.41,6348.13,3057.29
96,4.98919e+06,-2.90558e+06,4.09125e+06,35.4856,-30.2155,705242,1188.76,6351.21,3052.68
97,4.99037e+06,-2.89923e+06,4.0943e+06,35.5159,-30.155,705248,1184.1,6354.29,3048.07
98,4.99155e+06,-2.89287e+06,4.09735e+06,35.5463,-30.0946,705254,1179.45,6357.35,3043.45
99,4.99273e+06,-2.88651e+06,4.10039e+06,35.5766,-30.034,705260,1174.79,6360.41,3038.83
100,4.9939e+06,-2.88015e+06,4.10343e+06,35.6068,-29.9735,705266,1170.13,6363.47,3034.21
101,4.99507e+06,-2.87378e+06,4.10646e+06,35.637,-29.9129,705272,1165.47,6366.52,3029.58
102,4.99623e+06,-2.86742e+06,4.10949e+06,35.6672,-29.8522,705278,1160.81,6369.56,3024.96
103,4.99739e+06,-2.86105e+06,4.11251e+06,35.6974,-29.7915,705283,1156.15,6372.59,3020.32
104,4.99855e+06,-2.85467e+06,4.11553e+06,35.7275,-29.7307,705289,1151.49,6375.62,3015.69
105,4.9997e+06,-2.84829e+06,4.11854e+06,35.7576,-29.6699,705295,1146.83,6378.64,3011.05
106,5.00084e+06,-2.84191e+06,4.12155e+06,35.7876,-29.609,705301,1142.17,6381.66,3006.4
107,5.00198e+06,-2.83553e+06,4.12455e+06,35.8177,-29.5481,705307,1137.5,6384.67,3001.76
108,5.00311e+06,-2.82914e+06,4.12755e+06,35.8476,-29.4871,705313,1132.84,6387.67,2997.11
109,5.00425e+06,-2.82276e+06,4.13055e+06,35.8776,-29.4261,705319,1128.17,6390.67,2992.45
110,5.00537e+06,-2.81636e+06,4.13354e+06,35.9075,-29.3651,705325,1123.51,6393.66,2987.8
111,5.00649e+06,-2.80997e+06,4.13652e+06,35.9374,-29.304,705331,1118.84,6396.64,2983.14
112,5.00761e+06,-2.80357e+06,4.1395e+06,35.9672,-29.2428,705336,1114.17,6399.62,2978.48
113,5.00872e+06,-2.79717e+06,4.14248e+06,35.997,-29.1816,705342,1109.5,6402.59,2973.81
114,5.00983e+06,-2.79076e+06,4.14545e+06,36.0268,-29.1203,705348,1104.83,6405.55,2969.14
115,5.01093e+06,-2.78436e+06,4.14842e+06,36.0565,-29.059,705354,1100.16,6408.51,2964.47
116,5.01203e+06,-2.77795e+06,4.15138e+06,36.0862,-28.9977,705360,1095.49,6411.46,2959.79
117,5.01312e+06,-2.77153e+06,4.15434e+06,36.1158,-28.9363,705366,1090.82,6414.4,2955.11
118,5.01421e+06,-2.76512e+06,4.15729e+06,36.1455,-28.8748,705372,1086.15,6417.34,2950.43
119,5.01529e+06,-2.7587e+06,4.16024e+06,36.1751,-28.8133,705378,1081.47,6420.27,2945.74
120,5.01637e+06,-2.75228e+06,4.16318e+06,36.2046,-28.7518,705383,1076.8,6423.2,2941.05
121,5.01745e+06,-2.74585e+06,4.16612e+06,36.2341,-28.6902,705389,1072.12,6426.12,2936.36
122,5.01852e+06,-2.73943e+06,4.16906e+06,36.2636,-28.6285,705395,1067.45,6429.03,2931.66
123,5.01958e+06,-2.733e+06,4.17198e+06,36.293,-28.5668,705401,1062.77,6431.93,2926.96
124,5.02064e+06,-2.72656e+06,4.17491e+06,36.3224,-28.5051,705407,1058.1,6434.83,2922.26
125,5.0217e+06,-2.72013e+06,4.17783e+06,36.3518,-28.4433,705413,1053.42,6437.73,2917.55
126,5.02275e+06,-2.71369e+06,4.18074e+06,36.3811,-28.3814,705419,1048.74,6440.61,2912.84
127,5.0238e+06,-2.70724e+06,4.18365e+06,36.4104,-28.3195,705424,1044.06,6443.49,2908.13
128,5.02484e+06,-2.7008e+06,4.18656e+06,36.4397,-28.2576,705430,1039.38,6446.36,2903.41
129,5.02587e+06,-2.69435e+06,4.18946e+06,36.4689,-28.1956,705436,1034.7,6449.23,2898.69
130,5.02691e+06,-2.6879e+06,4.19236e+06,36.4981,-28.1335,705442,1030.02,6452.09,2893.97
131,5.02793e+06,-2.68145e+06,4.19525e+06,36.5272,-28.0714,705448,1025.33,6454.94,2889.24
132,5.02896e+06,-2.67499e+06,4.19814e+06,36.5564,-28.0093,705454,1020.65,6457.79,2884.52
133,5.02998e+06,-2.66853e+06,4.20102e+06,36.5854,-27.9471,705459,1015.97,6460.63,2879.78
134,5.03099e+06,-2.66207e+06,4.2039e+06,36.6145,-27.8849,705465,1011.28,6463.46,2875.05
135,5.032e+06,-2.65561e+06,4.20677e+06,36.6435,-27.8226,705471,1006.6,6466.29,2870.31
136,5.033e+06,-2.64914e+06,4.20964e+06,36.6724,-27.7602,705477,1001.91,6469.11,2865.57
137,5.034e+06,-2.64267e+06,4.2125e+06,36.7014,-27.6978,705483,997.224,6471.92,2860.82
138,5.035e+06,-2.63619e+06,4.21536e+06,36.7302,-27.6354,705488,992.536,6474.73,2856.07
139,5.03599e+06,-2.62972e+06,4.21821e+06,36.7591,-27.5729,705494,987.848,6477.53,2851.32
140,5.03697e+06,-2.62324e+06,4.22106e+06,36.7879,-27.5104,705500,983.159,6480.33,2846.57
141,5.03795e+06,-2.61676e+06,4.22391e+06,36.8167,-27.4478,705506,978.47,6483.11,2841.81
142,5.03893e+06,-2.61027e+06,4.22674e+06,36.8454,-27.3851,705512,973.78,6485.9,2837.05
143,5.0399e+06,-2.60379e+06,4.22958e+06,36.8741,-27.3224,705517,969.089,6488.67,2832.28
144,5.04087e+06,-2.5973e+06,4.23241e+06,36.9028,-27.2597,705523,964.397,6491.44,2827.51
145,5.04183e+06,-2.5908e+06,4.23523e+06,36.9314,-27.1969,705529,959.705,6494.2,2822.74
146,5.04279e+06,-2.58431e+06,4.23805e+06,36.96,-27.134,705535,955.012,6496.95,2817.97
147,5.04374e+06,-2.57781e+06,4.24087e+06,36.9886,-27.0712,705540,950.319,6499.7,2813.19
148,5.04469e+06,-2.57131e+06,4.24368e+06,37.0171,-27.0082,705546,945.625,6502.44,2808.41
149,5.04563e+06,-2.5648e+06,4.24649e+06,37.0455,-26.9452,705552,940.93,6505.18,2803.63
150,5.04657e+06,-2.5583e+06,4.24929e+06,37.074,-26.8822,705558,936.234,6507.91,2798.84
151,5.0475e+06,-2.55179e+06,4.25208e+06,37.1024,-26.8191,705563,931.538,6510.63,2794.05
152,5.04843e+06,-2.54528e+06,4.25488e+06,37.1307,-26.7559,705569,926.842,6513.34,2789.26
153,5.04936e+06,-2.53876e+06,4.25766e+06,37.1591,-26.6927,705575,922.144,6516.05,2784.46
154,5.05028e+06,-2.53224e+06,4.26045e+06,37.1873,-26.6295,705581,917.446,6518.75,2779.66
155,5.05119e+06,-2.52572e+06,4.26322e+06,37.2156,-26.5662,705586,912.747,6521.45,2774.86
156,5.0521e+06,-2.5192e+06,4.266e+06,37.2438,-26.5029,705592,908.048,6524.14,2770.06
157,5.05301e+06,-2.51268e+06,4.26876e+06,37.272,-26.4395,705598,903.348,6526.82,2765.25
158,5.05391e+06,-2.50615e+06,4.27153e+06,37.3001,-26.376,705604,898.648,6529.5,2760.43
159,5.05481e+06,-2.49962e+06,4.27428e+06,37.3282,-26.3125,705609,893.947,6532.17,2755.62
160,5.0557e+06,-2.49308e+06,4.27704e+06,37.3562,-26.249,705615,889.245,6534.83,2750.8
161,5.05658e+06,-2.48655e+06,4.27979e+06,37.3842,-26.1854,705621,884.543,6537.48,2745.98
162,5.05747e+06,-2.48001e+06,4.28253e+06,37.4122,-26.1217,705626,879.84,6540.13,2741.16
163,5.05834e+06,-2.47347e+06,4.28527e+06,37.4401,-26.058,705632,875.136,6542.77,2736.33
164,5.05922e+06,-2.46692e+06,4.288e+06,37.468,-25.9943,705638,870.432,6545.41,2731.5
165,5.06008e+06,-2.46038e+06,4.29073e+06,37.4959,-25.9305,705643,865.728,6548.04,2726.67
166,5.06095e+06,-2.45383e+06,4.29345e+06,37.5237,-25.8667,705649,861.022,6550.66,2721.83
167,5.06181e+06,-2.44727e+06,4.29617e+06,37.5515,-25.8028,705655,856.317,6553.28,2716.99
168,5.06266e+06,-2.44072e+06,4.29889e+06,37.5792,-25.7388,705660,851.61,6555.89,2712.15
169,5.06351e+06,-2.43416e+06,4.3016e+06,37.6069,-25.6748,705666,846.903,6558.49,2707.3
170,5.06435e+06,-2.4276e+06,4.3043e+06,37.6346,-25.6108,705672,842.196,6561.09,2702.45
171,5.06519e+06,-2.42104e+06,4.307e+06,37.6622,-25.5467,705677,837.488,6563.67,2697.6
172,5.06603e+06,-2.41448e+06,4.3097e+06,37.6898,-25.4825,705683,832.779,6566.26,2692.75
173,5.06686e+06,-2.40791e+06,4.31239e+06,37.7173,-25.4183,705689,828.07,6568.83,2687.89
174,5.06769e+06,-2.40134e+06,4.31507e+06,37.7448,-25.3541,705694,823.36,6571.4,2683.03
175,5.06851e+06,-2.39476e+06,4.31775e+06,37.7723,-25.2898,705700,818.65,6573.97,2678.16
176,5.06932e+06,-2.38819e+06,4.32043e+06,37.7997,-25.2254,705706,813.939,6576.52,2673.3
177,5.07013e+06,-2.38161e+06,4.3231e+06,37.8271,-25.161,705711,809.228,6579.07,2668.43
178,5.07094e+06,-2.37503e+06,4.32577e+06,37.8544,-25.0966,705717,804.516,6581.61,2663.55
179,5.07174e+06,-2.36845e+06,4.32843e+06,37.8817,-25.0321,705723,799.804,6584.15,2658.68
180,5.07254e+06,-2.36186e+06,4.33108e+06,37.909,-24.9675,705728,795.091,6586.68,2653.8
181,5.07333e+06,-2.35528e+06,4.33374e+06,37.9362,-24.9029,705734,790.377,6589.2,2648.92
182,5.07412e+06,-2.34868e+06,4.33638e+06,37.9634,-24.8382,705739,785.663,6591.72,2644.03
183,5.0749e+06,-2.34209e+06,4.33902e+06,37.9905,-24.7735,705745,780.949,6594.23,2639.15
184,5.07568e+06,-2.3355e+06,4.34166e+06,38.0176,-24.7088,705751,776.234,6596.73,2634.25
185,5.07646e+06,-2.3289e+06,4.34429e+06,38.0447,-24.644,705756,771.519,6599.22,2629.36
186,5.07723e+06,-2.3223e+06,4.34692e+06,38.0717,-24.5791,705762,766.803,6601.71,2624.46
187,5.07799e+06,-2.31569e+06,4.34954e+06,38.0987,-24.5142,705767,762.086,6604.19,2619.57
188,5.07875e+06,-2.30909e+06,4.35216e+06,38.1256,-24.4493,705773,757.369,6606.67,2614.66
189,5.07951e+06,-2.30248e+06,4.35477e+06,38.1525,-24.3842,705778,752.652,6609.14,2609.76
190,5.08026e+06,-2.29587e+06,4.35738e+06,38.1794,-24.3192,705784,747.934,6611.6,2604.85
191,5.081e+06,-2.28926e+06,4.35998e+06,38.2062,-24.2541,705790,743.216,6614.06,2599.94
192,5.08174e+06,-2.28264e+06,4.36258e+06,38.233,-24.1889,705795,738.497,6616.51,2595.02
193,5.08248e+06,-2.27603e+06,4.36517e+06,38.2597,-24.1237,705801,733.778,6618.95,2590.11
194,5.08321e+06,-2.26941e+06,4.36776e+06,38.2864,-24.0584,705806,729.058,6621.38,2585.19
195,5.08394e+06,-2.26278e+06,4.37034e+06,38.3131,-23.9931,705812,724.338,6623.81,2580.26
196,5.08466e+06,-2.25616e+06,4.37292e+06,38.3397,-23.9278,705817,719.618,6626.23,2575.34
197,5.08538e+06,-2.24953e+06,4.37549e+06,38.3662,-23.8623,705823,714.896,6628.65,2570.41
198,5.08609e+06,-2.2429e+06,4.37806e+06,38.3928,-23.7969,705828,710.175,6631.06,2565.48
199,5.0868e+06,-2.23627e+06,4.38062e+06,38.4193,-23.7314,705834,705.453,6633.46,2560.54
