0,3.47717e+06,3.66881e+06,4.94997e+06,44.5729,46.5362,707179,-4616.94,5398.14,-755.946
1,3.47255e+06,3.67421e+06,4.94921e+06,44.5643,46.6163,707177,-4620.04,5394.71,-761.521
2,3.46793e+06,3.6796e+06,4.94845e+06,44.5556,46.6963,707175,-4623.13,5391.27,-767.096
3,3.46331e+06,3.68499e+06,4.94768e+06,44.5469,46.7763,707173,-4626.22,5387.83,-772.669
4,3.45868e+06,3.69038e+06,4.9469e+06,44.5381,46.8563,707171,-4629.3,5384.38,-778.242
5,3.45405e+06,3.69576e+06,4.94612e+06,44.5292,46.9363,707169,-4632.38,5380.93,-783.814
6,3.44941e+06,3.70114e+06,4.94533e+06,44.5203,47.0162,707167,-4635.46,5377.47,-789.385
7,3.44478e+06,3.70652e+06,4.94454e+06,44.5113,47.0961,707165,-4638.53,5374,-794.955
8,3.44014e+06,3.71189e+06,4.94374e+06,44.5023,47.176,707163,-4641.59,5370.53,-800.525
9,3.43549e+06,3.71726e+06,4.94294e+06,44.4932,47.2558,707161,-4644.65,5367.06,-806.093
10,3.43085e+06,3.72262e+06,4.94213e+06,44.484,47.3357,707159,-4647.71,5363.57,-811.661
11,3.4262e+06,3.72798e+06,4.94132e+06,44.4748,47.4155,707157,-4650.76,5360.09,-817.227
12,3.42155e+06,3.73334e+06,4.9405e+06,44.4655,47.4953,707155,-4653.81,5356.59,-822.793
13,3.41689e+06,3.7387e+06,4.93967e+06,44.4561,47.575,707153,-4656.85,5353.09,-828.357
14,3.41223e+06,3.74405e+06,4.93884e+06,44.4467,47.6547,707151,-4659.89,5349.59,-833.921
15,3.40757e+06,3.7494e+06,4.938e+06,44.4372,47.7344,707148,-4662.92,5346.08,-839.484
16,3.40291e+06,3.75474e+06,4.93716e+06,44.4277,47.8141,707146,-4665.95,5342.57,-845.046
17,3.39824e+06,3.76008e+06,4.93631e+06,44.4181,47.8938,707144,-4668.97,5339.05,-850.607
18,3.39357e+06,3.76542e+06,4.93546e+06,44.4084,47.9734,707142,-4671.99,5335.52,-856.167
19,3.3889e+06,3.77075e+06,4.9346e+06,44.3987,48.053,707140,-4675.01,5331.99,-861.726
20,3.38422e+06,3.77608e+06,4.93374e+06,44.3889,48.1325,707138,-4678.02,5328.45,-867.284
21,3.37954e+06,3.78141e+06,4.93287e+06,44.3791,48.2121,707135,-4681.02,5324.91,-872.841
22,3.37486e+06,3.78673e+06,4.93199e+06,44.3692,48.2916,707133,-4684.02,5321.36,-878.397
23,3.37017e+06,3.79205e+06,4.93111e+06,44.3592,48.371,707131,-4687.02,5317.81,-883.952
24,3.36548e+06,3.79737e+06,4.93022e+06,44.3492,48.4505,707129,-4690.01,5314.25,-889.507
25,3.36079e+06,3.80268e+06,4.92933e+06,44.3391,48.5299,707126,-4692.99,5310.68,-895.06
26,3.3561e+06,3.80799e+06,4.92843e+06,44.329,48.6093,707124,-4695.97,5307.11,-900.612
27,3.3514e+06,3.8133e+06,4.92753e+06,44.3187,48.6887,707122,-4698.95,5303.53,-906.163
28,3.3467e+06,3.8186e+06,4.92662e+06,44.3085,48.768,707120,-4701.92,5299.95,-911.713
29,3.342e+06,3.8239e+06,4.92571e+06,44.2981,48.8473,707117,-4704.89,5296.37,-917.262
30,3.33729e+06,3.82919e+06,4.92479e+06,44.2877,48.9266,707115,-4707.85,5292.77,-922.81
31,3.33258e+06,3.83448e+06,4.92386e+06,44.2773,49.0058,707113,-4710.81,5289.18,-928.357
32,3.32787e+06,3.83977e+06,4.92293e+06,44.2668,49.085,707110,-4713.76,5285.57,-933.903
33,3.32315e+06,3.84505e+06,4.92199e+06,44.2562,49.1642,707108,-4716.71,5281.96,-939.448
34,3.31843e+06,3.85033e+06,4.92105e+06,44.2456,49.2434,707105,-4719.65,5278.35,-944.992
35,3.31371e+06,3.85561e+06,4.9201e+06,44.2349,49.3225,707103,-4722.59,5274.73,-950.535
36,3.30899e+06,3.86088e+06,4.91915e+06,44.2241,49.4016,707101,-4725.52,5271.1,-956.077
37,3.30426e+06,3.86615e+06,4.91819e+06,44.2133,49.4807,707098,-4728.45,5267.47,-961.617
38,3.29953e+06,3.87142e+06,4.91723e+06,44.2024,49.5597,707096,-4731.38,5263.84,-967.157
39,3.2948e+06,3.87668e+06,4.91626e+06,44.1915,49.6387,707093,-4734.3,5260.2,-972.695
40,3.29006e+06,3.88194e+06,4.91528e+06,44.1805,49.7177,707091,-4737.21,5256.55,-978.233
41,3.28533e+06,3.88719e+06,4.9143e+06,44.1694,49.7966,707088,-4740.12,5252.9,-983.769
42,3.28058e+06,3.89244e+06,4.91331e+06,44.1583,49.8755,707086,-4743.02,5249.24,-989.304
43,3.27584e+06,3.89769e+06,4.91232e+06,44.1471,49.9544,707083,-4745.93,5245.58,-994.838
44,3.27109e+06,3.90293e+06,4.91132e+06,44.1359,50.0333,707081,-4748.82,5241.91,-1000.37
45,3.26634e+06,3.90817e+06,4.91032e+06,44.1246,50.1121,707078,-4751.71,5238.23,-1005.9
46,3.26159e+06,3.91341e+06,4.90931e+06,44.1132,50.1909,707076,-4754.6,5234.55,-1011.43
47,3.25683e+06,3.91864e+06,4.9083e+06,44.1018,50.2696,707073,-4757.48,5230.87,-1016.96
48,3.25207e+06,3.92387e+06,4.90728e+06,44.0903,50.3483,707071,-4760.36,5227.18,-1022.49
49,3.24731e+06,3.9291e+06,4.90625e+06,44.0788,50.427,707068,-4763.23,5223.48,-1028.02
50,3.24255e+06,3.93432e+06,4.90522e+06,44.0672,50.5057,707065,-4766.09,5219.78,-1033.55
51,3.23778e+06,3.93954e+06,4.90419e+06,44.0555,50.5843,707063,-4768.96,5216.07,-1039.07
52,3.23301e+06,3.94475e+06,4.90314e+06,44.0438,50.6629,707060,-4771.81,5212.36,-1044.59
53,3.22824e+06,3.94996e+06,4.9021e+06,44.032,50.7415,707058,-4774.67,5208.64,-1050.12
54,3.22346e+06,3.95517e+06,4.90104e+06,44.0202,50.82,707055,-4777.51,5204.92,-1055.64
55,3.21868e+06,3.96037e+06,4.89998e+06,44.0083,50.8985,707052,-4780.36,5201.19,-1061.16
56,3.2139e+06,3.96557e+06,4.89892e+06,43.9963,50.9769,707050,-4783.19,5197.46,-1066.68
57,3.20911e+06,3.97077e+06,4.89785e+06,43.9843,51.0554,707047,-4786.03,5193.72,-1072.2
58,3.20433e+06,3.97596e+06,4.89678e+06,43.9722,51.1338,707044,-4788.86,5189.97,-1077.71
59,3.19954e+06,3.98115e+06,4.8957e+06,43.9601,51.2121,707041,-4791.68,5186.22,-1083.23
60,3.19474e+06,3.98633e+06,4.89461e+06,43.9479,51.2905,707039,-4794.5,5182.47,-1088.74
61,3.18995e+06,3.99151e+06,4.89352e+06,43.9356,51.3687,707036,-4797.31,5178.71,-1094.25
62,3.18515e+06,3.99669e+06,4.89242e+06,43.9233,51.447,707033,-4800.12,5174.94,-1099.77
63,3.18035e+06,4.00186e+06,4.89132e+06,43.9109,51.5252,707030,-4802.93,5171.17,-1105.28
64,3.17554e+06,4.00703e+06,4.89021e+06,43.8985,51.6034,707028,-4805.73,5167.39,-1110.79
65,3.17074e+06,4.0122e+06,4.8891e+06,43.886,51.6816,707025,-4808.52,5163.61,-1116.29
66,3.16593e+06,4.01736e+06,4.88798e+06,43.8734,51.7597,707022,-4811.31,5159.82,-1121.8
67,3.16111e+06,4.02252e+06,4.88685e+06,43.8608,51.8378,707019,-4814.1,5156.03,-1127.31
68,3.1563e+06,4.02767e+06,4.88572e+06,43.8482,51.9158,707016,-4816.88,5152.23,-1132.81
69,3.15148e+06,4.03282e+06,4.88459e+06,43.8354,51.9939,707014,-4819.65,5148.42,-1138.31
70,3.14666e+06,4.03797e+06,4.88345e+06,43.8226,52.0719,707011,-4822.42,5144.62,-1143.82
71,3.14183e+06,4.04311e+06,4.8823e+06,43.8098,52.1498,707008,-4825.19,5140.8,-1149.32
72,3.13701e+06,4.04825e+06,4.88115e+06,43.7969,52.2277,707005,-4827.95,5136.98,-1154.82
73,3.13218e+06,4.05338e+06,4.87999e+06,43.7839,52.3056,707002,-4830.71,5133.16,-1160.31
74,3.12735e+06,4.05851e+06,4.87883e+06,43.7709,52.3834,706999,-4833.46,5129.33,-1165.81
75,3.12251e+06,4.06364e+06,4.87766e+06,43.7578,52.4612,706996,-4836.2,5125.49,-1171.31
76,3.11767e+06,4.06877e+06,4.87649e+06,43.7447,52.539,706993,-4838.95,5121.65,-1176.8
77,3.11283e+06,4.07389e+06,4.87531e+06,43.7315,52.6167,706990,-4841.68,5117.8,-1182.29
78,3.10799e+06,4.079e+06,4.87412e+06,43.7182,52.6944,706987,-4844.41,5113.95,-1187.78
79,3.10315e+06,4.08411e+06,4.87293e+06,43.7049,52.7721,706984,-4847.14,5110.09,-1193.27
80,3.0983e+06,4.08922e+06,4.87173e+06,43.6915,52.8497,706981,-4849.86,5106.23,-1198.76
81,3.09345e+06,4.09433e+06,4.87053e+06,43.6781,52.9273,706978,-4852.58,5102.36,-1204.25
82,3.08859e+06,4.09943e+06,4.86933e+06,43.6646,53.0049,706975,-4855.29,5098.49,-1209.74
83,3.08373e+06,4.10452e+06,4.86811e+06,43.651,53.0824,706972,-4858,5094.61,-1215.22
84,3.07888e+06,4.10962e+06,4.8669e+06,43.6374,53.1599,706969,-4860.7,5090.73,-1220.7
85,3.07401e+06,4.1147e+06,4.86567e+06,43.6237,53.2373,706966,-4863.4,5086.84,-1226.18
86,3.06915e+06,4.11979e+06,4.86444e+06,43.61,53.3147,706963,-4866.1,5082.94,-1231.67
87,3.06428e+06,4.12487e+06,4.86321e+06,43.5962,53.3921,706960,-4868.78,5079.04,-1237.14
88,3.05941e+06,4.12995e+06,4.86197e+06,43.5824,53.4694,706957,-4871.47,5075.14,-1242.62
89,3.05454e+06,4.13502e+06,4.86072e+06,43.5685,53.5467,706954,-4874.15,5071.23,-1248.1
90,3.04966e+06,4.14009e+06,4.85947e+06,43.5545,53.624,706951,-4876.82,5067.31,-1253.57
91,3.04478e+06,4.14515e+06,4.85822e+06,43.5405,53.7012,706948,-4879.49,5063.39,-1259.05
92,3.0399e+06,4.15022e+06,4.85695e+06,43.5264,53.7784,706945,-4882.15,5059.46,-1264.52
93,3.03502e+06,4.15527e+06,4.85569e+06,43.5123,53.8555,706941,-4884.81,5055.53,-1269.99
94,3.03013e+06,4.16033e+06,4.85441e+06,43.4981,53.9326,706938,-4887.46,5051.6,-1275.46
95,3.02525e+06,4.16538e+06,4.85314e+06,43.4838,54.0097,706935,-4890.11,5047.65,-1280.93
96,3.02035e+06,4.17042e+06,4.85185e+06,43.4695,54.0867,706932,-4892.76,5043.71,-1286.39
97,3.01546e+06,4.17546e+06,4.85056e+06,43.4552,54.1637,706929,-4895.4,5039.75,-1291.86
98,3.01056e+06,4.1805e+06,4.84927e+06,43.4408,54.2407,706925,-4898.03,5035.8,-1297.32
99,3.00566e+06,4.18554e+06,4.84797e+06,43.4263,54.3176,706922,-4900.66,5031.83,-1302.78
100,3.00076e+06,4.19057e+06,4.84666e+06,43.4117,54.3945,706919,-4903.29,5027.87,-1308.24
101,2.99586e+06,4.19559e+06,4.84535e+06,43.3972,54.4713,706916,-4905.91,5023.89,-1313.7
102,2.99095e+06,4.20061e+06,4.84404e+06,43.3825,54.5481,706912,-4908.52,5019.91,-1319.16
103,2.98604e+06,4.20563e+06,4.84271e+06,43.3678,54.6249,706909,-4911.13,5015.93,-1324.62
104,2.98113e+06,4.21065e+06,4.84139e+06,43.353,54.7016,706906,-4913.74,5011.94,-1330.07
105,2.97621e+06,4.21566e+06,4.84005e+06,43.3382,54.7783,706903,-4916.34,5007.95,-1335.52
106,2.9713e+06,4.22066e+06,4.83872e+06,43.3233,54.8549,706899,-4918.93,5003.95,-1340.98
107,2.96638e+06,4.22566e+06,4.83737e+06,43.3084,54.9315,706896,-4921.52,4999.94,-1346.43
108,2.96145e+06,4.23066e+06,4.83602e+06,43.2934,55.0081,706893,-4924.11,4995.93,-1351.87
109,2.95653e+06,4.23566e+06,4.83467e+06,43.2783,55.0846,706889,-4926.69,4991.92,-1357.32
110,2.9516e+06,4.24065e+06,4.83331e+06,43.2632,55.1611,706886,-4929.26,4987.9,-1362.77
111,2.94667e+06,4.24563e+06,4.83194e+06,43.2481,55.2375,706882,-4931.83,4983.87,-1368.21
112,2.94174e+06,4.25061e+06,4.83057e+06,43.2329,55.3139,706879,-4934.4,4979.84,-1373.65
113,2.9368e+06,4.25559e+06,4.8292e+06,43.2176,55.3903,706876,-4936.96,4975.8,-1379.09
114,2.93186e+06,4.26056e+06,4.82781e+06,43.2022,55.4666,706872,-4939.52,4971.76,-1384.53
115,2.92692e+06,4.26553e+06,4.82643e+06,43.1869,55.5429,706869,-4942.07,4967.71,-1389.97
116,2.92198e+06,4.2705e+06,4.82503e+06,43.1714,55.6191,706865,-4944.61,4963.66,-1395.41
117,2.91703e+06,4.27546e+06,4.82364e+06,43.1559,55.6953,706862,-4947.15,4959.61,-1400.84
118,2.91208e+06,4.28042e+06,4.82223e+06,43.1403,55.7715,706859,-4949.69,4955.54,-1406.28
119,2.90713e+06,4.28537e+06,4.82082e+06,43.1247,55.8476,706855,-4952.22,4951.48,-1411.71
120,2.90218e+06,4.29032e+06,4.81941e+06,43.1091,55.9237,706852,-4954.75,4947.4,-1417.14
121,2.89722e+06,4.29527e+06,4.81799e+06,43.0933,55.9997,706848,-4957.27,4943.33,-1422.57
122,2.89226e+06,4.30021e+06,4.81656e+06,43.0775,56.0757,706845,-4959.79,4939.24,-1427.99
123,2.8873e+06,4.30515e+06,4.81513e+06,43.0617,56.1517,706841,-4962.3,4935.16,-1433.42
124,2.88234e+06,4.31008e+06,4.8137e+06,43.0458,56.2276,706838,-4964.8,4931.06,-1438.84
125,2.87737e+06,4.31501e+06,4.81225e+06,43.0299,56.3035,706834,-4967.3,4926.96,-1444.26
126,2.8724e+06,4.31993e+06,4.81081e+06,43.0139,56.3793,706830,-4969.8,4922.86,-1449.68
127,2.86743e+06,4.32485e+06,4.80936e+06,42.9978,56.4551,706827,-4972.29,4918.75,-1455.1
128,2.86246e+06,4.32977e+06,4.8079e+06,42.9817,56.5309,706823,-4974.78,4914.64,-1460.52
129,2.85748e+06,4.33468e+06,4.80643e+06,42.9655,56.6066,706820,-4977.26,4910.52,-1465.93
130,2.85251e+06,4.33959e+06,4.80497e+06,42.9493,56.6822,706816,-4979.74,4906.4,-1471.35
131,2.84752e+06,4.3445e+06,4.80349e+06,42.933,56.7579,706812,-4982.21,4902.27,-1476.76
132,2.84254e+06,4.3494e+06,4.80201e+06,42.9166,56.8334,706809,-4984.68,4898.13,-1482.17
133,2.83756e+06,4.35429e+06,4.80053e+06,42.9002,56.909,706805,-4987.14,4893.99,-1487.58
134,2.83257e+06,4.35918e+06,4.79904e+06,42.8838,56.9845,706802,-4989.6,4889.85,-1492.99
135,2.82758e+06,4.36407e+06,4.79754e+06,42.8673,57.0599,706798,-4992.05,4885.7,-1498.39
136,2.82258e+06,4.36896e+06,4.79604e+06,42.8507,57.1353,706794,-4994.49,4881.55,-1503.8
137,2.81759e+06,4.37383e+06,4.79453e+06,42.8341,57.2107,706791,-4996.94,4877.39,-1509.2
138,2.81259e+06,4.37871e+06,4.79302e+06,42.8174,57.286,706787,-4999.37,4873.22,-1514.6
139,2.80759e+06,4.38358e+06,4.7915e+06,42.8007,57.3613,706783,-5001.8,4869.05,-1520
140,2.80259e+06,4.38845e+06,4.78998e+06,42.7839,57.4366,706779,-5004.23,4864.88,-1525.39
141,2.79758e+06,4.39331e+06,4.78845e+06,42.7671,57.5118,706776,-5006.65,4860.7,-1530.79
142,2.79257e+06,4.39817e+06,4.78692e+06,42.7502,57.5869,706772,-5009.07,4856.51,-1536.18
143,2.78756e+06,4.40302e+06,4.78538e+06,42.7332,57.662,706768,-5011.48,4852.32,-1541.57
144,2.78255e+06,4.40787e+06,4.78384e+06,42.7162,57.7371,706764,-5013.89,4848.13,-1546.96
145,2.77753e+06,4.41272e+06,4.78229e+06,42.6992,57.8121,706761,-5016.29,4843.92,-1552.35
146,2.77252e+06,4.41756e+06,4.78073e+06,42.682,57.8871,706757,-5018.69,4839.72,-1557.74
147,2.7675e+06,4.4224e+06,4.77917e+06,42.6649,57.9621,706753,-5021.08,4835.51,-1563.12
148,2.76247e+06,4.42723e+06,4.77761e+06,42.6477,58.0369,706749,-5023.47,4831.29,-1568.51
149,2.75745e+06,4.43206e+06,4.77604e+06,42.6304,58.1118,706745,-5025.85,4827.07,-1573.89
150,2.75242e+06,4.43689e+06,4.77446e+06,42.613,58.1866,706742,-5028.23,4822.85,-1579.27
151,2.74739e+06,4.44171e+06,4.77288e+06,42.5957,58.2614,706738,-5030.6,4818.62,-1584.65
152,2.74236e+06,4.44652e+06,4.77129e+06,42.5782,58.3361,706734,-5032.97,4814.38,-1590.02
153,2.73733e+06,4.45134e+06,4.7697e+06,42.5607,58.4108,706730,-5035.33,4810.14,-1595.4
154,2.73229e+06,4.45614e+06,4.7681e+06,42.5432,58.4854,706726,-5037.69,4805.89,-1600.77
155,2.72725e+06,4.46095e+06,4.7665e+06,42.5256,58.56,706722,-5040.04,4801.64,-1606.14
156,2.72221e+06,4.46575e+06,4.76489e+06,42.5079,58.6345,706718,-5042.38,4797.39,-1611.51
157,2.71717e+06,4.47054e+06,4.76327e+06,42.4902,58.709,706715,-5044.73,4793.12,-1616.87
158,2.71212e+06,4.47533e+06,4.76165e+06,42.4724,58.7835,706711,-5047.06,4788.86,-1622.24
159,2.70707e+06,4.48012e+06,4.76003e+06,42.4546,58.8579,706707,-5049.4,4784.59,-1627.6
160,2.70202e+06,4.4849e+06,4.7584e+06,42.4368,58.9323,706703,-5051.72,4780.31,-1632.96
161,2.69697e+06,4.48968e+06,4.75676e+06,42.4188,59.0066,706699,-5054.04,4776.03,-1638.32
162,2.69191e+06,4.49446e+06,4.75512e+06,42.4009,59.0809,706695,-5056.36,4771.74,-1643.68
163,2.68686e+06,4.49923e+06,4.75347e+06,42.3828,59.1551,706691,-5058.67,4767.45,-1649.04
164,2.6818e+06,4.50399e+06,4.75182e+06,42.3647,59.2293,706687,-5060.98,4763.16,-1654.39
165,2.67673e+06,4.50875e+06,4.75017e+06,42.3466,59.3034,706683,-5063.28,4758.86,-1659.74
166,2.67167e+06,4.51351e+06,4.7485e+06,42.3284,59.3775,706679,-5065.58,4754.55,-1665.1
167,2.6666e+06,4.51826e+06,4.74684e+06,42.3102,59.4516,706675,-5067.87,4750.24,-1670.44
168,2.66153e+06,4.52301e+06,4.74516e+06,42.2919,59.5256,706671,-5070.16,4745.92,-1675.79
169,2.65646e+06,4.52775e+06,4.74348e+06,42.2735,59.5996,706667,-5072.44,4741.6,-1681.14
170,2.65139e+06,4.53249e+06,4.7418e+06,42.2551,59.6735,706663,-5074.72,4737.28,-1686.48
171,2.64631e+06,4.53723e+06,4.74011e+06,42.2366,59.7473,706659,-5076.99,4732.94,-1691.82
172,2.64124e+06,4.54196e+06,4.73842e+06,42.2181,59.8212,706655,-5079.25,4728.61,-1697.16
173,2.63616e+06,4.54668e+06,4.73672e+06,42.1996,59.895,706650,-5081.51,4724.27,-1702.5
174,2.63107e+06,4.55141e+06,4.73501e+06,42.1809,59.9687,706646,-5083.77,4719.92,-1707.83
175,2.62599e+06,4.55612e+06,4.7333e+06,42.1623,60.0424,706642,-5086.02,4715.57,-1713.16
176,2.6209e+06,4.56084e+06,4.73159e+06,42.1435,60.116,706638,-5088.27,4711.22,-1718.5
177,2.61581e+06,4.56555e+06,4.72986e+06,42.1248,60.1896,706634,-5090.51,4706.85,-1723.83
178,2.61072e+06,4.57025e+06,4.72814e+06,42.1059,60.2632,706630,-5092.75,4702.49,-1729.15
179,2.60563e+06,4.57495e+06,4.72641e+06,42.0871,60.3367,706626,-5094.98,4698.12,-1734.48
180,2.60053e+06,4.57965e+06,4.72467e+06,42.0681,60.4101,706622,-5097.2,4693.74,-1739.8
181,2.59543e+06,4.58434e+06,4.72293e+06,42.0491,60.4836,706617,-5099.43,4689.36,-1745.12
182,2.59033e+06,4.58903e+06,4.72118e+06,42.0301,60.5569,706613,-5101.64,4684.98,-1750.44
183,2.58523e+06,4.59371e+06,4.71943e+06,42.011,60.6302,706609,-5103.85,4680.59,-1755.76
184,2.58012e+06,4.59839e+06,4.71767e+06,41.9919,60.7035,706605,-5106.06,4676.19,-1761.08
185,2.57502e+06,4.60306e+06,4.7159e+06,41.9727,60.7767,706601,-5108.26,4671.79,-1766.39
186,2.56991e+06,4.60773e+06,4.71413e+06,41.9534,60.8499,706596,-5110.45,4667.39,-1771.7
187,2.5648e+06,4.6124e+06,4.71236e+06,41.9341,60.9231,706592,-5112.65,4662.98,-1777.01
188,2.55968e+06,4.61706e+06,4.71058e+06,41.9148,60.9962,706588,-5114.83,4658.56,-1782.32
189,2.55457e+06,4.62171e+06,4.7088e+06,41.8954,61.0692,706584,-5117.01,4654.14,-1787.63
190,2.54945e+06,4.62637e+06,4.707e+06,41.8759,61.1422,706579,-5119.19,4649.72,-1792.93
191,2.54433e+06,4.63101e+06,4.70521e+06,41.8564,61.2151,706575,-5121.36,4645.29,-1798.23
192,2.5392e+06,4.63566e+06,4.70341e+06,41.8368,61.288,706571,-5123.52,4640.85,-1803.53
193,2.53408e+06,4.64029e+06,4.7016e+06,41.8172,61.3609,706567,-5125.68,4636.41,-1808.83
194,2.52895e+06,4.64493e+06,4.69979e+06,41.7976,61.4337,706562,-5127.84,4631.97,-1814.13
195,2.52382e+06,4.64956e+06,4.69797e+06,41.7778,61.5065,706558,-5129.99,4627.52,-1819.42
196,2.51869e+06,4.65418e+06,4.69615e+06,41.7581,61.5792,706554,-5132.13,4623.07,-1824.71
197,2.51356e+06,4.6588e+06,4.69432e+06,41.7383,61.6518,706549,-5134.27,4618.61,-1830
198,2.50842e+06,4.66342e+06,4.69249e+06,41.7184,61.7245,706545,-5136.41,4614.14,-1835.29
199,2.50329e+06,4.66803e+06,4.69065e+06,41.6985,61.797,706541,-5138.54,4609.68,-1840.57
