0,810198,-6.89206e+06,1.40322e+06,11.499,-83.2953,702671,4753.59,1602.74,5095.82
1,814952,-6.89045e+06,1.40831e+06,11.5413,-83.2548,702671,4752.92,1609.76,5094.23
2,819704,-6.88884e+06,1.4134e+06,11.5836,-83.2143,702670,4752.24,1616.78,5092.64
3,824456,-6.88722e+06,1.4185e+06,11.6259,-83.1737,702670,4751.55,1623.79,5091.04
4,829207,-6.88559e+06,1.42359e+06,11.6682,-83.1331,702670,4750.86,1630.81,5089.44
5,833958,-6.88395e+06,1.42868e+06,11.7105,-83.0926,702670,4750.17,1637.82,5087.83
6,838708,-6.88231e+06,1.43376e+06,11.7527,-83.052,702670,4749.48,1644.83,5086.22
7,843457,-6.88066e+06,1.43885e+06,11.795,-83.0113,702670,4748.77,1651.84,5084.6
8,848205,-6.87901e+06,1.44393e+06,11.8373,-82.9707,702670,4748.07,1658.84,5082.98
9,852953,-6.87735e+06,1.44901e+06,11.8795,-82.9301,702670,4747.36,1665.85,5081.35
10,857700,-6.87568e+06,1.45409e+06,11.9218,-82.8894,702670,4746.65,1672.85,5079.71
11,862446,-6.874e+06,1.45917e+06,11.964,-82.8488,702670,4745.93,1679.85,5078.07
12,867192,-6.87232e+06,1.46425e+06,12.0063,-82.8081,702670,4745.21,1686.85,5076.42
13,871937,-6.87063e+06,1.46933e+06,12.0485,-82.7674,702670,4744.48,1693.85,5074.77
14,876681,-6.86893e+06,1.4744e+06,12.0907,-82.7267,702671,4743.75,1700.84,5073.11
15,881424,-6.86723e+06,1.47947e+06,12.1329,-82.6859,702671,4743.01,1707.84,5071.44
16,886167,-6.86551e+06,1.48454e+06,12.1752,-82.6452,702671,4742.27,1714.83,5069.77
17,890909,-6.8638e+06,1.48961e+06,12.2174,-82.6045,702671,4741.53,1721.82,5068.1
18,895650,-6.86207e+06,1.49468e+06,12.2595,-82.5637,702671,4740.78,1728.81,5066.41
19,900390,-6.86034e+06,1.49974e+06,12.3017,-82.5229,702671,4740.03,1735.8,5064.73
20,905130,-6.8586e+06,1.50481e+06,12.3439,-82.4821,702672,4739.27,1742.78,5063.03
21,909869,-6.85685e+06,1.50987e+06,12.3861,-82.4413,702672,4738.51,1749.76,5061.33
22,914607,-6.8551e+06,1.51493e+06,12.4282,-82.4005,702672,4737.75,1756.75,5059.63
23,919344,-6.85334e+06,1.51999e+06,12.4704,-82.3596,702672,4736.98,1763.72,5057.92
24,924081,-6.85157e+06,1.52505e+06,12.5126,-82.3188,702673,4736.2,1770.7,5056.2
25,928817,-6.8498e+06,1.5301e+06,12.5547,-82.2779,702673,4735.43,1777.68,5054.48
26,933552,-6.84802e+06,1.53516e+06,12.5968,-82.237,702673,4734.64,1784.65,5052.75
27,938286,-6.84623e+06,1.54021e+06,12.6389,-82.1961,702674,4733.86,1791.62,5051.02
28,943019,-6.84443e+06,1.54526e+06,12.6811,-82.1552,702674,4733.07,1798.59,5049.28
29,947752,-6.84263e+06,1.55031e+06,12.7232,-82.1143,702675,4732.27,1805.56,5047.53
30,952484,-6.84082e+06,1.55535e+06,12.7653,-82.0734,702675,4731.47,1812.53,5045.78
31,957215,-6.83901e+06,1.5604e+06,12.8074,-82.0324,702675,4730.67,1819.49,5044.03
32,961945,-6.83718e+06,1.56544e+06,12.8495,-81.9914,702676,4729.86,1826.45,5042.26
33,966675,-6.83535e+06,1.57048e+06,12.8915,-81.9505,702676,4729.05,1833.42,5040.5
34,971403,-6.83352e+06,1.57552e+06,12.9336,-81.9095,702677,4728.23,1840.37,5038.72
35,976131,-6.83167e+06,1.58056e+06,12.9757,-81.8684,702677,4727.41,1847.33,5036.94
36,980858,-6.82982e+06,1.5856e+06,13.0177,-81.8274,702678,4726.59,1854.28,5035.16
37,985584,-6.82796e+06,1.59063e+06,13.0598,-81.7864,702678,4725.76,1861.24,5033.37
38,990310,-6.8261e+06,1.59566e+06,13.1018,-81.7453,702679,4724.92,1868.19,5031.57
39,995034,-6.82423e+06,1.60069e+06,13.1438,-81.7042,702680,4724.09,1875.14,5029.77
40,999758,-6.82235e+06,1.60572e+06,13.1859,-81.6631,702680,4723.24,1882.08,5027.96
41,1.00448e+06,-6.82046e+06,1.61075e+06,13.2279,-81.622,702681,4722.4,1889.03,5026.15
42,1.0092e+06,-6.81857e+06,1.61577e+06,13.2699,-81.5809,702681,4721.55,1895.97,5024.33
43,1.01392e+06,-6.81667e+06,1.6208e+06,13.3119,-81.5398,702682,4720.69,1902.91,5022.51
44,1.01864e+06,-6.81476e+06,1.62582e+06,13.3539,-81.4986,702683,4719.83,1909.85,5020.68
45,1.02336e+06,-6.81285e+06,1.63084e+06,13.3959,-81.4574,702683,4718.97,1916.79,5018.84
46,1.02808e+06,-6.81093e+06,1.63586e+06,13.4378,-81.4162,702684,4718.1,1923.72,5017
47,1.0328e+06,-6.809e+06,1.64087e+06,13.4798,-81.375,702685,4717.23,1930.66,5015.15
48,1.03752e+06,-6.80707e+06,1.64589e+06,13.5218,-81.3338,702686,4716.35,1937.59,5013.3
49,1.04223e+06,-6.80513e+06,1.6509e+06,13.5637,-81.2926,702686,4715.47,1944.52,5011.44
50,1.04695e+06,-6.80318e+06,1.65591e+06,13.6056,-81.2513,702687,4714.59,1951.44,5009.58
51,1.05166e+06,-6.80123e+06,1.66092e+06,13.6476,-81.2101,702688,4713.7,1958.37,5007.71
52,1.05637e+06,-6.79926e+06,1.66593e+06,13.6895,-81.1688,702689,4712.8,1965.29,5005.83
53,1.06109e+06,-6.7973e+06,1.67093e+06,13.7314,-81.1275,702690,4711.91,1972.21,5003.95
54,1.0658e+06,-6.79532e+06,1.67593e+06,13.7733,-81.0862,702690,4711,1979.13,5002.07
55,1.07051e+06,-6.79334e+06,1.68093e+06,13.8152,-81.0448,702691,4710.1,1986.04,5000.17
56,1.07522e+06,-6.79135e+06,1.68593e+06,13.8571,-81.0035,702692,4709.19,1992.96,4998.28
57,1.07993e+06,-6.78935e+06,1.69093e+06,13.899,-80.9621,702693,4708.27,1999.87,4996.37
58,1.08464e+06,-6.78735e+06,1.69593e+06,13.9409,-80.9208,702694,4707.35,2006.78,4994.46
59,1.08934e+06,-6.78534e+06,1.70092e+06,13.9827,-80.8794,702695,4706.43,2013.69,4992.55
60,1.09405e+06,-6.78332e+06,1.70591e+06,14.0246,-80.8379,702696,4705.5,2020.6,4990.63
61,1.09875e+06,-6.7813e+06,1.7109e+06,14.0664,-80.7965,702697,4704.57,2027.5,4988.7
62,1.10346e+06,-6.77927e+06,1.71589e+06,14.1083,-80.7551,702698,4703.64,2034.4,4986.77
63,1.10816e+06,-6.77723e+06,1.72087e+06,14.1501,-80.7136,702699,4702.7,2041.3,4984.83
64,1.11286e+06,-6.77518e+06,1.72586e+06,14.1919,-80.6721,702700,4701.75,2048.2,4982.89
65,1.11756e+06,-6.77313e+06,1.73084e+06,14.2337,-80.6306,702701,4700.8,2055.09,4980.94
66,1.12226e+06,-6.77107e+06,1.73582e+06,14.2755,-80.5891,702702,4699.85,2061.99,4978.99
67,1.12696e+06,-6.76901e+06,1.7408e+06,14.3173,-80.5476,702703,4698.89,2068.88,4977.03
68,1.13166e+06,-6.76693e+06,1.74577e+06,14.3591,-80.506,702704,4697.93,2075.77,4975.06
69,1.13636e+06,-6.76486e+06,1.75075e+06,14.4009,-80.4645,702705,4696.96,2082.65,4973.09
70,1.14106e+06,-6.76277e+06,1.75572e+06,14.4427,-80.4229,702707,4695.99,2089.54,4971.12
71,1.14575e+06,-6.76068e+06,1.76069e+06,14.4844,-80.3813,702708,4695.02,2096.42,4969.13
72,1.15045e+06,-6.75858e+06,1.76566e+06,14.5262,-80.3397,702709,4694.04,2103.3,4967.15
73,1.15514e+06,-6.75647e+06,1.77063e+06,14.5679,-80.2981,702710,4693.06,2110.18,4965.15
74,1.15983e+06,-6.75436e+06,1.77559e+06,14.6097,-80.2564,702711,4692.07,2117.05,4963.15
75,1.16452e+06,-6.75224e+06,1.78055e+06,14.6514,-80.2147,702713,4691.08,2123.93,4961.15
76,1.16921e+06,-6.75011e+06,1.78551e+06,14.6931,-80.1731,702714,4690.08,2130.8,4959.14
77,1.1739e+06,-6.74797e+06,1.79047e+06,14.7348,-80.1314,702715,4689.08,2137.67,4957.12
78,1.17859e+06,-6.74583e+06,1.79543e+06,14.7765,-80.0896,702716,4688.08,2144.53,4955.1
79,1.18328e+06,-6.74369e+06,1.80038e+06,14.8182,-80.0479,702718,4687.07,2151.4,4953.08
80,1.18797e+06,-6.74153e+06,1.80533e+06,14.8598,-80.0062,702719,4686.06,2158.26,4951.04
81,1.19265e+06,-6.73937e+06,1.81028e+06,14.9015,-79.9644,702720,4685.04,2165.12,4949
82,1.19734e+06,-6.7372e+06,1.81523e+06,14.9432,-79.9226,702722,4684.02,2171.98,4946.96
83,1.20202e+06,-6.73502e+06,1.82018e+06,14.9848,-79.8808,702723,4683,2178.83,4944.91
84,1.2067e+06,-6.73284e+06,1.82512e+06,15.0265,-79.839,702724,4681.97,2185.68,4942.86
85,1.21138e+06,-6.73065e+06,1.83006e+06,15.0681,-79.7971,702726,4680.93,2192.53,4940.8
86,1.21606e+06,-6.72846e+06,1.835e+06,15.1097,-79.7553,702727,4679.9,2199.38,4938.73
87,1.22074e+06,-6.72625e+06,1.83994e+06,15.1513,-79.7134,702729,4678.85,2206.23,4936.66
88,1.22542e+06,-6.72404e+06,1.84487e+06,15.1929,-79.6715,702730,4677.81,2213.07,4934.58
89,1.2301e+06,-6.72183e+06,1.84981e+06,15.2345,-79.6296,702732,4676.76,2219.91,4932.5
90,1.23478e+06,-6.7196e+06,1.85474e+06,15.2761,-79.5876,702733,4675.7,2226.75,4930.41
91,1.23945e+06,-6.71737e+06,1.85967e+06,15.3177,-79.5457,702735,4674.64,2233.59,4928.32
92,1.24413e+06,-6.71514e+06,1.8646e+06,15.3592,-79.5037,702736,4673.58,2240.42,4926.22
93,1.2488e+06,-6.71289e+06,1.86952e+06,15.4008,-79.4617,702738,4672.51,2247.26,4924.11
94,1.25347e+06,-6.71064e+06,1.87444e+06,15.4423,-79.4197,702739,4671.44,2254.09,4922
95,1.25814e+06,-6.70839e+06,1.87937e+06,15.4839,-79.3777,702741,4670.36,2260.91,4919.89
96,1.26281e+06,-6.70612e+06,1.88428e+06,15.5254,-79.3357,702742,4669.28,2267.74,4917.77
97,1.26748e+06,-6.70385e+06,1.8892e+06,15.5669,-79.2936,702744,4668.2,2274.56,4915.64
98,1.27215e+06,-6.70157e+06,1.89412e+06,15.6084,-79.2515,702746,4667.11,2281.38,4913.51
99,1.27681e+06,-6.69929e+06,1.89903e+06,15.6499,-79.2094,702747,4666.02,2288.2,4911.37
100,1.28148e+06,-6.697e+06,1.90394e+06,15.6914,-79.1673,702749,4664.92,2295.01,4909.22
101,1.28614e+06,-6.6947e+06,1.90885e+06,15.7329,-79.1252,702750,4663.82,2301.83,4907.07
102,1.29081e+06,-6.69239e+06,1.91375e+06,15.7743,-79.083,702752,4662.71,2308.64,4904.92
103,1.29547e+06,-6.69008e+06,1.91866e+06,15.8158,-79.0409,702754,4661.6,2315.45,4902.76
104,1.30013e+06,-6.68776e+06,1.92356e+06,15.8572,-78.9987,702756,4660.49,2322.25,4900.59
105,1.30479e+06,-6.68544e+06,1.92846e+06,15.8987,-78.9565,702757,4659.37,2329.06,4898.42
106,1.30945e+06,-6.6831e+06,1.93335e+06,15.9401,-78.9142,702759,4658.25,2335.86,4896.25
107,1.31411e+06,-6.68076e+06,1.93825e+06,15.9815,-78.872,702761,4657.12,2342.66,4894.06
108,1.31876e+06,-6.67842e+06,1.94314e+06,16.0229,-78.8297,702763,4655.99,2349.45,4891.88
109,1.32342e+06,-6.67606e+06,1.94803e+06,16.0643,-78.7874,702765,4654.85,2356.24,4889.68
110,1.32807e+06,-6.67371e+06,1.95292e+06,16.1057,-78.7451,702766,4653.71,2363.04,4887.48
111,1.33273e+06,-6.67134e+06,1.95781e+06,16.1471,-78.7028,702768,4652.57,2369.82,4885.28
112,1.33738e+06,-6.66897e+06,1.96269e+06,16.1884,-78.6605,702770,4651.42,2376.61,4883.07
113,1.34203e+06,-6.66659e+06,1.96757e+06,16.2298,-78.6181,702772,4650.27,2383.39,4880.85
114,1.34668e+06,-6.6642e+06,1.97245e+06,16.2711,-78.5757,702774,4649.11,2390.18,4878.63
115,1.35133e+06,-6.66181e+06,1.97733e+06,16.3125,-78.5333,702776,4647.95,2396.95,4876.41
116,1.35597e+06,-6.6594e+06,1.98221e+06,16.3538,-78.4909,702778,4646.79,2403.73,4874.17
117,1.36062e+06,-6.657e+06,1.98708e+06,16.3951,-78.4484,702780,4645.62,2410.5,4871.94
118,1.36527e+06,-6.65458e+06,1.99195e+06,16.4364,-78.406,702782,4644.45,2417.27,4869.69
119,1.36991e+06,-6.65216e+06,1.99682e+06,16.4777,-78.3635,702784,4643.27,2424.04,4867.45
120,1.37455e+06,-6.64974e+06,2.00169e+06,16.519,-78.321,702786,4642.09,2430.81,4865.19
121,1.37919e+06,-6.6473e+06,2.00655e+06,16.5602,-78.2785,702788,4640.9,2437.57,4862.93
122,1.38383e+06,-6.64486e+06,2.01141e+06,16.6015,-78.2359,702790,4639.71,2444.33,4860.67
123,1.38847e+06,-6.64241e+06,2.01627e+06,16.6428,-78.1934,702792,4638.52,2451.09,4858.4
124,1.39311e+06,-6.63996e+06,2.02113e+06,16.684,-78.1508,702794,4637.32,2457.85,4856.12
125,1.39775e+06,-6.6375e+06,2.02598e+06,16.7252,-78.1082,702796,4636.12,2464.6,4853.84
126,1.40238e+06,-6.63503e+06,2.03084e+06,16.7664,-78.0656,702798,4634.91,2471.35,4851.55
127,1.40702e+06,-6.63255e+06,2.03569e+06,16.8076,-78.0229,702800,4633.7,2478.1,4849.26
128,1.41165e+06,-6.63007e+06,2.04054e+06,16.8488,-77.9803,702802,4632.48,2484.84,4846.96
129,1.41628e+06,-6.62758e+06,2.04538e+06,16.89,-77.9376,702804,4631.26,2491.59,4844.66
130,1.42091e+06,-6.62509e+06,2.05022e+06,16.9312,-77.8949,702806,4630.04,2498.33,4842.35
131,1.42554e+06,-6.62259e+06,2.05507e+06,16.9724,-77.8522,702808,4628.81,2505.07,4840.04
132,1.43017e+06,-6.62008e+06,2.0599e+06,17.0135,-77.8094,702811,4627.58,2511.8,4837.72
133,1.4348e+06,-6.61756e+06,2.06474e+06,17.0547,-77.7667,702813,4626.34,2518.53,4835.39
134,1.43942e+06,-6.61504e+06,2.06958e+06,17.0958,-77.7239,702815,4625.1,2525.26,4833.06
135,1.44405e+06,-6.61251e+06,2.07441e+06,17.1369,-77.6811,702817,4623.86,2531.99,4830.73
136,1.44867e+06,-6.60998e+06,2.07924e+06,17.178,-77.6383,702820,4622.61,2538.71,4828.38
137,1.45329e+06,-6.60744e+06,2.08406e+06,17.2191,-77.5954,702822,4621.36,2545.44,4826.04
138,1.45791e+06,-6.60489e+06,2.08889e+06,17.2602,-77.5526,702824,4620.1,2552.15,4823.69
139,1.46253e+06,-6.60233e+06,2.09371e+06,17.3013,-77.5097,702826,4618.84,2558.87,4821.33
140,1.46715e+06,-6.59977e+06,2.09853e+06,17.3423,-77.4668,702829,4617.57,2565.58,4818.96
141,1.47177e+06,-6.5972e+06,2.10335e+06,17.3834,-77.4238,702831,4616.3,2572.3,4816.6
142,1.47638e+06,-6.59463e+06,2.10816e+06,17.4244,-77.3809,702833,4615.03,2579,4814.22
143,1.481e+06,-6.59204e+06,2.11298e+06,17.4655,-77.3379,702836,4613.75,2585.71,4811.84
144,1.48561e+06,-6.58945e+06,2.11779e+06,17.5065,-77.2949,702838,4612.47,2592.41,4809.46
145,1.49022e+06,-6.58686e+06,2.1226e+06,17.5475,-77.2519,702841,4611.18,2599.11,4807.07
146,1.49483e+06,-6.58426e+06,2.1274e+06,17.5885,-77.2089,702843,4609.89,2605.81,4804.67
147,1.49944e+06,-6.58165e+06,2.13221e+06,17.6295,-77.1658,702845,4608.6,2612.51,4802.27
148,1.50405e+06,-6.57903e+06,2.13701e+06,17.6705,-77.1227,702848,4607.3,2619.2,4799.86
149,1.50866e+06,-6.57641e+06,2.14181e+06,17.7114,-77.0796,702850,4605.99,2625.89,4797.45
150,1.51326e+06,-6.57378e+06,2.1466e+06,17.7524,-77.0365,702853,4604.69,2632.57,4795.03
151,1.51787e+06,-6.57114e+06,2.1514e+06,17.7933,-76.9934,702855,4603.37,2639.26,4792.61
152,1.52247e+06,-6.5685e+06,2.15619e+06,17.8342,-76.9502,702858,4602.06,2645.94,4790.18
153,1.52707e+06,-6.56585e+06,2.16098e+06,17.8752,-76.907,702860,4600.74,2652.62,4787.75
154,1.53167e+06,-6.5632e+06,2.16576e+06,17.9161,-76.8638,702863,4599.41,2659.29,4785.31
155,1.53627e+06,-6.56053e+06,2.17055e+06,17.9569,-76.8206,702865,4598.09,2665.96,4782.87
156,1.54087e+06,-6.55786e+06,2.17533e+06,17.9978,-76.7774,702868,4596.75,2672.63,4780.42
157,1.54546e+06,-6.55519e+06,2.18011e+06,18.0387,-76.7341,702871,4595.42,2679.3,4777.96
158,1.55006e+06,-6.5525e+06,2.18488e+06,18.0796,-76.6908,702873,4594.08,2685.97,4775.5
159,1.55465e+06,-6.54982e+06,2.18966e+06,18.1204,-76.6475,702876,4592.73,2692.63,4773.04
160,1.55924e+06,-6.54712e+06,2.19443e+06,18.1612,-76.6041,702878,4591.38,2699.29,4770.56
161,1.56383e+06,-6.54442e+06,2.1992e+06,18.2021,-76.5608,702881,4590.03,2705.94,4768.09
162,1.56842e+06,-6.54171e+06,2.20397e+06,18.2429,-76.5174,702884,4588.67,2712.59,4765.61
163,1.57301e+06,-6.53899e+06,2.20873e+06,18.2837,-76.474,702886,4587.31,2719.25,4763.12
164,1.5776e+06,-6.53627e+06,2.21349e+06,18.3245,-76.4306,702889,4585.94,2725.89,4760.63
165,1.58218e+06,-6.53354e+06,2.21825e+06,18.3652,-76.3871,702892,4584.57,2732.54,4758.13
166,1.58677e+06,-6.5308e+06,2.22301e+06,18.406,-76.3437,702894,4583.2,2739.18,4755.62
167,1.59135e+06,-6.52806e+06,2.22776e+06,18.4467,-76.3002,702897,4581.82,2745.82,4753.12
168,1.59593e+06,-6.52531e+06,2.23252e+06,18.4875,-76.2566,702900,4580.44,2752.45,4750.6
169,1.60051e+06,-6.52256e+06,2.23726e+06,18.5282,-76.2131,702903,4579.05,2759.09,4748.08
170,1.60509e+06,-6.51979e+06,2.24201e+06,18.5689,-76.1696,702905,4577.66,2765.72,4745.56
171,1.60967e+06,-6.51702e+06,2.24676e+06,18.6096,-76.126,702908,4576.27,2772.34,4743.03
172,1.61424e+06,-6.51425e+06,2.2515e+06,18.6503,-76.0824,702911,4574.87,2778.97,4740.49
173,1.61882e+06,-6.51147e+06,2.25624e+06,18.691,-76.0387,702914,4573.46,2785.59,4737.95
174,1.62339e+06,-6.50868e+06,2.26097e+06,18.7317,-75.9951,702917,4572.06,2792.21,4735.4
175,1.62796e+06,-6.50588e+06,2.26571e+06,18.7723,-75.9514,702920,4570.64,2798.82,4732.85
176,1.63253e+06,-6.50308e+06,2.27044e+06,18.8129,-75.9077,702922,4569.23,2805.44,4730.29
177,1.6371e+06,-6.50027e+06,2.27517e+06,18.8536,-75.864,702925,4567.81,2812.05,4727.73
178,1.64167e+06,-6.49746e+06,2.27989e+06,18.8942,-75.8203,702928,4566.38,2818.65,4725.16
179,1.64623e+06,-6.49463e+06,2.28462e+06,18.9348,-75.7765,702931,4564.96,2825.26,4722.59
180,1.6508e+06,-6.49181e+06,2.28934e+06,18.9754,-75.7327,702934,4563.52,2831.86,4720.01
181,1.65536e+06,-6.48897e+06,2.29406e+06,19.016,-75.6889,702937,4562.09,2838.46,4717.43
182,1.65992e+06,-6.48613e+06,2.29877e+06,19.0565,-75.6451,702940,4560.65,2845.05,4714.84
183,1.66448e+06,-6.48328e+06,2.30349e+06,19.0971,-75.6012,702943,4559.2,2851.64,4712.25
184,1.66904e+06,-6.48043e+06,2.3082e+06,19.1376,-75.5573,702946,4557.75,2858.23,4709.65
185,1.6736e+06,-6.47756e+06,2.31291e+06,19.1781,-75.5134,702949,4556.3,2864.82,4707.04
186,1.67815e+06,-6.4747e+06,2.31761e+06,19.2187,-75.4695,702952,4554.84,2871.4,4704.43
187,1.6827e+06,-6.47182e+06,2.32232e+06,19.2592,-75.4255,702955,4553.38,2877.98,4701.82
188,1.68726e+06,-6.46894e+06,2.32702e+06,19.2997,-75.3815,702958,4551.92,2884.56,4699.2
189,1.69181e+06,-6.46605e+06,2.33171e+06,19.3401,-75.3375,702961,4550.45,2891.13,4696.57
190,1.69636e+06,-6.46316e+06,2.33641e+06,19.3806,-75.2935,702964,4548.97,2897.7,4693.94
191,1.70091e+06,-6.46026e+06,2.3411e+06,19.421,-75.2495,702967,4547.5,2904.27,4691.3
192,1.70545e+06,-6.45735e+06,2.34579e+06,19.4615,-75.2054,702970,4546.01,2910.84,4688.66
193,1.71e+06,-6.45444e+06,2.35048e+06,19.5019,-75.1613,702973,4544.53,2917.4,4686.01
194,1.71454e+06,-6.45151e+06,2.35516e+06,19.5423,-75.1172,702977,4543.04,2923.96,4683.36
195,1.71908e+06,-6.44859e+06,2.35985e+06,19.5827,-75.073,702980,4541.54,2930.51,4680.7
196,1.72363e+06,-6.44565e+06,2.36453e+06,19.6231,-75.0289,702983,4540.04,2937.06,4678.04
197,1.72816e+06,-6.44271e+06,2.3692e+06,19.6635,-74.9847,702986,4538.54,2943.61,4675.37
198,1.7327e+06,-6.43977e+06,2.37388e+06,19.7038,-74.9405,702989,4537.03,2950.16,4672.7
199,1.73724e+06,-6.43681e+06,2.37855e+06,19.7442,-74.8962,702992,4535.52,2956.7,4670.02
