0,5.04523e+06,310823,4.94996e+06,44.5728,3.52538,707177,-1175.03,7005.38,755.96
1,5.04405e+06,317828,4.95072e+06,44.5814,3.60547,707179,-1179.65,7005.2,750.383
2,5.04287e+06,324833,4.95146e+06,44.5899,3.68558,707181,-1184.26,7005.01,744.806
3,5.04168e+06,331838,4.95221e+06,44.5983,3.76571,707183,-1188.88,7004.82,739.228
4,5.04049e+06,338843,4.95294e+06,44.6067,3.84587,707185,-1193.5,7004.62,733.65
5,5.0393e+06,345847,4.95367e+06,44.615,3.92606,707186,-1198.11,7004.41,728.07
6,5.0381e+06,352851,4.9544e+06,44.6232,4.00626,707188,-1202.72,7004.19,722.49
7,5.03689e+06,359856,4.95512e+06,44.6314,4.0865,707190,-1207.33,7003.97,716.908
8,5.03568e+06,366859,4.95583e+06,44.6395,4.16675,707192,-1211.94,7003.74,711.326
9,5.03447e+06,373863,4.95654e+06,44.6475,4.24703,707194,-1216.55,7003.51,705.744
10,5.03325e+06,380866,4.95724e+06,44.6555,4.32733,707196,-1221.16,7003.26,700.16
11,5.03202e+06,387870,4.95794e+06,44.6635,4.40766,707197,-1225.77,7003.01,694.576
12,5.0308e+06,394872,4.95863e+06,44.6713,4.488,707199,-1230.37,7002.75,688.99
13,5.02956e+06,401875,4.95932e+06,44.6791,4.56837,707201,-1234.97,7002.49,683.404
14,5.02833e+06,408877,4.96e+06,44.6869,4.64877,707203,-1239.57,7002.21,677.818
15,5.02708e+06,415879,4.96068e+06,44.6945,4.72918,707205,-1244.18,7001.93,672.23
16,5.02584e+06,422881,4.96135e+06,44.7021,4.80962,707206,-1248.77,7001.65,666.642
17,5.02459e+06,429883,4.96201e+06,44.7097,4.89008,707208,-1253.37,7001.35,661.053
18,5.02333e+06,436884,4.96267e+06,44.7172,4.97056,707210,-1257.97,7001.05,655.463
19,5.02207e+06,443885,4.96332e+06,44.7246,5.05107,707211,-1262.56,7000.74,649.873
20,5.02081e+06,450885,4.96397e+06,44.732,5.13159,707213,-1267.16,7000.43,644.282
21,5.01954e+06,457886,4.96461e+06,44.7393,5.21214,707215,-1271.75,7000.1,638.69
22,5.01826e+06,464886,4.96524e+06,44.7465,5.2927,707216,-1276.34,6999.77,633.097
23,5.01698e+06,471885,4.96587e+06,44.7537,5.37329,707218,-1280.93,6999.44,627.504
24,5.0157e+06,478884,4.9665e+06,44.7608,5.4539,707220,-1285.52,6999.09,621.91
25,5.01441e+06,485883,4.96712e+06,44.7679,5.53453,707221,-1290.11,6998.74,616.315
26,5.01312e+06,492882,4.96773e+06,44.7748,5.61518,707223,-1294.69,6998.38,610.72
27,5.01182e+06,499880,4.96834e+06,44.7818,5.69585,707224,-1299.27,6998.01,605.123
28,5.01052e+06,506878,4.96894e+06,44.7886,5.77654,707226,-1303.86,6997.64,599.527
29,5.00922e+06,513875,4.96954e+06,44.7954,5.85726,707227,-1308.44,6997.26,593.929
30,5.0079e+06,520872,4.97013e+06,44.8022,5.93799,707229,-1313.02,6996.87,588.331
31,5.00659e+06,527869,4.97072e+06,44.8088,6.01874,707230,-1317.6,6996.48,582.732
32,5.00527e+06,534865,4.9713e+06,44.8154,6.09951,707232,-1322.17,6996.08,577.133
33,5.00394e+06,541861,4.97187e+06,44.822,6.1803,707233,-1326.75,6995.67,571.533
34,5.00262e+06,548857,4.97244e+06,44.8285,6.2611,707235,-1331.32,6995.25,565.932
35,5.00128e+06,555852,4.973e+06,44.8349,6.34193,707236,-1335.9,6994.83,560.331
36,4.99994e+06,562846,4.97356e+06,44.8412,6.42278,707238,-1340.47,6994.4,554.729
37,4.9986e+06,569841,4.97411e+06,44.8475,6.50364,707239,-1345.04,6993.96,549.126
38,4.99725e+06,576834,4.97466e+06,44.8538,6.58453,707241,-1349.61,6993.52,543.523
39,4.9959e+06,583828,4.9752e+06,44.8599,6.66543,707242,-1354.17,6993.07,537.919
40,4.99455e+06,590820,4.97573e+06,44.866,6.74635,707243,-1358.74,6992.61,532.314
41,4.99318e+06,597813,4.97626e+06,44.8721,6.82728,707245,-1363.3,6992.14,526.709
42,4.99182e+06,604805,4.97679e+06,44.878,6.90824,707246,-1367.86,6991.67,521.104
43,4.99045e+06,611796,4.97731e+06,44.884,6.98921,707248,-1372.43,6991.19,515.497
44,4.98907e+06,618787,4.97782e+06,44.8898,7.0702,707249,-1376.99,6990.7,509.891
45,4.98769e+06,625778,4.97832e+06,44.8956,7.15121,707250,-1381.54,6990.21,504.283
46,4.98631e+06,632768,4.97883e+06,44.9013,7.23223,707252,-1386.1,6989.7,498.675
47,4.98492e+06,639757,4.97932e+06,44.907,7.31327,707253,-1390.66,6989.19,493.067
48,4.98353e+06,646746,4.97981e+06,44.9126,7.39433,707254,-1395.21,6988.68,487.458
49,4.98213e+06,653734,4.9803e+06,44.9181,7.4754,707255,-1399.76,6988.16,481.848
50,4.98073e+06,660722,4.98078e+06,44.9236,7.55649,707257,-1404.31,6987.63,476.238
51,4.97932e+06,667710,4.98125e+06,44.929,7.6376,707258,-1408.86,6987.09,470.627
52,4.97791e+06,674696,4.98172e+06,44.9343,7.71872,707259,-1413.41,6986.54,465.016
53,4.9765e+06,681683,4.98218e+06,44.9396,7.79986,707260,-1417.96,6985.99,459.404
54,4.97508e+06,688668,4.98264e+06,44.9448,7.88101,707261,-1422.5,6985.43,453.792
55,4.97365e+06,695653,4.98309e+06,44.95,7.96218,707263,-1427.04,6984.87,448.179
56,4.97222e+06,702638,4.98353e+06,44.9551,8.04336,707264,-1431.59,6984.29,442.566
57,4.97079e+06,709622,4.98397e+06,44.9601,8.12456,707265,-1436.13,6983.71,436.952
58,4.96935e+06,716605,4.98441e+06,44.965,8.20577,707266,-1440.66,6983.12,431.338
59,4.96791e+06,723588,4.98483e+06,44.9699,8.287,707267,-1445.2,6982.53,425.723
60,4.96646e+06,730571,4.98526e+06,44.9748,8.36824,707268,-1449.74,6981.93,420.108
61,4.96501e+06,737552,4.98568e+06,44.9795,8.4495,707269,-1454.27,6981.32,414.492
62,4.96355e+06,744533,4.98609e+06,44.9842,8.53077,707270,-1458.8,6980.7,408.876
63,4.96209e+06,751514,4.98649e+06,44.9889,8.61206,707271,-1463.34,6980.08,403.26
64,4.96062e+06,758493,4.98689e+06,44.9935,8.69335,707273,-1467.86,6979.45,397.642
65,4.95915e+06,765472,4.98729e+06,44.998,8.77467,707274,-1472.39,6978.81,392.025
66,4.95768e+06,772451,4.98768e+06,45.0024,8.85599,707275,-1476.92,6978.17,386.407
67,4.9562e+06,779429,4.98806e+06,45.0068,8.93733,707276,-1481.44,6977.52,380.789
68,4.95472e+06,786406,4.98844e+06,45.0111,9.01868,707277,-1485.97,6976.86,375.17
69,4.95323e+06,793382,4.98881e+06,45.0154,9.10004,707278,-1490.49,6976.19,369.551
70,4.95174e+06,800358,4.98918e+06,45.0196,9.18142,707278,-1495.01,6975.52,363.931
71,4.95024e+06,807334,4.98954e+06,45.0237,9.26281,707279,-1499.53,6974.84,358.311
72,4.94874e+06,814308,4.98989e+06,45.0278,9.34421,707280,-1504.04,6974.15,352.69
73,4.94723e+06,821282,4.99024e+06,45.0318,9.42562,707281,-1508.56,6973.45,347.069
74,4.94572e+06,828255,4.99059e+06,45.0357,9.50705,707282,-1513.07,6972.75,341.448
75,4.9442e+06,835227,4.99093e+06,45.0396,9.58848,707283,-1517.59,6972.04,335.827
76,4.94268e+06,842199,4.99126e+06,45.0434,9.66993,707284,-1522.1,6971.33,330.205
77,4.94116e+06,849170,4.99159e+06,45.0471,9.75139,707285,-1526.61,6970.6,324.582
78,4.93963e+06,856140,4.99191e+06,45.0508,9.83286,707286,-1531.11,6969.87,318.959
79,4.9381e+06,863110,4.99223e+06,45.0544,9.91434,707286,-1535.62,6969.14,313.336
80,4.93656e+06,870078,4.99254e+06,45.058,9.99583,707287,-1540.12,6968.39,307.713
81,4.93502e+06,877046,4.99284e+06,45.0615,10.0773,707288,-1544.63,6967.64,302.089
82,4.93347e+06,884014,4.99314e+06,45.0649,10.1588,707289,-1549.13,6966.88,296.465
83,4.93192e+06,890980,4.99343e+06,45.0683,10.2404,707290,-1553.63,6966.11,290.84
84,4.93036e+06,897946,4.99372e+06,45.0716,10.3219,707290,-1558.12,6965.34,285.216
85,4.9288e+06,904911,4.994e+06,45.0748,10.4034,707291,-1562.62,6964.56,279.591
86,4.92724e+06,911875,4.99428e+06,45.078,10.485,707292,-1567.11,6963.77,273.965
87,4.92567e+06,918838,4.99455e+06,45.0811,10.5666,707293,-1571.61,6962.98,268.339
88,4.9241e+06,925801,4.99482e+06,45.0841,10.6481,707293,-1576.1,6962.18,262.713
89,4.92252e+06,932763,4.99508e+06,45.0871,10.7297,707294,-1580.59,6961.37,257.087
90,4.92093e+06,939724,4.99533e+06,45.09,10.8113,707295,-1585.08,6960.55,251.46
91,4.91935e+06,946684,4.99558e+06,45.0929,10.8929,707295,-1589.56,6959.73,245.833
92,4.91775e+06,953643,4.99582e+06,45.0956,10.9745,707296,-1594.05,6958.9,240.206
93,4.91616e+06,960602,4.99606e+06,45.0984,11.0561,707296,-1598.53,6958.06,234.579
94,4.91456e+06,967559,4.99629e+06,45.101,11.1377,707297,-1603.01,6957.22,228.951
95,4.91295e+06,974516,4.99652e+06,45.1036,11.2194,707298,-1607.49,6956.37,223.323
96,4.91134e+06,981472,4.99674e+06,45.1061,11.301,707298,-1611.97,6955.51,217.695
97,4.90973e+06,988427,4.99695e+06,45.1086,11.3826,707299,-1616.44,6954.64,212.066
98,4.90811e+06,995381,4.99716e+06,45.111,11.4643,707299,-1620.92,6953.77,206.438
99,4.90649e+06,1.00233e+06,4.99737e+06,45.1133,11.546,707300,-1625.39,6952.89,200.809
100,4.90486e+06,1.00929e+06,4.99757e+06,45.1156,11.6276,707300,-1629.86,6952,195.18
101,4.90323e+06,1.01624e+06,4.99776e+06,45.1178,11.7093,707301,-1634.33,6951.11,189.55
102,4.90159e+06,1.02319e+06,4.99794e+06,45.1199,11.791,707301,-1638.8,6950.2,183.921
103,4.89995e+06,1.03014e+06,4.99813e+06,45.122,11.8727,707302,-1643.27,6949.3,178.291
104,4.8983e+06,1.03709e+06,4.9983e+06,45.124,11.9543,707302,-1647.73,6948.38,172.661
105,4.89665e+06,1.04404e+06,4.99847e+06,45.126,12.036,707303,-1652.19,6947.46,167.031
106,4.895e+06,1.05098e+06,4.99864e+06,45.1278,12.1177,707303,-1656.65,6946.53,161.4
107,4.89334e+06,1.05793e+06,4.99879e+06,45.1297,12.1995,707304,-1661.11,6945.59,155.77
108,4.89168e+06,1.06487e+06,4.99895e+06,45.1314,12.2812,707304,-1665.57,6944.65,150.139
109,4.89001e+06,1.07182e+06,4.99909e+06,45.1331,12.3629,707304,-1670.03,6943.69,144.508
110,4.88834e+06,1.07876e+06,4.99924e+06,45.1347,12.4446,707305,-1674.48,6942.74,138.877
111,4.88666e+06,1.0857e+06,4.99937e+06,45.1363,12.5263,707305,-1678.93,6941.77,133.246
112,4.88498e+06,1.09264e+06,4.9995e+06,45.1378,12.6081,707306,-1683.38,6940.8,127.614
113,4.88329e+06,1.09959e+06,4.99963e+06,45.1392,12.6898,707306,-1687.83,6939.82,121.983
114,4.8816e+06,1.10652e+06,4.99975e+06,45.1406,12.7716,707306,-1692.28,6938.83,116.351
115,4.87991e+06,1.11346e+06,4.99986e+06,45.1419,12.8533,707307,-1696.73,6937.84,110.719
116,4.87821e+06,1.1204e+06,4.99997e+06,45.1431,12.935,707307,-1701.17,6936.84,105.087
117,4.87651e+06,1.12734e+06,5.00007e+06,45.1443,13.0168,707307,-1705.61,6935.83,99.4553
118,4.8748e+06,1.13427e+06,5.00017e+06,45.1454,13.0986,707307,-1710.05,6934.81,93.8232
119,4.87309e+06,1.14121e+06,5.00026e+06,45.1464,13.1803,707308,-1714.49,6933.79,88.1909
120,4.87137e+06,1.14814e+06,5.00034e+06,45.1474,13.2621,707308,-1718.93,6932.76,82.5586
121,4.86965e+06,1.15507e+06,5.00042e+06,45.1483,13.3438,707308,-1723.36,6931.72,76.9262
122,4.86792e+06,1.162e+06,5.0005e+06,45.1492,13.4256,707308,-1727.79,6930.68,71.2936
123,4.86619e+06,1.16893e+06,5.00057e+06,45.15,13.5074,707308,-1732.22,6929.63,65.661
124,4.86446e+06,1.17586e+06,5.00063e+06,45.1507,13.5892,707309,-1736.65,6928.57,60.0283
125,4.86272e+06,1.18279e+06,5.00069e+06,45.1513,13.6709,707309,-1741.08,6927.51,54.3956
126,4.86098e+06,1.18972e+06,5.00074e+06,45.1519,13.7527,707309,-1745.51,6926.43,48.7628
127,4.85923e+06,1.19664e+06,5.00078e+06,45.1524,13.8345,707309,-1749.93,6925.36,43.1299
128,4.85748e+06,1.20357e+06,5.00082e+06,45.1529,13.9163,707309,-1754.35,6924.27,37.497
129,4.85572e+06,1.21049e+06,5.00086e+06,45.1533,13.998,707309,-1758.77,6923.18,31.864
130,4.85396e+06,1.21741e+06,5.00089e+06,45.1536,14.0798,707309,-1763.19,6922.08,26.231
131,4.85219e+06,1.22434e+06,5.00091e+06,45.1539,14.1616,707309,-1767.61,6920.97,20.598
132,4.85042e+06,1.23126e+06,5.00093e+06,45.1541,14.2434,707309,-1772.03,6919.85,14.965
133,4.84865e+06,1.23818e+06,5.00094e+06,45.1542,14.3252,707309,-1776.44,6918.73,9.33191
134,4.84687e+06,1.24509e+06,5.00095e+06,45.1543,14.407,707309,-1780.85,6917.6,3.69884
135,4.84509e+06,1.25201e+06,5.00095e+06,45.1543,14.4888,707310,-1785.26,6916.47,-1.93424
136,4.8433e+06,1.25893e+06,5.00094e+06,45.1543,14.5705,707309,-1789.67,6915.32,-7.56731
137,4.84151e+06,1.26584e+06,5.00093e+06,45.1542,14.6523,707309,-1794.07,6914.17,-13.2004
138,4.83971e+06,1.27275e+06,5.00092e+06,45.154,14.7341,707309,-1798.48,6913.02,-18.8334
139,4.83791e+06,1.27967e+06,5.00089e+06,45.1537,14.8159,707309,-1802.88,6911.85,-24.4665
140,4.83611e+06,1.28658e+06,5.00087e+06,45.1534,14.8977,707309,-1807.28,6910.68,-30.0995
141,4.8343e+06,1.29349e+06,5.00083e+06,45.153,14.9795,707309,-1811.68,6909.5,-35.7324
142,4.83248e+06,1.3004e+06,5.0008e+06,45.1526,15.0612,707309,-1816.08,6908.32,-41.3654
143,4.83067e+06,1.30731e+06,5.00075e+06,45.1521,15.143,707309,-1820.47,6907.12,-46.9982
144,4.82884e+06,1.31421e+06,5.0007e+06,45.1515,15.2248,707309,-1824.86,6905.92,-52.6311
145,4.82702e+06,1.32112e+06,5.00065e+06,45.1509,15.3066,707309,-1829.25,6904.72,-58.2638
146,4.82518e+06,1.32802e+06,5.00059e+06,45.1502,15.3883,707309,-1833.64,6903.5,-63.8965
147,4.82335e+06,1.33492e+06,5.00052e+06,45.1494,15.4701,707308,-1838.03,6902.28,-69.5292
148,4.82151e+06,1.34183e+06,5.00045e+06,45.1486,15.5519,707308,-1842.42,6901.05,-75.1617
149,4.81966e+06,1.34873e+06,5.00037e+06,45.1477,15.6337,707308,-1846.8,6899.82,-80.7942
150,4.81781e+06,1.35563e+06,5.00028e+06,45.1467,15.7154,707308,-1851.18,6898.58,-86.4266
151,4.81596e+06,1.36252e+06,5.0002e+06,45.1457,15.7972,707308,-1855.56,6897.33,-92.0589
152,4.8141e+06,1.36942e+06,5.0001e+06,45.1446,15.8789,707307,-1859.94,6896.07,-97.691
153,4.81224e+06,1.37632e+06,5e+06,45.1435,15.9607,707307,-1864.32,6894.81,-103.323
154,4.81037e+06,1.38321e+06,4.99989e+06,45.1423,16.0424,707307,-1868.69,6893.54,-108.955
155,4.8085e+06,1.3901e+06,4.99978e+06,45.141,16.1242,707307,-1873.06,6892.26,-114.587
156,4.80663e+06,1.39699e+06,4.99966e+06,45.1396,16.2059,707306,-1877.43,6890.97,-120.219
157,4.80475e+06,1.40388e+06,4.99954e+06,45.1382,16.2877,707306,-1881.8,6889.68,-125.85
158,4.80287e+06,1.41077e+06,4.99941e+06,45.1367,16.3694,707306,-1886.17,6888.38,-131.482
159,4.80098e+06,1.41766e+06,4.99928e+06,45.1352,16.4511,707305,-1890.53,6887.08,-137.113
160,4.79908e+06,1.42455e+06,4.99914e+06,45.1336,16.5329,707305,-1894.89,6885.76,-142.744
161,4.79719e+06,1.43143e+06,4.99899e+06,45.1319,16.6146,707305,-1899.26,6884.44,-148.375
162,4.79529e+06,1.43832e+06,4.99884e+06,45.1302,16.6963,707304,-1903.61,6883.12,-154.006
163,4.79338e+06,1.4452e+06,4.99869e+06,45.1284,16.778,707304,-1907.97,6881.78,-159.636
164,4.79147e+06,1.45208e+06,4.99852e+06,45.1265,16.8597,707303,-1912.33,6880.44,-165.267
165,4.78956e+06,1.45896e+06,4.99835e+06,45.1246,16.9414,707303,-1916.68,6879.09,-170.897
166,4.78764e+06,1.46584e+06,4.99818e+06,45.1226,17.0231,707303,-1921.03,6877.74,-176.527
167,4.78571e+06,1.47272e+06,4.998e+06,45.1206,17.1048,707302,-1925.38,6876.38,-182.157
168,4.78379e+06,1.47959e+06,4.99782e+06,45.1185,17.1865,707302,-1929.73,6875.01,-187.787
169,4.78185e+06,1.48647e+06,4.99763e+06,45.1163,17.2681,707301,-1934.07,6873.63,-193.416
170,4.77992e+06,1.49334e+06,4.99743e+06,45.114,17.3498,707301,-1938.41,6872.25,-199.045
171,4.77798e+06,1.50021e+06,4.99723e+06,45.1117,17.4315,707300,-1942.76,6870.86,-204.674
172,4.77603e+06,1.50708e+06,4.99702e+06,45.1093,17.5131,707300,-1947.1,6869.46,-210.303
173,4.77408e+06,1.51395e+06,4.99681e+06,45.1069,17.5948,707299,-1951.43,6868.05,-215.932
174,4.77213e+06,1.52082e+06,4.99659e+06,45.1044,17.6764,707298,-1955.77,6866.64,-221.56
175,4.77017e+06,1.52768e+06,4.99636e+06,45.1018,17.758,707298,-1960.1,6865.22,-227.188
176,4.76821e+06,1.53455e+06,4.99613e+06,45.0992,17.8397,707297,-1964.43,6863.8,-232.816
177,4.76624e+06,1.54141e+06,4.9959e+06,45.0965,17.9213,707297,-1968.76,6862.37,-238.443
178,4.76427e+06,1.54827e+06,4.99566e+06,45.0937,18.0029,707296,-1973.09,6860.93,-244.071
179,4.7623e+06,1.55513e+06,4.99541e+06,45.0909,18.0845,707295,-1977.41,6859.48,-249.698
180,4.76032e+06,1.56199e+06,4.99516e+06,45.088,18.1661,707295,-1981.74,6858.02,-255.324
181,4.75833e+06,1.56885e+06,4.9949e+06,45.0851,18.2477,707294,-1986.06,6856.56,-260.951
182,4.75634e+06,1.5757e+06,4.99464e+06,45.082,18.3292,707293,-1990.38,6855.1,-266.577
183,4.75435e+06,1.58256e+06,4.99437e+06,45.0789,18.4108,707293,-1994.7,6853.62,-272.203
184,4.75235e+06,1.58941e+06,4.99409e+06,45.0758,18.4924,707292,-1999.01,6852.14,-277.828
185,4.75035e+06,1.59626e+06,4.99381e+06,45.0726,18.5739,707291,-2003.33,6850.65,-283.454
186,4.74835e+06,1.60311e+06,4.99353e+06,45.0693,18.6554,707291,-2007.64,6849.15,-289.078
187,4.74634e+06,1.60996e+06,4.99323e+06,45.066,18.737,707290,-2011.95,6847.65,-294.703
188,4.74432e+06,1.61681e+06,4.99294e+06,45.0626,18.8185,707289,-2016.25,6846.14,-300.327
189,4.74231e+06,1.62365e+06,4.99263e+06,45.0591,18.9,707288,-2020.56,6844.62,-305.951
190,4.74028e+06,1.6305e+06,4.99232e+06,45.0556,18.9815,707288,-2024.86,6843.1,-311.575
191,4.73826e+06,1.63734e+06,4.99201e+06,45.052,19.063,707287,-2029.16,6841.57,-317.198
192,4.73622e+06,1.64418e+06,4.99169e+06,45.0483,19.1444,707286,-2033.46,6840.03,-322.821
193,4.73419e+06,1.65102e+06,4.99136e+06,45.0446,19.2259,707285,-2037.76,6838.48,-328.443
194,4.73215e+06,1.65786e+06,4.99103e+06,45.0408,19.3073,707284,-2042.05,6836.93,-334.065
195,4.73011e+06,1.66469e+06,4.9907e+06,45.0369,19.3888,707283,-2046.35,6835.37,-339.687
196,4.72806e+06,1.67153e+06,4.99035e+06,45.033,19.4702,707282,-2050.64,6833.81,-345.309
197,4.726e+06,1.67836e+06,4.99e+06,45.029,19.5516,707282,-2054.93,6832.23,-350.93
198,4.72395e+06,1.68519e+06,4.98965e+06,45.025,19.633,707281,-2059.21,6830.65,-356.55
199,4.72189e+06,1.69202e+06,4.98929e+06,45.0209,19.7144,707280,-2063.5,6829.06,-362.17
