0,-1.23333e+06,-6.97334e+06,-7487.81,-0.0609501,-100.03,703439,4716.04,-834.113,5309.12
1,-1.22861e+06,-6.97417e+06,-2178.69,-0.0177343,-99.9911,703433,4717.3,-827,5309.12
2,-1.22389e+06,-6.975e+06,3130.43,0.0254815,-99.9523,703427,4718.55,-819.887,5309.12
3,-1.21917e+06,-6.97581e+06,8439.55,0.0686973,-99.9136,703422,4719.8,-812.772,5309.12
4,-1.21445e+06,-6.97662e+06,13748.7,0.111913,-99.8748,703416,4721.04,-805.657,5309.1
5,-1.20973e+06,-6.97743e+06,19057.8,0.155129,-99.8361,703411,4722.28,-798.542,5309.09
6,-1.20501e+06,-6.97822e+06,24366.8,0.198345,-99.7973,703405,4723.51,-791.425,5309.06
7,-1.20029e+06,-6.97901e+06,29675.9,0.241561,-99.7586,703400,4724.74,-784.308,5309.03
8,-1.19556e+06,-6.97979e+06,34984.9,0.284777,-99.7198,703394,4725.97,-777.19,5308.99
9,-1.19083e+06,-6.98056e+06,40293.9,0.327992,-99.6811,703389,4727.19,-770.072,5308.95
10,-1.18611e+06,-6.98133e+06,45602.8,0.371208,-99.6423,703383,4728.41,-762.952,5308.9
11,-1.18138e+06,-6.98209e+06,50911.7,0.414423,-99.6036,703378,4729.62,-755.832,5308.85
12,-1.17665e+06,-6.98284e+06,56220.5,0.457638,-99.5648,703373,4730.83,-748.712,5308.79
13,-1.17192e+06,-6.98359e+06,61529.2,0.500853,-99.526,703367,4732.04,-741.59,5308.72
14,-1.16718e+06,-6.98432e+06,66837.9,0.544068,-99.4873,703362,4733.24,-734.468,5308.65
15,-1.16245e+06,-6.98506e+06,72146.5,0.587283,-99.4485,703357,4734.43,-727.346,5308.57
16,-1.15771e+06,-6.98578e+06,77455.1,0.630497,-99.4098,703351,4735.62,-720.222,5308.49
17,-1.15298e+06,-6.9865e+06,82763.5,0.673711,-99.371,703346,4736.81,-713.098,5308.4
18,-1.14824e+06,-6.98721e+06,88071.9,0.716925,-99.3323,703341,4738,-705.974,5308.3
19,-1.1435e+06,-6.98791e+06,93380.1,0.760138,-99.2935,703335,4739.18,-698.848,5308.2
20,-1.13876e+06,-6.9886e+06,98688.2,0.803351,-99.2548,703330,4740.35,-691.722,5308.09
21,-1.13402e+06,-6.98929e+06,103996,0.846564,-99.216,703325,4741.52,-684.596,5307.98
22,-1.12928e+06,-6.98997e+06,109304,0.889776,-99.1772,703320,4742.69,-677.469,5307.86
23,-1.12454e+06,-6.99065e+06,114612,0.932988,-99.1385,703315,4743.85,-670.341,5307.73
24,-1.11979e+06,-6.99131e+06,119920,0.976199,-99.0997,703309,4745.01,-663.213,5307.6
25,-1.11505e+06,-6.99197e+06,125227,1.01941,-99.061,703304,4746.16,-656.084,5307.46
26,-1.1103e+06,-6.99262e+06,130535,1.06262,-99.0222,703299,4747.31,-648.954,5307.32
27,-1.10555e+06,-6.99327e+06,135842,1.10583,-98.9834,703294,4748.46,-641.824,5307.17
28,-1.1008e+06,-6.99391e+06,141149,1.14904,-98.9447,703289,4749.6,-634.693,5307.01
29,-1.09605e+06,-6.99454e+06,146456,1.19225,-98.9059,703284,4750.73,-627.562,5306.85
30,-1.0913e+06,-6.99516e+06,151763,1.23545,-98.8671,703279,4751.87,-620.43,5306.68
31,-1.08655e+06,-6.99578e+06,157069,1.27866,-98.8283,703274,4752.99,-613.298,5306.51
32,-1.08179e+06,-6.99639e+06,162376,1.32187,-98.7896,703269,4754.12,-606.165,5306.33
33,-1.07704e+06,-6.99699e+06,167682,1.36507,-98.7508,703264,4755.24,-599.032,5306.14
34,-1.07228e+06,-6.99759e+06,172988,1.40828,-98.712,703259,4756.35,-591.898,5305.95
35,-1.06753e+06,-6.99818e+06,178294,1.45148,-98.6732,703254,4757.46,-584.763,5305.75
36,-1.06277e+06,-6.99876e+06,183599,1.49469,-98.6345,703249,4758.57,-577.629,5305.55
37,-1.05801e+06,-6.99933e+06,188905,1.53789,-98.5957,703244,4759.67,-570.493,5305.34
38,-1.05325e+06,-6.9999e+06,194210,1.58109,-98.5569,703240,4760.77,-563.357,5305.12
39,-1.04849e+06,-7.00046e+06,199515,1.62429,-98.5181,703235,4761.87,-556.221,5304.9
40,-1.04373e+06,-7.00101e+06,204820,1.66749,-98.4793,703230,4762.96,-549.084,5304.67
41,-1.03896e+06,-7.00156e+06,210124,1.71069,-98.4405,703225,4764.04,-541.946,5304.44
42,-1.0342e+06,-7.0021e+06,215429,1.75389,-98.4017,703220,4765.12,-534.809,5304.2
43,-1.02943e+06,-7.00263e+06,220733,1.79709,-98.363,703216,4766.2,-527.67,5303.95
44,-1.02467e+06,-7.00315e+06,226037,1.84029,-98.3242,703211,4767.27,-520.532,5303.7
45,-1.0199e+06,-7.00367e+06,231340,1.88348,-98.2854,703206,4768.34,-513.392,5303.44
46,-1.01513e+06,-7.00418e+06,236643,1.92668,-98.2466,703201,4769.4,-506.253,5303.18
47,-1.01036e+06,-7.00468e+06,241947,1.96987,-98.2078,703197,4770.46,-499.113,5302.91
48,-1.00559e+06,-7.00518e+06,247249,2.01306,-98.169,703192,4771.52,-491.972,5302.63
49,-1.00082e+06,-7.00566e+06,252552,2.05625,-98.1302,703187,4772.57,-484.831,5302.35
50,-996043,-7.00615e+06,257854,2.09944,-98.0913,703183,4773.62,-477.69,5302.06
51,-991269,-7.00662e+06,263156,2.14263,-98.0525,703178,4774.66,-470.548,5301.77
52,-986494,-7.00709e+06,268458,2.18582,-98.0137,703174,4775.7,-463.406,5301.47
53,-981717,-7.00755e+06,273759,2.22901,-97.9749,703169,4776.73,-456.264,5301.16
54,-976940,-7.008e+06,279060,2.27219,-97.9361,703165,4777.76,-449.121,5300.85
55,-972162,-7.00844e+06,284361,2.31538,-97.8973,703160,4778.79,-441.978,5300.54
56,-967383,-7.00888e+06,289661,2.35856,-97.8584,703156,4779.81,-434.834,5300.21
57,-962602,-7.00931e+06,294961,2.40174,-97.8196,703151,4780.82,-427.69,5299.88
58,-957821,-7.00974e+06,300261,2.44492,-97.7808,703147,4781.84,-420.546,5299.55
59,-953039,-7.01015e+06,305560,2.4881,-97.742,703142,4782.84,-413.401,5299.21
60,-948255,-7.01056e+06,310859,2.53128,-97.7031,703138,4783.85,-406.256,5298.86
61,-943471,-7.01097e+06,316158,2.57446,-97.6643,703134,4784.85,-399.111,5298.51
62,-938686,-7.01136e+06,321456,2.61763,-97.6254,703129,4785.84,-391.965,5298.15
63,-933899,-7.01175e+06,326754,2.6608,-97.5866,703125,4786.83,-384.819,5297.78
64,-929112,-7.01213e+06,332052,2.70398,-97.5478,703121,4787.82,-377.673,5297.41
65,-924324,-7.01251e+06,337349,2.74715,-97.5089,703116,4788.8,-370.527,5297.03
66,-919534,-7.01287e+06,342646,2.79032,-97.4701,703112,4789.78,-363.38,5296.65
67,-914744,-7.01323e+06,347942,2.83348,-97.4312,703108,4790.75,-356.233,5296.26
68,-909953,-7.01359e+06,353238,2.87665,-97.3923,703104,4791.72,-349.086,5295.86
69,-905161,-7.01393e+06,358534,2.91981,-97.3535,703099,4792.69,-341.938,5295.46
70,-900367,-7.01427e+06,363829,2.96298,-97.3146,703095,4793.65,-334.79,5295.06
71,-895573,-7.0146e+06,369124,3.00614,-97.2757,703091,4794.6,-327.642,5294.64
72,-890778,-7.01493e+06,374418,3.0493,-97.2369,703087,4795.56,-320.494,5294.22
73,-885982,-7.01524e+06,379712,3.09245,-97.198,703083,4796.5,-313.345,5293.8
74,-881185,-7.01555e+06,385006,3.13561,-97.1591,703079,4797.45,-306.196,5293.37
75,-876387,-7.01585e+06,390299,3.17876,-97.1202,703074,4798.39,-299.047,5292.93
76,-871588,-7.01615e+06,395592,3.22192,-97.0813,703070,4799.32,-291.898,5292.49
77,-866789,-7.01644e+06,400884,3.26507,-97.0425,703066,4800.25,-284.748,5292.04
78,-861988,-7.01672e+06,406176,3.30821,-97.0036,703062,4801.18,-277.599,5291.59
79,-857186,-7.01699e+06,411467,3.35136,-96.9647,703058,4802.1,-270.449,5291.12
80,-852384,-7.01726e+06,416758,3.39451,-96.9258,703054,4803.02,-263.299,5290.66
81,-847580,-7.01752e+06,422049,3.43765,-96.8869,703050,4803.93,-256.149,5290.19
82,-842776,-7.01777e+06,427339,3.48079,-96.8479,703046,4804.84,-248.998,5289.71
83,-837971,-7.01802e+06,432628,3.52393,-96.809,703043,4805.74,-241.848,5289.22
84,-833164,-7.01826e+06,437917,3.56707,-96.7701,703039,4806.64,-234.697,5288.73
85,-828357,-7.01849e+06,443205,3.6102,-96.7312,703035,4807.54,-227.546,5288.24
86,-823549,-7.01871e+06,448493,3.65334,-96.6923,703031,4808.43,-220.395,5287.73
87,-818740,-7.01893e+06,453781,3.69647,-96.6533,703027,4809.32,-213.244,5287.22
88,-813931,-7.01914e+06,459068,3.7396,-96.6144,703023,4810.2,-206.093,5286.71
89,-809120,-7.01934e+06,464354,3.78272,-96.5755,703019,4811.08,-198.942,5286.19
90,-804309,-7.01954e+06,469640,3.82585,-96.5365,703016,4811.95,-191.79,5285.66
91,-799496,-7.01972e+06,474926,3.86897,-96.4976,703012,4812.82,-184.639,5285.13
92,-794683,-7.01991e+06,480211,3.91209,-96.4586,703008,4813.69,-177.487,5284.59
93,-789869,-7.02008e+06,485495,3.95521,-96.4197,703004,4814.55,-170.335,5284.05
94,-785054,-7.02025e+06,490779,3.99833,-96.3807,703001,4815.4,-163.183,5283.5
95,-780238,-7.02041e+06,496062,4.04144,-96.3417,702997,4816.26,-156.031,5282.94
96,-775421,-7.02056e+06,501345,4.08455,-96.3028,702993,4817.1,-148.879,5282.38
97,-770604,-7.0207e+06,506627,4.12766,-96.2638,702990,4817.95,-141.727,5281.81
98,-765785,-7.02084e+06,511908,4.17077,-96.2248,702986,4818.79,-134.575,5281.24
99,-760966,-7.02097e+06,517189,4.21387,-96.1858,702983,4819.62,-127.423,5280.66
100,-756146,-7.0211e+06,522469,4.25697,-96.1469,702979,4820.45,-120.271,5280.07
101,-751325,-7.02121e+06,527749,4.30007,-96.1079,702976,4821.28,-113.119,5279.48
102,-746504,-7.02132e+06,533028,4.34317,-96.0689,702972,4822.1,-105.967,5278.88
103,-741681,-7.02142e+06,538307,4.38627,-96.0299,702969,4822.92,-98.8145,5278.28
104,-736858,-7.02152e+06,543585,4.42936,-95.9908,702965,4823.73,-91.6623,5277.67
105,-732034,-7.02161e+06,548862,4.47245,-95.9518,702962,4824.54,-84.5101,5277.05
106,-727209,-7.02169e+06,554139,4.51554,-95.9128,702958,4825.35,-77.3579,5276.43
107,-722383,-7.02176e+06,559415,4.55862,-95.8738,702955,4826.15,-70.2057,5275.8
108,-717556,-7.02183e+06,564691,4.6017,-95.8348,702951,4826.94,-63.0536,5275.17
109,-712729,-7.02189e+06,569966,4.64478,-95.7957,702948,4827.73,-55.9014,5274.53
110,-707901,-7.02194e+06,575240,4.68786,-95.7567,702945,4828.52,-48.7493,5273.89
111,-703072,-7.02199e+06,580513,4.73093,-95.7176,702941,4829.3,-41.5973,5273.23
112,-698242,-7.02202e+06,585786,4.77401,-95.6786,702938,4830.08,-34.4453,5272.58
113,-693412,-7.02206e+06,591058,4.81707,-95.6395,702935,4830.86,-27.2934,5271.91
114,-688581,-7.02208e+06,596330,4.86014,-95.6005,702931,4831.62,-20.1415,5271.25
115,-683749,-7.0221e+06,601601,4.9032,-95.5614,702928,4832.39,-12.9897,5270.57
116,-678916,-7.0221e+06,606871,4.94626,-95.5223,702925,4833.15,-5.83803,5269.89
117,-674082,-7.02211e+06,612141,4.98932,-95.4833,702922,4833.91,1.31358,5269.2
118,-669248,-7.0221e+06,617410,5.03238,-95.4442,702919,4834.66,8.46509,5268.51
119,-664413,-7.02209e+06,622678,5.07543,-95.4051,702915,4835.41,15.6165,5267.81
120,-659577,-7.02207e+06,627945,5.11848,-95.366,702912,4836.15,22.7678,5267.11
121,-654741,-7.02204e+06,633212,5.16152,-95.3269,702909,4836.89,29.919,5266.39
122,-649903,-7.02201e+06,638478,5.20457,-95.2878,702906,4837.63,37.07,5265.68
123,-645065,-7.02197e+06,643743,5.24761,-95.2487,702903,4838.36,44.2209,5264.96
124,-640227,-7.02192e+06,649008,5.29065,-95.2096,702900,4839.08,51.3717,5264.23
125,-635387,-7.02187e+06,654272,5.33368,-95.1704,702897,4839.8,58.5223,5263.49
126,-630547,-7.02181e+06,659535,5.37671,-95.1313,702894,4840.52,65.6727,5262.75
127,-625706,-7.02174e+06,664797,5.41974,-95.0922,702891,4841.23,72.823,5262.01
128,-620865,-7.02166e+06,670059,5.46277,-95.053,702888,4841.94,79.9732,5261.25
129,-616022,-7.02158e+06,675320,5.50579,-95.0139,702885,4842.65,87.1231,5260.5
130,-611179,-7.02149e+06,680580,5.54881,-94.9747,702882,4843.35,94.2729,5259.73
131,-606336,-7.02139e+06,685839,5.59182,-94.9356,702879,4844.04,101.422,5258.96
132,-601491,-7.02128e+06,691098,5.63483,-94.8964,702876,4844.73,108.572,5258.18
133,-596646,-7.02117e+06,696356,5.67784,-94.8572,702873,4845.42,115.721,5257.4
134,-591800,-7.02105e+06,701613,5.72085,-94.818,702870,4846.1,122.87,5256.62
135,-586954,-7.02092e+06,706869,5.76385,-94.7789,702867,4846.78,130.019,5255.82
136,-582107,-7.02079e+06,712124,5.80685,-94.7397,702865,4847.45,137.167,5255.02
137,-577259,-7.02065e+06,717379,5.84985,-94.7005,702862,4848.12,144.315,5254.22
138,-572411,-7.0205e+06,722633,5.89284,-94.6613,702859,4848.79,151.463,5253.4
139,-567562,-7.02035e+06,727886,5.93583,-94.622,702856,4849.45,158.611,5252.59
140,-562712,-7.02019e+06,733138,5.97882,-94.5828,702854,4850.1,165.759,5251.76
141,-557861,-7.02002e+06,738389,6.0218,-94.5436,702851,4850.75,172.906,5250.93
142,-553010,-7.01984e+06,743640,6.06478,-94.5044,702848,4851.4,180.053,5250.1
143,-548159,-7.01966e+06,748889,6.10775,-94.4651,702846,4852.04,187.199,5249.26
144,-543306,-7.01947e+06,754138,6.15073,-94.4259,702843,4852.68,194.346,5248.41
145,-538453,-7.01927e+06,759386,6.19369,-94.3866,702840,4853.32,201.492,5247.56
146,-533600,-7.01906e+06,764633,6.23666,-94.3473,702838,4853.95,208.637,5246.7
147,-528745,-7.01885e+06,769880,6.27962,-94.3081,702835,4854.57,215.783,5245.83
148,-523890,-7.01863e+06,775125,6.32258,-94.2688,702832,4855.19,222.928,5244.96
149,-519035,-7.0184e+06,780369,6.36553,-94.2295,702830,4855.81,230.073,5244.09
150,-514179,-7.01817e+06,785613,6.40848,-94.1902,702827,4856.42,237.217,5243.2
151,-509322,-7.01793e+06,790856,6.45143,-94.1509,702825,4857.03,244.361,5242.32
152,-504465,-7.01768e+06,796098,6.49437,-94.1116,702822,4857.63,251.505,5241.42
153,-499607,-7.01743e+06,801339,6.53731,-94.0723,702820,4858.23,258.649,5240.52
154,-494748,-7.01716e+06,806579,6.58025,-94.033,702817,4858.83,265.792,5239.61
155,-489889,-7.0169e+06,811818,6.62318,-93.9937,702815,4859.42,272.934,5238.7
156,-485029,-7.01662e+06,817056,6.66611,-93.9543,702813,4860,280.077,5237.78
157,-480169,-7.01633e+06,822293,6.70903,-93.915,702810,4860.58,287.218,5236.86
158,-475308,-7.01604e+06,827530,6.75195,-93.8756,702808,4861.16,294.36,5235.93
159,-470447,-7.01575e+06,832765,6.79487,-93.8363,702806,4861.73,301.501,5235
160,-465585,-7.01544e+06,838000,6.83778,-93.7969,702803,4862.3,308.642,5234.05
161,-460722,-7.01513e+06,843233,6.88069,-93.7575,702801,4862.86,315.782,5233.11
162,-455859,-7.01481e+06,848466,6.9236,-93.7182,702799,4863.42,322.922,5232.15
163,-450995,-7.01448e+06,853698,6.9665,-93.6788,702796,4863.98,330.061,5231.19
164,-446131,-7.01415e+06,858928,7.00939,-93.6394,702794,4864.53,337.2,5230.23
165,-441266,-7.01381e+06,864158,7.05229,-93.6,702792,4865.08,344.339,5229.26
166,-436401,-7.01346e+06,869387,7.09517,-93.5605,702790,4865.62,351.477,5228.28
167,-431535,-7.01311e+06,874615,7.13806,-93.5211,702788,4866.15,358.615,5227.3
168,-426669,-7.01274e+06,879842,7.18094,-93.4817,702785,4866.69,365.752,5226.31
169,-421802,-7.01237e+06,885067,7.22381,-93.4423,702783,4867.22,372.888,5225.31
170,-416934,-7.012e+06,890292,7.26669,-93.4028,702781,4867.74,380.025,5224.31
171,-412066,-7.01161e+06,895516,7.30955,-93.3634,702779,4868.26,387.16,5223.31
172,-407198,-7.01122e+06,900739,7.35242,-93.3239,702777,4868.78,394.295,5222.29
173,-402329,-7.01083e+06,905961,7.39528,-93.2844,702775,4869.29,401.43,5221.28
174,-397459,-7.01042e+06,911181,7.43813,-93.2449,702773,4869.79,408.564,5220.25
175,-392589,-7.01001e+06,916401,7.48098,-93.2054,702771,4870.29,415.698,5219.22
176,-387719,-7.00959e+06,921620,7.52383,-93.166,702769,4870.79,422.831,5218.19
177,-382848,-7.00916e+06,926837,7.56667,-93.1264,702767,4871.29,429.964,5217.14
178,-377976,-7.00873e+06,932054,7.60951,-93.0869,702765,4871.77,437.096,5216.1
179,-373104,-7.00829e+06,937270,7.65234,-93.0474,702763,4872.26,444.227,5215.04
180,-368232,-7.00784e+06,942484,7.69517,-93.0079,702761,4872.74,451.358,5213.98
181,-363359,-7.00739e+06,947698,7.73799,-92.9683,702759,4873.21,458.489,5212.92
182,-358485,-7.00692e+06,952910,7.78081,-92.9288,702757,4873.69,465.619,5211.85
183,-353611,-7.00645e+06,958121,7.82363,-92.8892,702755,4874.15,472.748,5210.77
184,-348737,-7.00598e+06,963331,7.86644,-92.8497,702754,4874.62,479.876,5209.69
185,-343862,-7.00549e+06,968541,7.90924,-92.8101,702752,4875.07,487.004,5208.6
186,-338987,-7.005e+06,973749,7.95204,-92.7705,702750,4875.53,494.132,5207.5
187,-334111,-7.00451e+06,978956,7.99484,-92.7309,702748,4875.98,501.259,5206.4
188,-329235,-7.004e+06,984161,8.03763,-92.6913,702747,4876.42,508.385,5205.3
189,-324358,-7.00349e+06,989366,8.08042,-92.6517,702745,4876.86,515.511,5204.18
190,-319481,-7.00297e+06,994570,8.1232,-92.6121,702743,4877.3,522.636,5203.07
191,-314603,-7.00244e+06,999772,8.16598,-92.5724,702741,4877.73,529.76,5201.94
192,-309726,-7.00191e+06,1.00497e+06,8.20875,-92.5328,702740,4878.16,536.884,5200.81
193,-304847,-7.00137e+06,1.01017e+06,8.25152,-92.4931,702738,4878.58,544.007,5199.68
194,-299968,-7.00082e+06,1.01537e+06,8.29428,-92.4535,702736,4879,551.129,5198.53
195,-295089,-7.00027e+06,1.02057e+06,8.33704,-92.4138,702735,4879.41,558.251,5197.39
196,-290210,-6.99971e+06,1.02577e+06,8.3798,-92.3741,702733,4879.82,565.372,5196.23
197,-285330,-6.99914e+06,1.03096e+06,8.42255,-92.3344,702732,4880.22,572.492,5195.07
198,-280449,-6.99856e+06,1.03616e+06,8.46529,-92.2948,702730,4880.63,579.612,5193.91
199,-275568,-6.99798e+06,1.04135e+06,8.50803,-92.255,702729,4881.02,586.731,5192.74
