0,-22526.1,-5.52638e+06,4.17587e+06,37.2457,-90.2335,556367,5333.37,2986.58,3970.51
5960,-896924,-4.79053e+06,4.92019e+06,45.4485,-100.605,558139,6545.02,1619.06,2762.8
5970,-831410,-4.7741e+06,4.94752e+06,45.771,-99.879,558212,6557.72,1666.52,2703.55
5980,-765773,-4.7572e+06,4.97426e+06,46.0884,-99.1445,558284,6569.7,1713.76,2643.98
5990,-700019,-4.73983e+06,5.0004e+06,46.4004,-98.4012,558355,6580.97,1760.78,2584.09
10,30829.8,-5.49623e+06,4.21532e+06,37.6569,-89.6786,556451,5337.71,3044.53,3920.1
20,84226.4,-5.46549e+06,4.25427e+06,38.0651,-89.1171,556534,5341.51,3102.12,3869.23
30,137658,-5.43419e+06,4.2927e+06,38.4701,-88.5489,556618,5344.75,3159.32,3817.89
40,191120,-5.40231e+06,4.33062e+06,38.8718,-87.9739,556701,5347.44,3216.14,3766.1
50,244605,-5.36987e+06,4.36802e+06,39.2703,-87.3919,556785,5349.57,3272.58,3713.85
60,298109,-5.33686e+06,4.4049e+06,39.6653,-86.8029,556868,5351.15,3328.62,3661.16
70,351626,-5.30329e+06,4.44124e+06,40.0569,-86.2067,556951,5352.17,3384.26,3608.03
80,405151,-5.26918e+06,4.47706e+06,40.4448,-85.6031,557034,5352.64,3439.5,3554.47
90,458677,-5.23451e+06,4.51233e+06,40.8292,-84.9922,557116,5352.54,3494.32,3500.48
100,512200,-5.19929e+06,4.54706e+06,41.2097,-84.3738,557199,5351.89,3548.72,3446.08
110,565713,-5.16353e+06,4.58125e+06,41.5864,-83.7477,557280,5350.68,3602.71,3391.26
120,619211,-5.12724e+06,4.61489e+06,41.9592,-83.1138,557362,5348.91,3656.26,3336.03
130,672689,-5.09041e+06,4.64797e+06,42.3279,-82.4721,557443,5346.58,3709.38,3280.4
140,726141,-5.05305e+06,4.68049e+06,42.6925,-81.8224,557523,5343.68,3762.06,3224.39
150,779561,-5.01517e+06,4.71246e+06,43.0529,-81.1646,557602,5340.23,3814.3,3167.98
160,832944,-4.97677e+06,4.74385e+06,43.4089,-80.4987,557682,5336.22,3866.08,3111.2
170,886283,-4.93785e+06,4.77468e+06,43.7605,-79.8245,557760,5331.65,3917.41,3054.04
180,939574,-4.89842e+06,4.80493e+06,44.1075,-79.1419,557837,5326.51,3968.28,2996.52
190,992812,-4.85849e+06,4.83461e+06,44.4498,-78.4508,557914,5320.82,4018.68,2938.64
200,1.04599e+06,-4.81805e+06,4.8637e+06,44.7874,-77.7513,557990,5314.56,4068.61,2880.41
210,1.0991e+06,-4.77712e+06,4.89222e+06,45.1201,-77.0431,558065,5307.74,4118.06,2821.83
220,1.15214e+06,-4.73569e+06,4.92014e+06,45.4478,-76.3262,558139,5300.36,4167.03,2762.91
230,1.20511e+06,-4.69378e+06,4.94747e+06,45.7704,-75.6006,558212,5292.42,4215.51,2703.67
240,1.25799e+06,-4.65138e+06,4.97421e+06,46.0878,-74.8661,558284,5283.93,4263.51,2644.1
250,1.31078e+06,-4.60851e+06,5.00035e+06,46.3998,-74.1228,558355,5274.87,4311,2584.21
260,1.36348e+06,-4.56516e+06,5.02589e+06,46.7064,-73.3706,558425,5265.25,4358,2524.02
270,1.41609e+06,-4.52135e+06,5.05083e+06,47.0074,-72.6095,558493,5255.07,4404.49,2463.52
280,1.46858e+06,-4.47707e+06,5.07516e+06,47.3027,-71.8393,558561,5244.33,4450.47,2402.73
290,1.52097e+06,-4.43234e+06,5.09889e+06,47.5922,-71.0602,558627,5233.04,4495.93,2341.65
300,1.57324e+06,-4.38716e+06,5.122e+06,47.8757,-70.2721,558692,5221.19,4540.87,2280.29
310,1.62539e+06,-4.34153e+06,5.14449e+06,48.1532,-69.475,558755,5208.78,4585.29,2218.66
320,1.67742e+06,-4.29545e+06,5.16637e+06,48.4245,-68.6689,558817,5195.81,4629.18,2156.76
330,1.72931e+06,-4.24894e+06,5.18762e+06,48.6894,-67.8538,558878,5182.29,4672.54,2094.6
340,1.78106e+06,-4.202e+06,5.20826e+06,48.9479,-67.0299,558937,5168.21,4715.36,2032.2
350,1.83267e+06,-4.15464e+06,5.22827e+06,49.1999,-66.1971,558995,5153.59,4757.63,1969.55
360,1.88413e+06,-4.10685e+06,5.24765e+06,49.4451,-65.3554,559052,5138.4,4799.36,1906.66
370,1.93543e+06,-4.05865e+06,5.2664e+06,49.6836,-64.5051,559106,5122.67,4840.54,1843.55
380,1.98658e+06,-4.01004e+06,5.28452e+06,49.9151,-63.6461,559159,5106.39,4881.17,1780.22
390,2.03756e+06,-3.96103e+06,5.302e+06,50.1395,-62.7786,559211,5089.55,4921.24,1716.67
400,2.08837e+06,-3.91162e+06,5.31885e+06,50.3568,-61.9028,559261,5072.17,4960.75,1652.92
410,2.139e+06,-3.86182e+06,5.33506e+06,50.5667,-61.0186,559309,5054.24,4999.69,1588.97
420,2.18945e+06,-3.81163e+06,5.35063e+06,50.7693,-60.1264,559355,5035.77,5038.06,1524.83
430,2.23972e+06,-3.76106e+06,5.36556e+06,50.9643,-59.2262,559400,5016.75,5075.85,1460.51
440,2.28979e+06,-3.71012e+06,5.37984e+06,51.1516,-58.3182,559443,4997.19,5113.07,1396.01
450,2.33966e+06,-3.6588e+06,5.39348e+06,51.3312,-57.4027,559484,4977.08,5149.71,1331.35
460,2.38933e+06,-3.60712e+06,5.40647e+06,51.5029,-56.4799,559523,4956.44,5185.76,1266.53
470,2.43878e+06,-3.55509e+06,5.41881e+06,51.6666,-55.5499,559561,4935.26,5221.23,1201.55
480,2.48803e+06,-3.5027e+06,5.4305e+06,51.8222,-54.6132,559596,4913.54,5256.1,1136.44
490,2.53705e+06,-3.44997e+06,5.44153e+06,51.9696,-53.6698,559630,4891.29,5290.38,1071.18
500,2.58585e+06,-3.3969e+06,5.45192e+06,52.1088,-52.7202,559662,4868.5,5324.06,1005.8
510,2.63442e+06,-3.34349e+06,5.46165e+06,52.2396,-51.7645,559692,4845.19,5357.14,940.303
520,2.68275e+06,-3.28975e+06,5.47072e+06,52.3619,-50.8032,559720,4821.34,5389.62,874.69
530,2.73085e+06,-3.2357e+06,5.47914e+06,52.4756,-49.8365,559746,4796.97,5421.49,808.972
540,2.77869e+06,-3.18133e+06,5.4869e+06,52.5808,-48.8648,559770,4772.07,5452.75,743.157
550,2.82629e+06,-3.12665e+06,5.49401e+06,52.6772,-47.8885,559792,4746.64,5483.39,677.254
560,2.87362e+06,-3.07166e+06,5.50045e+06,52.7648,-46.9078,559812,4720.7,5513.42,611.269
570,2.9207e+06,-3.01638e+06,5.50623e+06,52.8436,-45.9233,559830,4694.24,5542.83,545.212
580,2.96751e+06,-2.96081e+06,5.51135e+06,52.9136,-44.9353,559846,4667.26,5571.62,479.089
590,3.01404e+06,-2.90495e+06,5.51581e+06,52.9746,-43.9441,559860,4639.76,5599.78,412.91
600,3.0603e+06,-2.84881e+06,5.51961e+06,53.0266,-42.9503,559872,4611.76,5627.32,346.68
610,3.10627e+06,-2.79241e+06,5.52275e+06,53.0695,-41.9542,559881,4583.24,5654.23,280.41
620,3.15196e+06,-2.73573e+06,5.52522e+06,53.1035,-40.9562,559889,4554.22,5680.5,214.106
630,3.19736e+06,-2.6788e+06,5.52703e+06,53.1283,-39.9568,559895,4524.69,5706.15,147.776
640,3.24245e+06,-2.62161e+06,5.52817e+06,53.144,-38.9565,559899,4494.66,5731.15,81.4289
650,3.28725e+06,-2.56418e+06,5.52866e+06,53.1507,-37.9556,559900,4464.13,5755.52,15.0718
660,3.33173e+06,-2.5065e+06,5.52848e+06,53.1482,-36.9546,559900,4433.1,5779.24,-51.287
670,3.37591e+06,-2.44859e+06,5.52763e+06,53.1366,-35.9539,559897,4401.58,5802.32,-117.64
680,3.41976e+06,-2.39046e+06,5.52612e+06,53.1159,-34.954,559892,4369.57,5824.76,-183.978
690,3.4633e+06,-2.3321e+06,5.52395e+06,53.0861,-33.9554,559886,4337.07,5846.55,-250.295
700,3.5065e+06,-2.27353e+06,5.52112e+06,53.0472,-32.9584,559877,4304.08,5867.69,-316.582
710,3.54938e+06,-2.21475e+06,5.51762e+06,52.9993,-31.9634,559866,4270.61,5888.18,-382.831
720,3.59191e+06,-2.15577e+06,5.51346e+06,52.9424,-30.971,559853,4236.66,5908.02,-449.034
730,3.63411e+06,-2.09659e+06,5.50864e+06,52.8765,-29.9815,559839,4202.24,5927.2,-515.183
740,3.67596e+06,-2.03723e+06,5.50316e+06,52.8017,-28.9954,559822,4167.34,5945.73,-581.271
750,3.71745e+06,-1.97768e+06,5.49701e+06,52.7181,-28.0129,559803,4131.97,5963.6,-647.29
760,3.7586e+06,-1.91796e+06,5.49021e+06,52.6256,-27.0346,559782,4096.13,5980.81,-713.231
770,3.79938e+06,-1.85807e+06,5.48275e+06,52.5244,-26.0607,559759,4059.83,5997.36,-779.087
780,3.83979e+06,-1.79801e+06,5.47463e+06,52.4146,-25.0917,559734,4023.07,6013.26,-844.85
790,3.87984e+06,-1.7378e+06,5.46585e+06,52.2962,-24.1279,559707,3985.86,6028.48,-910.511
800,3.91951e+06,-1.67744e+06,5.45642e+06,52.1692,-23.1696,559678,3948.18,6043.05,-976.064
810,3.9588e+06,-1.61694e+06,5.44633e+06,52.0339,-22.2172,559647,3910.06,6056.95,-1041.5
820,3.99771e+06,-1.55631e+06,5.43559e+06,51.8902,-21.271,559615,3871.5,6070.18,-1106.81
830,4.03623e+06,-1.49554e+06,5.4242e+06,51.7383,-20.3312,559580,3832.49,6082.75,-1171.99
840,4.07435e+06,-1.43466e+06,5.41215e+06,51.5782,-19.3981,559543,3793.04,6094.65,-1237.03
850,4.11208e+06,-1.37365e+06,5.39946e+06,51.4101,-18.472,559505,3753.15,6105.88,-1301.92
860,4.14942e+06,-1.31254e+06,5.38611e+06,51.2341,-17.5532,559465,3712.83,6116.44,-1366.66
870,4.18634e+06,-1.25133e+06,5.37212e+06,51.0503,-16.6418,559423,3672.09,6126.34,-1431.23
880,4.22286e+06,-1.19002e+06,5.35749e+06,50.8588,-15.738,559379,3630.92,6135.56,-1495.63
890,4.25896e+06,-1.12862e+06,5.34221e+06,50.6596,-14.8421,559334,3589.33,6144.11,-1559.86
900,4.29464e+06,-1.06714e+06,5.32629e+06,50.453,-13.9543,559286,3547.32,6151.99,-1623.89
910,4.3299e+06,-1.00558e+06,5.30974e+06,50.2391,-13.0746,559238,3504.9,6159.2,-1687.73
920,4.36474e+06,-943955,5.29254e+06,50.0179,-12.2033,559187,3462.07,6165.74,-1751.37
930,4.39914e+06,-882267,5.27471e+06,49.7896,-11.3405,559135,3418.84,6171.61,-1814.8
940,4.43311e+06,-820525,5.25624e+06,49.5543,-10.4862,559081,3375.21,6176.8,-1878.02
950,4.46664e+06,-758734,5.23715e+06,49.3121,-9.64062,559025,3331.18,6181.32,-1941.01
960,4.49973e+06,-696901,5.21743e+06,49.0632,-8.80379,558968,3286.76,6185.17,-2003.77
970,4.53238e+06,-635033,5.19707e+06,48.8076,-7.97581,558910,3241.96,6188.35,-2066.28
980,4.56457e+06,-573136,5.1761e+06,48.5456,-7.15671,558850,3196.77,6190.85,-2128.55
990,4.59631e+06,-511218,5.1545e+06,48.2771,-6.34655,558789,3151.2,6192.69,-2190.57
