5960,968495,1.76425e+06,-6.65101e+06,-73.2615,61.2352,590309,-239.753,-7359.25,-1987.44
0,-408749,3.30825e+06,-6.09697e+06,-61.4813,97.0435,587059,2936.61,-6105.62,-3510.91
5970,965987,1.69056e+06,-6.67049e+06,-73.8223,60.2563,590428,-261.883,-7379.22,-1908.49
5980,963257,1.61667e+06,-6.68918e+06,-74.3786,59.2123,590542,-284.01,-7398.28,-1829.31
5990,960306,1.54259e+06,-6.70707e+06,-74.93,58.0966,590651,-306.131,-7416.43,-1749.92
10,-379404,3.24698e+06,-6.13172e+06,-62.0821,96.6647,587257,2932.31,-6148.51,-3438.36
20,-350104,3.18528e+06,-6.16574e+06,-62.6821,96.2724,587451,2927.61,-6190.67,-3365.4
30,-320853,3.12317e+06,-6.19902e+06,-63.281,95.8656,587641,2922.5,-6232.09,-3292.05
40,-291655,3.06064e+06,-6.23158e+06,-63.879,95.4434,587828,2916.99,-6272.76,-3218.31
50,-262514,2.99771e+06,-6.26339e+06,-64.4758,95.0047,588012,2911.08,-6312.69,-3144.2
60,-233435,2.93439e+06,-6.29446e+06,-65.0714,94.5484,588192,2904.76,-6351.86,-3069.71
70,-204420,2.87068e+06,-6.32478e+06,-65.6657,94.0731,588368,2898.05,-6390.27,-2994.87
80,-175475,2.80659e+06,-6.35436e+06,-66.2587,93.5776,588541,2890.94,-6427.92,-2919.67
90,-146603,2.74212e+06,-6.38318e+06,-66.8503,93.0603,588710,2883.43,-6464.8,-2844.14
100,-117807,2.67729e+06,-6.41124e+06,-67.4403,92.5195,588875,2875.53,-6500.9,-2768.27
110,-89093.1,2.61211e+06,-6.43854e+06,-68.0286,91.9535,589036,2867.24,-6536.23,-2692.08
120,-60463.7,2.54657e+06,-6.46508e+06,-68.6151,91.3601,589194,2858.57,-6570.77,-2615.57
130,-31922.9,2.48069e+06,-6.49085e+06,-69.1996,90.7373,589347,2849.5,-6604.52,-2538.75
140,-3474.74,2.41448e+06,-6.51585e+06,-69.7821,90.0825,589496,2840.05,-6637.48,-2461.64
150,24877.1,2.34794e+06,-6.54008e+06,-70.3622,89.393,589641,2830.22,-6669.65,-2384.24
160,53128.6,2.28109e+06,-6.56354e+06,-70.9398,88.6658,589781,2820.02,-6701.01,-2306.56
170,81276.3,2.21393e+06,-6.58621e+06,-71.5147,87.8975,589918,2809.43,-6731.57,-2228.61
180,109316,2.14646e+06,-6.60811e+06,-72.0866,87.0845,590050,2798.47,-6761.32,-2150.4
190,137245,2.0787e+06,-6.62922e+06,-72.6552,86.2226,590177,2787.13,-6790.25,-2071.93
200,165058,2.01066e+06,-6.64955e+06,-73.2202,85.307,590301,2775.43,-6818.37,-1993.23
210,192752,1.94234e+06,-6.66908e+06,-73.7812,84.3327,590419,2763.36,-6845.67,-1914.29
220,220324,1.87375e+06,-6.68783e+06,-74.3379,83.2937,590533,2750.93,-6872.15,-1835.13
230,247770,1.8049e+06,-6.70579e+06,-74.8897,82.1835,590643,2738.13,-6897.79,-1755.75
240,275086,1.73579e+06,-6.72295e+06,-75.436,80.9948,590748,2724.98,-6922.61,-1676.17
250,302268,1.66645e+06,-6.73931e+06,-75.9763,79.7192,590848,2711.47,-6946.59,-1596.4
260,329314,1.59687e+06,-6.75487e+06,-76.5098,78.3475,590944,2697.6,-6969.73,-1516.43
270,356219,1.52706e+06,-6.76964e+06,-77.0358,76.8693,591034,2683.39,-6992.03,-1436.29
280,382981,1.45703e+06,-6.7836e+06,-77.5531,75.2729,591121,2668.83,-7013.49,-1355.98
290,409595,1.38679e+06,-6.79676e+06,-78.0609,73.5452,591202,2653.92,-7034.1,-1275.51
300,436058,1.31635e+06,-6.80911e+06,-78.5577,71.6718,591278,2638.67,-7053.86,-1194.89
310,462367,1.24571e+06,-6.82065e+06,-79.042,69.6367,591349,2623.09,-7072.77,-1114.14
320,488519,1.17489e+06,-6.83139e+06,-79.5122,67.4225,591416,2607.17,-7090.82,-1033.25
330,514510,1.1039e+06,-6.84132e+06,-79.9664,65.0105,591478,2590.91,-7108.01,-952.244
340,540336,1.03274e+06,-6.85044e+06,-80.4021,62.3811,591534,2574.33,-7124.35,-871.125
350,565995,961415,-6.85874e+06,-80.8168,59.5142,591586,2557.42,-7139.82,-789.904
360,591484,889943,-6.86623e+06,-81.2075,56.3907,591632,2540.19,-7154.42,-708.591
370,616798,818329,-6.87291e+06,-81.5709,52.9936,591674,2522.64,-7168.16,-627.195
380,641936,746582,-6.87878e+06,-81.9034,49.31,591710,2504.77,-7181.03,-545.726
390,666893,674711,-6.88383e+06,-82.2009,45.3339,591742,2486.59,-7193.03,-464.193
400,691667,602724,-6.88806e+06,-82.4593,41.0691,591768,2468.1,-7204.16,-382.606
410,716254,530630,-6.89148e+06,-82.6745,36.5325,591789,2449.31,-7214.41,-300.975
420,740652,458438,-6.89408e+06,-82.8426,31.7561,591806,2430.21,-7223.78,-219.308
430,764857,386157,-6.89587e+06,-82.9603,26.788,591817,2410.81,-7232.28,-137.615
440,788867,313795,-6.89683e+06,-83.0249,21.6916,591823,2391.12,-7239.9,-55.9065
450,812679,241361,-6.89698e+06,-83.035,16.5411,591824,2371.14,-7246.64,25.8086
460,836289,168865,-6.89632e+06,-82.9904,11.4157,591819,2350.87,-7252.49,107.521
470,859696,96313.8,-6.89483e+06,-82.892,6.39233,591810,2330.31,-7257.47,189.22
480,882895,23717.7,-6.89253e+06,-82.7421,1.5388,591796,2309.48,-7261.56,270.898
490,905884,-48914.8,-6.88942e+06,-82.5439,-3.09079,591776,2288.36,-7264.76,352.544
500,928661,-121575,-6.88548e+06,-82.3009,-7.45842,591751,2266.98,-7267.08,434.148
510,951223,-194254,-6.88073e+06,-82.0173,-11.542,591722,2245.32,-7268.51,515.702
520,973567,-266943,-6.87517e+06,-81.6973,-15.3331,591687,2223.4,-7269.06,597.196
530,995690,-339633,-6.86879e+06,-81.3448,-18.8346,591647,2201.22,-7268.72,678.62
540,1.01759e+06,-412315,-6.8616e+06,-80.9637,-22.0572,591602,2178.77,-7267.49,759.964
550,1.03927e+06,-484980,-6.85359e+06,-80.5575,-25.0164,591552,2156.08,-7265.37,841.22
560,1.06071e+06,-557620,-6.84477e+06,-80.1292,-27.7311,591497,2133.13,-7262.37,922.378
570,1.08193e+06,-630225,-6.83514e+06,-79.6816,-30.2209,591437,2109.94,-7258.48,1003.43
580,1.10291e+06,-702787,-6.8247e+06,-79.217,-32.5058,591373,2086.51,-7253.7,1084.36
590,1.12366e+06,-775296,-6.81346e+06,-78.7377,-34.6047,591303,2062.84,-7248.03,1165.17
600,1.14417e+06,-847745,-6.8014e+06,-78.2453,-36.5358,591228,2038.93,-7241.47,1245.84
610,1.16443e+06,-920123,-6.78854e+06,-77.7414,-38.3154,591149,2014.79,-7234.03,1326.36
620,1.18446e+06,-992423,-6.77487e+06,-77.2275,-39.9586,591064,1990.43,-7225.7,1406.73
630,1.20424e+06,-1.06463e+06,-6.76041e+06,-76.7046,-41.4789,590975,1965.85,-7216.48,1486.93
640,1.22378e+06,-1.13675e+06,-6.74514e+06,-76.1737,-42.8886,590881,1941.05,-7206.38,1566.96
650,1.24306e+06,-1.20876e+06,-6.72907e+06,-75.6358,-44.1984,590782,1916.03,-7195.4,1646.81
660,1.2621e+06,-1.28066e+06,-6.7122e+06,-75.0916,-45.4182,590679,1890.81,-7183.53,1726.47
670,1.28088e+06,-1.35243e+06,-6.69454e+06,-74.5418,-46.5564,590571,1865.38,-7170.77,1805.92
680,1.2994e+06,-1.42407e+06,-6.67608e+06,-73.9869,-47.6208,590458,1839.75,-7157.14,1885.16
690,1.31767e+06,-1.49557e+06,-6.65683e+06,-73.4274,-48.6183,590341,1813.92,-7142.62,1964.18
700,1.33568e+06,-1.56692e+06,-6.6368e+06,-72.8638,-49.5549,590219,1787.9,-7127.23,2042.97
710,1.35343e+06,-1.63811e+06,-6.61598e+06,-72.2965,-50.436,590093,1761.7,-7110.96,2121.53
720,1.37092e+06,-1.70913e+06,-6.59437e+06,-71.7258,-51.2665,589963,1735.31,-7093.81,2199.83
730,1.38814e+06,-1.77998e+06,-6.57198e+06,-71.152,-52.0508,589828,1708.74,-7075.79,2277.88
740,1.40509e+06,-1.85065e+06,-6.54881e+06,-70.5753,-52.7927,589689,1681.99,-7056.9,2355.66
750,1.42178e+06,-1.92112e+06,-6.52487e+06,-69.9961,-53.4957,589545,1655.08,-7037.13,2433.16
760,1.43819e+06,-1.99139e+06,-6.50015e+06,-69.4145,-54.163,589397,1628,-7016.5,2510.38
770,1.45433e+06,-2.06145e+06,-6.47466e+06,-68.8307,-54.7973,589246,1600.75,-6995,2587.31
780,1.47021e+06,-2.13129e+06,-6.4484e+06,-68.2449,-55.4013,589090,1573.35,-6972.63,2663.93
790,1.4858e+06,-2.2009e+06,-6.42138e+06,-67.6573,-55.9771,588930,1545.8,-6949.41,2740.24
800,1.50112e+06,-2.27027e+06,-6.3936e+06,-67.0679,-56.527,588766,1518.1,-6925.32,2816.23
810,1.51616e+06,-2.3394e+06,-6.36506e+06,-66.4769,-57.0528,588599,1490.25,-6900.37,2891.9
820,1.53093e+06,-2.40828e+06,-6.33576e+06,-65.8844,-57.5561,588427,1462.27,-6874.58,2967.22
830,1.54541e+06,-2.47689e+06,-6.30572e+06,-65.2905,-58.0387,588252,1434.15,-6847.92,3042.19
840,1.55961e+06,-2.54523e+06,-6.27492e+06,-64.6954,-58.5018,588073,1405.9,-6820.42,3116.81
850,1.57353e+06,-2.6133e+06,-6.24338e+06,-64.099,-58.9469,587890,1377.52,-6792.08,3191.06
860,1.58716e+06,-2.68107e+06,-6.2111e+06,-63.5015,-59.375,587704,1349.02,-6762.89,3264.94
870,1.60051e+06,-2.74855e+06,-6.17808e+06,-62.9029,-59.7874,587515,1320.41,-6732.86,3338.43
880,1.61357e+06,-2.81573e+06,-6.14433e+06,-62.3033,-60.1849,587322,1291.68,-6701.99,3411.54
890,1.62634e+06,-2.88259e+06,-6.10985e+06,-61.7028,-60.5686,587126,1262.85,-6670.29,3484.24
900,1.63882e+06,-2.94913e+06,-6.07465e+06,-61.1014,-60.9392,586927,1233.91,-6637.76,3556.53
910,1.65102e+06,-3.01534e+06,-6.03872e+06,-60.4991,-61.2976,586724,1204.87,-6604.4,3628.41
920,1.66292e+06,-3.08121e+06,-6.00208e+06,-59.896,-61.6444,586519,1175.74,-6570.22,3699.86
930,1.67453e+06,-3.14674e+06,-5.96473e+06,-59.2922,-61.9804,586310,1146.52,-6535.22,3770.88
940,1.68585e+06,-3.21192e+06,-5.92666e+06,-58.6876,-62.3062,586099,1117.22,-6499.41,3841.46
950,1.69688e+06,-3.27673e+06,-5.8879e+06,-58.0824,-62.6223,585885,1087.83,-6462.78,3911.58
960,1.70761e+06,-3.34117e+06,-5.84843e+06,-57.4765,-62.9293,585668,1058.37,-6425.35,3981.24
970,1.71804e+06,-3.40523e+06,-5.80828e+06,-56.87,-63.2277,585448,1028.84,-6387.11,4050.44
980,1.72818e+06,-3.46891e+06,-5.76743e+06,-56.2629,-63.5179,585226,999.242,-6348.08,4119.16
990,1.73803e+06,-3.53219e+06,-5.72589e+06,-55.6553,-63.8003,585002,969.582,-6308.25,4187.4
