5960,795622,-4.80839e+06,4.92019e+06,45.4485,-80.6047,558139,5596.55,3759.95,2762.8
0,1.86896e+06,-5.20081e+06,4.17587e+06,37.2457,-70.2336,556367,3990.25,4630.59,3970.51
5970,851566,-4.77055e+06,4.94752e+06,45.771,-79.879,558212,5592.25,3808.89,2703.55
5980,907465,-4.73222e+06,4.97426e+06,46.0884,-79.1446,558284,5587.36,3857.38,2643.98
5990,963311,-4.6934e+06,5.0004e+06,46.4004,-78.4012,558355,5581.87,3905.42,2584.1
10,1.90879e+06,-5.15422e+06,4.21532e+06,37.6569,-69.6786,556451,3974.52,4686.53,3920.11
20,1.94845e+06,-5.10708e+06,4.25427e+06,38.0651,-69.1171,556534,3958.39,4741.94,3869.23
30,1.98796e+06,-5.05938e+06,4.2927e+06,38.4701,-68.5489,556618,3941.87,4796.8,3817.9
40,2.02729e+06,-5.01114e+06,4.33062e+06,38.8718,-67.9739,556701,3924.96,4851.12,3766.1
50,2.06645e+06,-4.96236e+06,4.36802e+06,39.2703,-67.3919,556785,3907.67,4904.88,3713.86
60,2.10544e+06,-4.91305e+06,4.4049e+06,39.6653,-66.8029,556868,3889.98,4958.08,3661.17
70,2.14425e+06,-4.8632e+06,4.44124e+06,40.0569,-66.2067,556951,3871.91,5010.72,3608.04
80,2.18288e+06,-4.81284e+06,4.47706e+06,40.4449,-65.6032,557034,3853.45,5062.78,3554.47
90,2.22132e+06,-4.76195e+06,4.51233e+06,40.8292,-64.9922,557116,3834.62,5114.26,3500.49
100,2.25957e+06,-4.71055e+06,4.54706e+06,41.2097,-64.3738,557199,3815.39,5165.16,3446.08
110,2.29763e+06,-4.65865e+06,4.58125e+06,41.5864,-63.7477,557280,3795.79,5215.48,3391.26
120,2.33548e+06,-4.60625e+06,4.61489e+06,41.9592,-63.1138,557362,3775.81,5265.19,3336.03
130,2.37314e+06,-4.55335e+06,4.64797e+06,42.328,-62.4721,557443,3755.45,5314.31,3280.41
140,2.41059e+06,-4.49996e+06,4.6805e+06,42.6925,-61.8224,557523,3734.72,5362.83,3224.39
150,2.44783e+06,-4.44609e+06,4.71246e+06,43.0529,-61.1647,557603,3713.61,5410.73,3167.98
160,2.48486e+06,-4.39175e+06,4.74385e+06,43.4089,-60.4987,557682,3692.13,5458.02,3111.2
170,2.52167e+06,-4.33693e+06,4.77468e+06,43.7605,-59.8245,557760,3670.27,5504.69,3054.04
180,2.55827e+06,-4.28166e+06,4.80493e+06,44.1075,-59.1419,557837,3648.05,5550.73,2996.52
190,2.59463e+06,-4.22592e+06,4.83461e+06,44.4498,-58.4509,557914,3625.46,5596.15,2938.64
200,2.63077e+06,-4.16974e+06,4.8637e+06,44.7874,-57.7513,557990,3602.51,5640.92,2880.41
210,2.66668e+06,-4.11311e+06,4.89222e+06,45.1201,-57.0431,558065,3579.19,5685.06,2821.83
220,2.70236e+06,-4.05604e+06,4.92014e+06,45.4478,-56.3262,558139,3555.5,5728.56,2762.92
230,2.73779e+06,-3.99854e+06,4.94747e+06,45.7704,-55.6006,558212,3531.46,5771.4,2703.67
240,2.77299e+06,-3.94061e+06,4.97421e+06,46.0878,-54.8662,558284,3507.06,5813.59,2644.1
250,2.80793e+06,-3.88227e+06,5.00035e+06,46.3999,-54.1229,558355,3482.3,5855.13,2584.21
260,2.84263e+06,-3.82351e+06,5.0259e+06,46.7064,-53.3707,558425,3457.19,5896,2524.02
270,2.87707e+06,-3.76435e+06,5.05083e+06,47.0074,-52.6095,558493,3431.73,5936.2,2463.52
280,2.91126e+06,-3.70479e+06,5.07516e+06,47.3027,-51.8394,558561,3405.91,5975.74,2402.73
290,2.94519e+06,-3.64484e+06,5.09889e+06,47.5922,-51.0602,558627,3379.75,6014.6,2341.65
300,2.97886e+06,-3.5845e+06,5.122e+06,47.8757,-50.2721,558692,3353.24,6052.77,2280.29
310,3.01226e+06,-3.52378e+06,5.14449e+06,48.1532,-49.475,558755,3326.39,6090.27,2218.66
320,3.04538e+06,-3.4627e+06,5.16637e+06,48.4245,-48.6689,558817,3299.19,6127.08,2156.76
330,3.07824e+06,-3.40125e+06,5.18763e+06,48.6894,-47.8539,558878,3271.66,6163.2,2094.61
340,3.11082e+06,-3.33944e+06,5.20826e+06,48.9479,-47.0299,558937,3243.78,6198.62,2032.2
350,3.14311e+06,-3.27728e+06,5.22827e+06,49.1999,-46.1971,558995,3215.58,6233.34,1969.55
360,3.17513e+06,-3.21477e+06,5.24765e+06,49.4451,-45.3555,559052,3187.04,6267.36,1906.66
370,3.20685e+06,-3.15193e+06,5.2664e+06,49.6836,-44.5051,559106,3158.17,6300.68,1843.55
380,3.23829e+06,-3.08876e+06,5.28452e+06,49.9151,-43.6462,559159,3128.97,6333.29,1780.22
390,3.26943e+06,-3.02527e+06,5.302e+06,50.1395,-42.7787,559211,3099.45,6365.18,1716.67
400,3.30028e+06,-2.96146e+06,5.31885e+06,50.3568,-41.9028,559261,3069.61,6396.36,1652.92
410,3.33082e+06,-2.89734e+06,5.33506e+06,50.5668,-41.0186,559309,3039.44,6426.82,1588.97
420,3.36106e+06,-2.83293e+06,5.35063e+06,50.7693,-40.1264,559355,3008.96,6456.56,1524.83
430,3.391e+06,-2.76821e+06,5.36556e+06,50.9643,-39.2262,559400,2978.16,6485.57,1460.51
440,3.42063e+06,-2.70322e+06,5.37984e+06,51.1516,-38.3182,559443,2947.05,6513.85,1396.02
450,3.44994e+06,-2.63794e+06,5.39348e+06,51.3312,-37.4027,559484,2915.62,6541.41,1331.35
460,3.47894e+06,-2.57239e+06,5.40647e+06,51.5029,-36.4799,559523,2883.89,6568.23,1266.53
470,3.50762e+06,-2.50658e+06,5.41881e+06,51.6666,-35.55,559561,2851.86,6594.31,1201.56
480,3.53597e+06,-2.44051e+06,5.4305e+06,51.8222,-34.6132,559596,2819.52,6619.65,1136.44
490,3.56401e+06,-2.37419e+06,5.44154e+06,51.9697,-33.6698,559630,2786.89,6644.25,1071.19
500,3.59171e+06,-2.30762e+06,5.45192e+06,52.1088,-32.7202,559662,2753.96,6668.11,1005.81
510,3.61908e+06,-2.24083e+06,5.46165e+06,52.2396,-31.7645,559692,2720.73,6691.22,940.306
520,3.64612e+06,-2.1738e+06,5.47073e+06,52.3619,-30.8032,559720,2687.22,6713.58,874.693
530,3.67283e+06,-2.10656e+06,5.47914e+06,52.4757,-29.8365,559746,2653.41,6735.19,808.975
540,3.69919e+06,-2.0391e+06,5.48691e+06,52.5808,-28.8648,559770,2619.32,6756.05,743.16
550,3.72521e+06,-1.97144e+06,5.49401e+06,52.6772,-27.8885,559792,2584.95,6776.15,677.257
560,3.75089e+06,-1.90358e+06,5.50045e+06,52.7649,-26.9079,559812,2550.3,6795.5,611.272
570,3.77622e+06,-1.83553e+06,5.50623e+06,52.8437,-25.9233,559830,2515.38,6814.08,545.215
580,3.8012e+06,-1.7673e+06,5.51135e+06,52.9136,-24.9353,559846,2480.18,6831.91,479.092
590,3.82582e+06,-1.6989e+06,5.51581e+06,52.9746,-23.9441,559860,2444.71,6848.97,412.912
600,3.85009e+06,-1.63033e+06,5.51961e+06,53.0266,-22.9503,559872,2408.98,6865.27,346.683
610,3.874e+06,-1.5616e+06,5.52275e+06,53.0696,-21.9542,559881,2372.98,6880.8,280.413
620,3.89755e+06,-1.49271e+06,5.52522e+06,53.1035,-20.9562,559889,2336.72,6895.56,214.109
630,3.92073e+06,-1.42369e+06,5.52703e+06,53.1283,-19.9569,559895,2300.2,6909.56,147.779
640,3.94355e+06,-1.35452e+06,5.52818e+06,53.1441,-18.9565,559899,2263.43,6922.78,81.4315
650,3.966e+06,-1.28523e+06,5.52866e+06,53.1507,-17.9556,559900,2226.41,6935.24,15.0745
660,3.98808e+06,-1.21582e+06,5.52848e+06,53.1482,-16.9546,559900,2189.14,6946.92,-51.2844
670,4.00978e+06,-1.1463e+06,5.52763e+06,53.1366,-15.9539,559897,2151.62,6957.83,-117.637
680,4.03111e+06,-1.07667e+06,5.52612e+06,53.1159,-14.9541,559893,2113.87,6967.96,-183.976
690,4.05206e+06,-1.00694e+06,5.52395e+06,53.0861,-13.9554,559886,2075.87,6977.32,-250.292
700,4.07263e+06,-937125,5.52112e+06,53.0472,-12.9584,559877,2037.64,6985.91,-316.579
710,4.09281e+06,-867226,5.51762e+06,52.9993,-11.9635,559866,1999.19,6993.71,-382.828
720,4.11261e+06,-797254,5.51346e+06,52.9424,-10.971,559853,1960.5,7000.74,-449.031
730,4.13202e+06,-727214,5.50864e+06,52.8765,-9.98155,559839,1921.59,7007,-515.181
740,4.15104e+06,-657116,5.50316e+06,52.8018,-8.99537,559822,1882.46,7012.47,-581.269
750,4.16967e+06,-586968,5.49702e+06,52.7181,-8.01292,559803,1843.11,7017.17,-647.287
760,4.1879e+06,-516776,5.49021e+06,52.6257,-7.03459,559782,1803.55,7021.09,-713.228
770,4.20574e+06,-446549,5.48275e+06,52.5245,-6.06073,559759,1763.78,7024.22,-779.084
780,4.22318e+06,-376294,5.47463e+06,52.4146,-5.09173,559734,1723.8,7026.58,-844.847
790,4.24021e+06,-306020,5.46586e+06,52.2962,-4.12793,559707,1683.62,7028.16,-910.509
800,4.25685e+06,-235734,5.45642e+06,52.1693,-3.16966,559678,1643.24,7028.97,-976.062
810,4.27308e+06,-165443,5.44634e+06,52.0339,-2.21725,559647,1602.66,7028.99,-1041.5
820,4.2889e+06,-95156.6,5.43559e+06,51.8902,-1.271,559615,1561.89,7028.24,-1106.81
830,4.30431e+06,-24881.4,5.4242e+06,51.7383,-0.331198,559580,1520.94,7026.7,-1171.99
840,4.31932e+06,45374.7,5.41215e+06,51.5782,0.601873,559543,1479.8,7024.39,-1237.03
850,4.33391e+06,115604,5.39946e+06,51.4102,1.52796,559505,1438.47,7021.3,-1301.92
860,4.34809e+06,185798,5.38612e+06,51.2342,2.44682,559465,1396.97,7017.44,-1366.66
870,4.36185e+06,255950,5.37213e+06,51.0503,3.35822,559423,1355.3,7012.8,-1431.23
880,4.37519e+06,326051,5.35749e+06,50.8588,4.26196,559379,1313.46,7007.39,-1495.63
890,4.38812e+06,396095,5.34222e+06,50.6597,5.15784,559334,1271.45,7001.2,-1559.85
900,4.40062e+06,466073,5.3263e+06,50.4531,6.04569,559286,1229.29,6994.24,-1623.89
910,4.4127e+06,535977,5.30974e+06,50.2391,6.92535,559238,1186.96,6986.5,-1687.73
920,4.42436e+06,605800,5.29254e+06,50.0179,7.79667,559187,1144.48,6978,-1751.37
930,4.43559e+06,675534,5.27471e+06,49.7896,8.65952,559135,1101.85,6968.73,-1814.8
940,4.4464e+06,745172,5.25625e+06,49.5543,9.51379,559081,1059.07,6958.68,-1878.02
950,4.45677e+06,814705,5.23715e+06,49.3121,10.3594,559025,1016.15,6947.87,-1941.01
960,4.46672e+06,884126,5.21743e+06,49.0632,11.1962,558968,973.096,6936.3,-2003.76
970,4.47623e+06,953428,5.19708e+06,48.8076,12.0242,558910,929.904,6923.96,-2066.28
980,4.48532e+06,1.0226e+06,5.1761e+06,48.5456,12.8433,558850,886.583,6910.86,-2128.55
990,4.49396e+06,1.09164e+06,5.15451e+06,48.2772,13.6534,558789,843.135,6896.99,-2190.57
