0,2.91859e+06,3.08893e+06,-5.48203e+06,-52.3881,46.6242,571551,-5946.87,4093.65,-859.812
5960,3.02509e+06,2.92957e+06,-5.51171e+06,-52.7892,44.081,571705,-4456.53,5713.94,591.375
5970,2.98039e+06,2.98657e+06,-5.50547e+06,-52.7045,45.0594,571672,-4483.82,5685.39,657.156
5980,2.93541e+06,3.04328e+06,-5.49856e+06,-52.6111,46.0336,571636,-4510.61,5656.2,722.86
5990,2.89018e+06,3.09969e+06,-5.49101e+06,-52.509,47.0033,571596,-4536.92,5626.39,788.478
10,2.85898e+06,3.12973e+06,-5.4903e+06,-52.4995,47.5886,571594,-5975.17,4065.48,-794.296
20,2.79909e+06,3.17024e+06,-5.49792e+06,-52.6024,48.5579,571634,-6002.8,4036.86,-728.686
30,2.73892e+06,3.21046e+06,-5.50488e+06,-52.6966,49.5317,571671,-6029.76,4007.81,-662.989
40,2.67849e+06,3.2504e+06,-5.51118e+06,-52.782,50.5097,571703,-6056.05,3978.33,-597.215
50,2.61781e+06,3.29003e+06,-5.51682e+06,-52.8587,51.4915,571733,-6081.67,3948.41,-531.369
60,2.55686e+06,3.32936e+06,-5.52181e+06,-52.9266,52.4767,571759,-6106.6,3918.06,-465.461
70,2.49568e+06,3.36839e+06,-5.52613e+06,-52.9855,53.4649,571782,-6130.86,3887.28,-399.498
80,2.43425e+06,3.40711e+06,-5.52979e+06,-53.0355,54.4556,571801,-6154.44,3856.08,-333.487
90,2.37259e+06,3.44551e+06,-5.5328e+06,-53.0766,55.4486,571817,-6177.33,3824.45,-267.437
100,2.3107e+06,3.48359e+06,-5.53514e+06,-53.1086,56.4433,571829,-6199.53,3792.4,-201.356
110,2.2486e+06,3.52136e+06,-5.53683e+06,-53.1317,57.4393,571838,-6221.05,3759.94,-135.25
120,2.18629e+06,3.55879e+06,-5.53785e+06,-53.1457,58.4362,571843,-6241.88,3727.06,-69.1287
130,2.12377e+06,3.5959e+06,-5.53821e+06,-53.1506,59.4335,571845,-6262.02,3693.77,-2.99913
140,2.06105e+06,3.63266e+06,-5.53791e+06,-53.1465,60.4309,571843,-6281.46,3660.07,63.1308
150,1.99814e+06,3.66909e+06,-5.53695e+06,-53.1333,61.4279,571838,-6300.21,3625.96,129.253
160,1.93505e+06,3.70518e+06,-5.53532e+06,-53.1111,62.424,571829,-6318.26,3591.45,195.361
170,1.87178e+06,3.74092e+06,-5.53304e+06,-53.0799,63.4188,571817,-6335.61,3556.54,261.445
180,1.80834e+06,3.77631e+06,-5.53009e+06,-53.0396,64.4119,571802,-6352.26,3521.24,327.498
190,1.74473e+06,3.81135e+06,-5.52649e+06,-52.9904,65.4029,571783,-6368.22,3485.54,393.512
200,1.68098e+06,3.84602e+06,-5.52222e+06,-52.9323,66.3914,571760,-6383.47,3449.45,459.48
210,1.61707e+06,3.88033e+06,-5.5173e+06,-52.8652,67.3768,571734,-6398.01,3412.97,525.394
220,1.55302e+06,3.91428e+06,-5.51172e+06,-52.7894,68.3589,571705,-6411.85,3376.1,591.245
230,1.48883e+06,3.94785e+06,-5.50548e+06,-52.7047,69.3373,571672,-6424.99,3338.86,657.027
240,1.42452e+06,3.98105e+06,-5.49858e+06,-52.6113,70.3115,571636,-6437.41,3301.24,722.731
250,1.36009e+06,4.01388e+06,-5.49102e+06,-52.5092,71.2812,571596,-6449.13,3263.24,788.349
260,1.29554e+06,4.04632e+06,-5.48281e+06,-52.3985,72.2461,571553,-6460.15,3224.87,853.874
270,1.23089e+06,4.07837e+06,-5.47394e+06,-52.2794,73.2057,571507,-6470.45,3186.14,919.298
280,1.16614e+06,4.11004e+06,-5.46442e+06,-52.1517,74.1599,571457,-6480.04,3147.04,984.613
290,1.10129e+06,4.14131e+06,-5.45425e+06,-52.0158,75.1081,571404,-6488.92,3107.58,1049.81
300,1.03636e+06,4.17219e+06,-5.44343e+06,-51.8715,76.0502,571348,-6497.09,3067.76,1114.89
310,971351,4.20267e+06,-5.43195e+06,-51.7191,76.9859,571288,-6504.55,3027.59,1179.83
320,906271,4.23274e+06,-5.41983e+06,-51.5587,77.9149,571225,-6511.29,2987.08,1244.63
330,841128,4.26241e+06,-5.40706e+06,-51.3902,78.8369,571159,-6517.33,2946.21,1309.29
340,775927,4.29166e+06,-5.39365e+06,-51.214,79.7517,571090,-6522.65,2905,1373.79
350,710677,4.32051e+06,-5.37959e+06,-51.0299,80.6591,571018,-6527.26,2863.46,1438.13
360,645385,4.34893e+06,-5.36489e+06,-50.8382,81.5589,570942,-6531.15,2821.58,1502.3
370,580057,4.37694e+06,-5.34954e+06,-50.639,82.4508,570863,-6534.33,2779.37,1566.29
380,514701,4.40452e+06,-5.33356e+06,-50.4323,83.3348,570781,-6536.8,2736.83,1630.09
390,449324,4.43167e+06,-5.31694e+06,-50.2184,84.2106,570696,-6538.56,2693.97,1693.7
400,383932,4.4584e+06,-5.29969e+06,-49.9973,85.0781,570608,-6539.6,2650.79,1757.12
410,318534,4.48469e+06,-5.2818e+06,-49.7691,85.9373,570517,-6539.93,2607.29,1820.32
420,253137,4.51054e+06,-5.26328e+06,-49.534,86.7879,570424,-6539.55,2563.49,1883.31
430,187746,4.53595e+06,-5.24413e+06,-49.292,87.6298,570327,-6538.46,2519.38,1946.07
440,122370,4.56093e+06,-5.22436e+06,-49.0434,88.4631,570227,-6536.66,2474.96,2008.61
450,57015.7,4.58545e+06,-5.20396e+06,-48.7882,89.2876,570125,-6534.14,2430.25,2070.9
460,-8310.07,4.60953e+06,-5.18294e+06,-48.5265,90.1033,570019,-6530.92,2385.24,2132.95
470,-73600,4.63316e+06,-5.1613e+06,-48.2585,90.9101,569911,-6526.99,2339.94,2194.75
480,-138847,4.65633e+06,-5.13905e+06,-47.9843,91.708,569800,-6522.35,2294.36,2256.29
490,-204044,4.67904e+06,-5.11618e+06,-47.7041,92.497,569687,-6517,2248.49,2317.56
500,-269185,4.7013e+06,-5.0927e+06,-47.4178,93.277,569571,-6510.95,2202.35,2378.56
510,-334261,4.72309e+06,-5.06861e+06,-47.1258,94.0482,569452,-6504.19,2155.93,2439.27
520,-399266,4.74441e+06,-5.04391e+06,-46.828,94.8104,569331,-6496.73,2109.25,2499.7
530,-464193,4.76527e+06,-5.01862e+06,-46.5246,95.5637,569207,-6488.57,2062.3,2559.83
540,-529034,4.78566e+06,-4.99272e+06,-46.2157,96.3082,569081,-6479.7,2015.09,2619.66
550,-593784,4.80557e+06,-4.96622e+06,-45.9015,97.0439,568953,-6470.13,1967.63,2679.17
560,-658434,4.82501e+06,-4.93914e+06,-45.582,97.7707,568822,-6459.87,1919.92,2738.37
570,-722979,4.84397e+06,-4.91146e+06,-45.2574,98.4889,568689,-6448.91,1871.96,2797.24
580,-787410,4.86245e+06,-4.88319e+06,-44.9278,99.1984,568554,-6437.25,1823.76,2855.78
590,-851721,4.88045e+06,-4.85434e+06,-44.5933,99.8994,568416,-6424.9,1775.33,2913.99
600,-915905,4.89796e+06,-4.82491e+06,-44.254,100.592,568276,-6411.86,1726.66,2971.84
610,-979955,4.91498e+06,-4.79491e+06,-43.91,101.276,568135,-6398.12,1677.76,3029.35
620,-1.04386e+06,4.93151e+06,-4.76433e+06,-43.5614,101.952,567991,-6383.7,1628.64,3086.49
630,-1.10763e+06,4.94755e+06,-4.73318e+06,-43.2084,102.619,567845,-6368.59,1579.31,3143.27
640,-1.17123e+06,4.9631e+06,-4.70146e+06,-42.851,103.278,567698,-6352.8,1529.76,3199.68
650,-1.23468e+06,4.97814e+06,-4.66919e+06,-42.4893,103.929,567548,-6336.32,1480.01,3255.7
660,-1.29796e+06,4.99269e+06,-4.63635e+06,-42.1234,104.573,567397,-6319.16,1430.05,3311.34
670,-1.36106e+06,5.00674e+06,-4.60296e+06,-41.7535,105.208,567244,-6301.33,1379.89,3366.59
680,-1.42398e+06,5.02029e+06,-4.56902e+06,-41.3796,105.836,567090,-6282.82,1329.54,3421.43
690,-1.48671e+06,5.03333e+06,-4.53453e+06,-41.0019,106.456,566934,-6263.64,1279,3475.87
700,-1.54925e+06,5.04587e+06,-4.49951e+06,-40.6203,107.068,566776,-6243.78,1228.27,3529.9
710,-1.61159e+06,5.0579e+06,-4.46394e+06,-40.2351,107.673,566617,-6223.26,1177.37,3583.51
720,-1.67371e+06,5.06942e+06,-4.42784e+06,-39.8462,108.271,566456,-6202.07,1126.3,3636.69
730,-1.73563e+06,5.08042e+06,-4.39121e+06,-39.4539,108.862,566294,-6180.22,1075.05,3689.44
740,-1.79732e+06,5.09092e+06,-4.35405e+06,-39.0581,109.445,566131,-6157.71,1023.65,3741.75
750,-1.85878e+06,5.1009e+06,-4.31637e+06,-38.659,110.022,565967,-6134.54,972.082,3793.62
760,-1.92001e+06,5.11036e+06,-4.27818e+06,-38.2566,110.592,565801,-6110.72,920.364,3845.03
770,-1.98099e+06,5.1193e+06,-4.23947e+06,-37.851,111.155,565634,-6086.24,868.497,3895.99
780,-2.04173e+06,5.12773e+06,-4.20026e+06,-37.4423,111.711,565466,-6061.12,816.489,3946.49
790,-2.10221e+06,5.13563e+06,-4.16054e+06,-37.0306,112.261,565298,-6035.35,764.342,3996.51
800,-2.16243e+06,5.14302e+06,-4.12033e+06,-36.6159,112.805,565128,-6008.94,712.064,4046.06
810,-2.22239e+06,5.14987e+06,-4.07963e+06,-36.1983,113.342,564957,-5981.89,659.658,4095.13
820,-2.28207e+06,5.15621e+06,-4.03843e+06,-35.778,113.874,564786,-5954.2,607.13,4143.71
830,-2.34147e+06,5.16202e+06,-3.99675e+06,-35.3549,114.399,564614,-5925.88,554.486,4191.8
840,-2.40058e+06,5.1673e+06,-3.9546e+06,-34.9291,114.918,564442,-5896.94,501.731,4239.39
850,-2.4594e+06,5.17205e+06,-3.91197e+06,-34.5007,115.432,564268,-5867.36,448.869,4286.47
860,-2.51793e+06,5.17627e+06,-3.86887e+06,-34.0698,115.94,564095,-5837.17,395.907,4333.05
870,-2.57615e+06,5.17997e+06,-3.82531e+06,-33.6364,116.442,563921,-5806.36,342.85,4379.1
880,-2.63405e+06,5.18313e+06,-3.78129e+06,-33.2006,116.94,563746,-5774.93,289.704,4424.64
890,-2.69164e+06,5.18576e+06,-3.73682e+06,-32.7625,117.431,563571,-5742.89,236.473,4469.65
900,-2.74891e+06,5.18786e+06,-3.6919e+06,-32.322,117.918,563396,-5710.24,183.162,4514.13
910,-2.80584e+06,5.18942e+06,-3.64654e+06,-31.8794,118.399,563221,-5677,129.779,4558.07
920,-2.86245e+06,5.19046e+06,-3.60074e+06,-31.4345,118.876,563045,-5643.15,76.3273,4601.46
930,-2.9187e+06,5.19095e+06,-3.55451e+06,-30.9876,119.348,562870,-5608.71,22.8131,4644.31
940,-2.97462e+06,5.19091e+06,-3.50785e+06,-30.5386,119.815,562695,-5573.67,-30.7581,4686.6
950,-3.03018e+06,5.19034e+06,-3.46078e+06,-30.0876,120.277,562519,-5538.05,-84.3808,4728.34
960,-3.08538e+06,5.18922e+06,-3.41329e+06,-29.6346,120.735,562344,-5501.85,-138.05,4769.51
970,-3.14021e+06,5.18757e+06,-3.36539e+06,-29.1797,121.188,562169,-5465.07,-191.759,4810.11
980,-3.19468e+06,5.18539e+06,-3.31709e+06,-28.723,121.637,561995,-5427.72,-245.503,4850.14
990,-3.24876e+06,5.18266e+06,-3.26839e+06,-28.2644,122.082,561820,-5389.79,-299.277,4889.59
