0,-3.08174e+06,2.91635e+06,5.47232e+06,52.3833,136.579,559725,-4101.98,-5957.16,862.738
5960,-2.92639e+06,3.01844e+06,5.50209e+06,52.7872,134.113,559818,-5724.07,-4465.34,-593.414
5970,-2.98349e+06,2.97365e+06,5.49583e+06,52.7019,135.095,559799,-5695.39,-4492.72,-659.419
5980,-3.0403e+06,2.92859e+06,5.4889e+06,52.6078,136.072,559778,-5666.06,-4519.6,-725.345
5990,-3.09681e+06,2.88326e+06,5.48132e+06,52.5051,137.045,559754,-5636.11,-4545.99,-791.185
10,-3.12262e+06,2.85663e+06,5.48061e+06,52.4955,137.547,559750,-4073.72,-5985.6,797.002
20,-3.16321e+06,2.79664e+06,5.48826e+06,52.5991,138.52,559774,-4045.02,-6013.36,731.17
30,-3.20352e+06,2.73637e+06,5.49524e+06,52.6939,139.497,559796,-4015.87,-6040.45,665.252
40,-3.24353e+06,2.67583e+06,5.50156e+06,52.78,140.478,559815,-3986.28,-6066.86,599.253
50,-3.28324e+06,2.61503e+06,5.50722e+06,52.8572,141.463,559833,-3956.26,-6092.6,533.183
60,-3.32265e+06,2.55398e+06,5.51222e+06,52.9255,142.452,559849,-3925.8,-6117.65,467.05
70,-3.36176e+06,2.49268e+06,5.51656e+06,52.9848,143.444,559862,-3894.92,-6142.02,400.86
80,-3.40055e+06,2.43114e+06,5.52024e+06,53.0352,144.438,559874,-3863.6,-6165.7,334.623
90,-3.43903e+06,2.36937e+06,5.52326e+06,53.0765,145.434,559883,-3831.85,-6188.69,268.346
100,-3.47718e+06,2.30737e+06,5.52561e+06,53.1088,146.433,559890,-3799.69,-6210.99,202.036
110,-3.51502e+06,2.24515e+06,5.5273e+06,53.132,147.432,559896,-3767.1,-6232.6,135.703
120,-3.55253e+06,2.18272e+06,5.52832e+06,53.1461,148.433,559899,-3734.09,-6253.51,69.3528
130,-3.5897e+06,2.12009e+06,5.52868e+06,53.151,149.434,559900,-3700.67,-6273.73,2.99476
140,-3.62654e+06,2.05725e+06,5.52838e+06,53.1469,150.435,559899,-3666.84,-6293.24,-63.3636
150,-3.66303e+06,1.99422e+06,5.52742e+06,53.1336,151.435,559896,-3632.6,-6312.06,-129.714
160,-3.69919e+06,1.93101e+06,5.52579e+06,53.1113,152.435,559891,-3597.95,-6330.18,-196.05
170,-3.73499e+06,1.86762e+06,5.52349e+06,53.0798,153.433,559884,-3562.9,-6347.59,-262.362
180,-3.77044e+06,1.80406e+06,5.52054e+06,53.0393,154.43,559875,-3527.45,-6364.3,-328.642
190,-3.80554e+06,1.74034e+06,5.51692e+06,52.9897,155.425,559864,-3491.6,-6380.3,-394.884
200,-3.84028e+06,1.67646e+06,5.51264e+06,52.9312,156.416,559851,-3455.36,-6395.59,-461.078
210,-3.87465e+06,1.61243e+06,5.5077e+06,52.8637,157.405,559836,-3418.73,-6410.17,-527.217
220,-3.90865e+06,1.54826e+06,5.5021e+06,52.7873,158.391,559818,-3381.71,-6424.05,-593.293
230,-3.94228e+06,1.48395e+06,5.49584e+06,52.702,159.373,559799,-3344.31,-6437.21,-659.298
240,-3.97553e+06,1.41952e+06,5.48891e+06,52.608,160.35,559778,-3306.53,-6449.66,-725.224
250,-4.00841e+06,1.35496e+06,5.48133e+06,52.5052,161.323,559754,-3268.37,-6461.4,-791.064
260,-4.0409e+06,1.29029e+06,5.47309e+06,52.3938,162.291,559729,-3229.84,-6472.42,-856.809
270,-4.073e+06,1.22552e+06,5.4642e+06,52.2738,163.254,559702,-3190.94,-6482.73,-922.451
280,-4.10472e+06,1.16064e+06,5.45464e+06,52.1453,164.211,559673,-3151.67,-6492.32,-987.984
290,-4.13604e+06,1.09567e+06,5.44444e+06,52.0085,165.163,559641,-3112.04,-6501.2,-1053.4
300,-4.16696e+06,1.03062e+06,5.43358e+06,51.8633,166.108,559608,-3072.06,-6509.36,-1118.69
310,-4.19748e+06,965487,5.42206e+06,51.7099,167.046,559573,-3031.71,-6516.8,-1183.84
320,-4.22759e+06,900285,5.4099e+06,51.5483,167.978,559537,-2991.02,-6523.53,-1248.85
330,-4.25729e+06,835019,5.39709e+06,51.3788,168.903,559498,-2949.98,-6529.54,-1313.72
340,-4.28659e+06,769697,5.38363e+06,51.2014,169.82,559457,-2908.59,-6534.83,-1378.43
350,-4.31547e+06,704325,5.36952e+06,51.0161,170.731,559415,-2866.86,-6539.4,-1442.97
360,-4.34392e+06,638911,5.35477e+06,50.8232,171.633,559371,-2824.8,-6543.25,-1507.34
370,-4.37196e+06,573463,5.33937e+06,50.6227,172.527,559325,-2782.41,-6546.39,-1571.53
380,-4.39957e+06,507986,5.32334e+06,50.4148,173.414,559278,-2739.68,-6548.81,-1635.53
390,-4.42675e+06,442489,5.30666e+06,50.1995,174.292,559228,-2696.64,-6550.51,-1699.33
400,-4.4535e+06,376979,5.28935e+06,49.977,175.162,559178,-2653.27,-6551.49,-1762.94
410,-4.47982e+06,311462,5.2714e+06,49.7474,176.023,559125,-2609.59,-6551.76,-1826.33
420,-4.50569e+06,245946,5.25283e+06,49.5108,176.876,559071,-2565.59,-6551.3,-1889.5
430,-4.53113e+06,180438,5.23362e+06,49.2674,177.72,559015,-2521.29,-6550.13,-1952.45
440,-4.55612e+06,114946,5.21378e+06,49.0173,178.555,558958,-2476.68,-6548.25,-2015.16
450,-4.58066e+06,49475.8,5.19331e+06,48.7605,179.381,558899,-2431.78,-6545.65,-2077.64
460,-4.60475e+06,-15964.7,5.17223e+06,48.4973,-179.801,558839,-2386.58,-6542.34,-2139.86
470,-4.62839e+06,-81368.5,5.15052e+06,48.2277,-178.993,558777,-2341.09,-6538.31,-2201.83
480,-4.65157e+06,-146728,5.12819e+06,47.9519,-178.193,558714,-2295.31,-6533.57,-2263.54
490,-4.6743e+06,-212037,5.10525e+06,47.6701,-177.403,558650,-2249.25,-6528.12,-2324.97
500,-4.69656e+06,-277288,5.08169e+06,47.3822,-176.621,558584,-2202.91,-6521.95,-2386.13
510,-4.71835e+06,-342474,5.05753e+06,47.0885,-175.849,558518,-2156.3,-6515.08,-2447
520,-4.73968e+06,-407587,5.03275e+06,46.789,-175.085,558449,-2109.42,-6507.5,-2507.58
530,-4.76054e+06,-472621,5.00738e+06,46.4839,-174.33,558380,-2062.28,-6499.21,-2567.85
540,-4.78093e+06,-537569,4.9814e+06,46.1734,-173.585,558310,-2014.88,-6490.22,-2627.82
550,-4.80084e+06,-602423,4.95482e+06,45.8574,-172.848,558238,-1967.22,-6480.52,-2687.48
560,-4.82027e+06,-667177,4.92765e+06,45.5362,-172.12,558165,-1919.32,-6470.11,-2746.82
570,-4.83922e+06,-731823,4.89989e+06,45.2099,-171.4,558092,-1871.16,-6459.01,-2805.82
580,-4.85769e+06,-796355,4.87153e+06,44.8785,-170.69,558017,-1822.77,-6447.21,-2864.49
590,-4.87568e+06,-860765,4.8426e+06,44.5423,-169.988,557942,-1774.14,-6434.71,-2922.82
600,-4.89318e+06,-925047,4.81308e+06,44.2012,-169.295,557865,-1725.28,-6421.51,-2980.8
610,-4.91018e+06,-989193,4.78298e+06,43.8555,-168.61,557788,-1676.19,-6407.62,-3038.42
620,-4.9267e+06,-1.0532e+06,4.75231e+06,43.5051,-167.933,557710,-1626.88,-6393.03,-3095.67
630,-4.94272e+06,-1.11705e+06,4.72107e+06,43.1503,-167.265,557631,-1577.36,-6377.76,-3152.56
640,-4.95824e+06,-1.18075e+06,4.68926e+06,42.7911,-166.605,557552,-1527.62,-6361.79,-3209.07
650,-4.97327e+06,-1.24428e+06,4.65689e+06,42.4277,-165.953,557472,-1477.67,-6345.14,-3265.19
660,-4.9878e+06,-1.30765e+06,4.62396e+06,42.0601,-165.309,557391,-1427.53,-6327.81,-3320.92
670,-5.00182e+06,-1.37084e+06,4.59047e+06,41.6884,-164.673,557310,-1377.18,-6309.79,-3376.26
680,-5.01534e+06,-1.43384e+06,4.55644e+06,41.3127,-164.045,557229,-1326.65,-6291.1,-3431.19
690,-5.02835e+06,-1.49666e+06,4.52185e+06,40.9332,-163.425,557147,-1275.92,-6271.73,-3485.71
700,-5.04086e+06,-1.55928e+06,4.48672e+06,40.5499,-162.812,557064,-1225.02,-6251.68,-3539.81
710,-5.05285e+06,-1.62169e+06,4.45106e+06,40.1629,-162.206,556982,-1173.93,-6230.97,-3593.49
720,-5.06434e+06,-1.68389e+06,4.41486e+06,39.7723,-161.608,556899,-1122.68,-6209.58,-3646.74
730,-5.07531e+06,-1.74588e+06,4.37812e+06,39.3782,-161.017,556816,-1071.26,-6187.53,-3699.55
740,-5.08576e+06,-1.80764e+06,4.34087e+06,38.9807,-160.433,556733,-1019.67,-6164.82,-3751.92
750,-5.0957e+06,-1.86917e+06,4.30309e+06,38.5798,-159.856,556649,-967.933,-6141.44,-3803.84
760,-5.10512e+06,-1.93047e+06,4.26479e+06,38.1757,-159.286,556566,-916.042,-6117.41,-3855.3
770,-5.11402e+06,-1.99152e+06,4.22598e+06,37.7684,-158.723,556482,-864.005,-6092.72,-3906.3
780,-5.1224e+06,-2.05232e+06,4.18667e+06,37.358,-158.166,556399,-811.828,-6067.39,-3956.83
790,-5.13026e+06,-2.11286e+06,4.14685e+06,36.9446,-157.616,556316,-759.515,-6041.4,-4006.88
800,-5.13759e+06,-2.17315e+06,4.10653e+06,36.5282,-157.072,556233,-707.071,-6014.77,-4056.46
810,-5.1444e+06,-2.23316e+06,4.06572e+06,36.109,-156.535,556150,-654.503,-5987.5,-4105.55
820,-5.15068e+06,-2.29289e+06,4.02442e+06,35.687,-156.003,556068,-601.816,-5959.59,-4154.15
830,-5.15643e+06,-2.35235e+06,3.98264e+06,35.2622,-155.478,555986,-549.014,-5931.05,-4202.25
840,-5.16166e+06,-2.41151e+06,3.94038e+06,34.8348,-154.958,555904,-496.104,-5901.87,-4249.85
850,-5.16635e+06,-2.47038e+06,3.89764e+06,34.4048,-154.444,555823,-443.09,-5872.07,-4296.93
860,-5.17052e+06,-2.52895e+06,3.85444e+06,33.9723,-153.936,555742,-389.979,-5841.64,-4343.5
870,-5.17415e+06,-2.58721e+06,3.81078e+06,33.5373,-153.434,555662,-336.775,-5810.6,-4389.55
880,-5.17726e+06,-2.64516e+06,3.76665e+06,33.0999,-152.937,555582,-283.484,-5778.94,-4435.08
890,-5.17982e+06,-2.70279e+06,3.72208e+06,32.6602,-152.445,555503,-230.111,-5746.66,-4480.07
900,-5.18186e+06,-2.76009e+06,3.67705e+06,32.2183,-151.958,555425,-176.662,-5713.78,-4524.52
910,-5.18336e+06,-2.81706e+06,3.63159e+06,31.7741,-151.477,555348,-123.143,-5680.29,-4568.43
920,-5.18432e+06,-2.8737e+06,3.58569e+06,31.3277,-151,555271,-69.5589,-5646.21,-4611.79
930,-5.18475e+06,-2.92999e+06,3.53935e+06,30.8793,-150.528,555196,-15.9153,-5611.53,-4654.6
940,-5.18464e+06,-2.98593e+06,3.4926e+06,30.4288,-150.062,555121,37.7823,-5576.25,-4696.85
950,-5.18399e+06,-3.04151e+06,3.44542e+06,29.9763,-149.599,555048,91.5281,-5540.39,-4738.54
960,-5.18281e+06,-3.09673e+06,3.39783e+06,29.5218,-149.142,554975,145.317,-5503.95,-4779.66
970,-5.18109e+06,-3.15159e+06,3.34983e+06,29.0655,-148.688,554904,199.143,-5466.92,-4820.2
980,-5.17882e+06,-3.20607e+06,3.30143e+06,28.6074,-148.239,554833,253,-5429.32,-4860.17
990,-5.17603e+06,-3.26017e+06,3.25263e+06,28.1474,-147.795,554764,306.883,-5391.16,-4899.55
