0,1.21579e+06,-4.07202e+06,-5.48205e+06,-52.3882,-73.3759,571551,6518.63,3103.32,-859.817
5960,1.02453e+06,-4.08457e+06,-5.51172e+06,-52.7894,-75.9191,571705,7176.68,1002.5,591.364
5970,1.09624e+06,-4.07436e+06,-5.50548e+06,-52.7047,-74.9407,571672,7165.6,1040.4,657.145
5980,1.16784e+06,-4.06377e+06,-5.49858e+06,-52.6113,-73.9665,571636,7153.72,1078.2,722.849
5990,1.23931e+06,-4.0528e+06,-5.49102e+06,-52.5092,-72.9968,571596,7141.06,1115.89,788.467
10,1.28093e+06,-4.0408e+06,-5.49032e+06,-52.4997,-72.4115,571594,6508.39,3141.91,-794.3
20,1.34596e+06,-4.00919e+06,-5.49793e+06,-52.6025,-71.4422,571634,6497.42,3180.15,-728.69
30,1.41087e+06,-3.9772e+06,-5.50489e+06,-52.6967,-70.4684,571671,6485.75,3218.02,-662.994
40,1.47567e+06,-3.94483e+06,-5.51119e+06,-52.7822,-69.4904,571704,6473.36,3255.53,-597.219
50,1.54034e+06,-3.91209e+06,-5.51683e+06,-52.8589,-68.5086,571733,6460.26,3292.67,-531.373
60,1.60487e+06,-3.87898e+06,-5.52182e+06,-52.9267,-67.5234,571759,6446.44,3329.44,-465.465
70,1.66926e+06,-3.8455e+06,-5.52614e+06,-52.9857,-66.5352,571782,6431.91,3365.84,-399.501
80,1.73351e+06,-3.81166e+06,-5.52981e+06,-53.0357,-65.5444,571801,6416.68,3401.86,-333.491
90,1.79759e+06,-3.77746e+06,-5.53281e+06,-53.0768,-64.5515,571817,6400.74,3437.5,-267.441
100,1.86152e+06,-3.74291e+06,-5.53516e+06,-53.1088,-63.5568,571829,6384.09,3472.75,-201.359
110,1.92527e+06,-3.70801e+06,-5.53684e+06,-53.1318,-62.5608,571838,6366.73,3507.62,-135.253
120,1.98885e+06,-3.67276e+06,-5.53786e+06,-53.1458,-61.5639,571843,6348.67,3542.1,-69.1317
130,2.05224e+06,-3.63717e+06,-5.53822e+06,-53.1508,-60.5665,571845,6329.91,3576.18,-3.00198
140,2.11544e+06,-3.60124e+06,-5.53792e+06,-53.1467,-59.5691,571843,6310.44,3609.87,63.1281
150,2.17845e+06,-3.56497e+06,-5.53696e+06,-53.1335,-58.5721,571838,6290.28,3643.16,129.251
160,2.24125e+06,-3.52838e+06,-5.53534e+06,-53.1113,-57.576,571829,6269.42,3676.05,195.358
170,2.30383e+06,-3.49145e+06,-5.53305e+06,-53.0801,-56.5812,571817,6247.86,3708.53,261.442
180,2.3662e+06,-3.45421e+06,-5.53011e+06,-53.0398,-55.5881,571802,6225.61,3740.6,327.496
190,2.42834e+06,-3.41664e+06,-5.5265e+06,-52.9906,-54.5971,571783,6202.67,3772.27,393.51
200,2.49025e+06,-3.37876e+06,-5.52224e+06,-52.9325,-53.6086,571760,6179.04,3803.52,459.478
210,2.55192e+06,-3.34057e+06,-5.51731e+06,-52.8654,-52.6232,571734,6154.72,3834.36,525.392
220,2.61335e+06,-3.30208e+06,-5.51173e+06,-52.7895,-51.6411,571705,6129.72,3864.77,591.244
230,2.67451e+06,-3.26328e+06,-5.50549e+06,-52.7049,-50.6627,571672,6104.03,3894.77,657.025
240,2.73542e+06,-3.22418e+06,-5.49859e+06,-52.6115,-49.6885,571636,6077.66,3924.34,722.729
250,2.79607e+06,-3.1848e+06,-5.49103e+06,-52.5094,-48.7187,571596,6050.62,3953.49,788.348
260,2.85643e+06,-3.14512e+06,-5.48282e+06,-52.3987,-47.7539,571553,6022.9,3982.21,853.873
270,2.91652e+06,-3.10515e+06,-5.47396e+06,-52.2795,-46.7942,571507,5994.5,4010.5,919.297
280,2.97632e+06,-3.06491e+06,-5.46444e+06,-52.1519,-45.8401,571457,5965.44,4038.36,984.613
290,3.03583e+06,-3.02439e+06,-5.45427e+06,-52.016,-44.8918,571404,5935.71,4065.78,1049.81
300,3.09503e+06,-2.98359e+06,-5.44344e+06,-51.8717,-43.9497,571348,5905.31,4092.76,1114.89
310,3.15393e+06,-2.94253e+06,-5.43197e+06,-51.7193,-43.014,571288,5874.25,4119.3,1179.83
320,3.21251e+06,-2.90121e+06,-5.41985e+06,-51.5589,-42.0851,571226,5842.53,4145.4,1244.63
330,3.27078e+06,-2.85963e+06,-5.40708e+06,-51.3904,-41.1631,571159,5810.16,4171.06,1309.29
340,3.32872e+06,-2.81779e+06,-5.39366e+06,-51.2141,-40.2482,571090,5777.13,4196.27,1373.79
350,3.38632e+06,-2.7757e+06,-5.3796e+06,-51.0301,-39.3408,571018,5743.46,4221.04,1438.13
360,3.44358e+06,-2.73337e+06,-5.3649e+06,-50.8384,-38.4411,570942,5709.14,4245.35,1502.3
370,3.5005e+06,-2.6908e+06,-5.34956e+06,-50.6392,-37.5491,570863,5674.17,4269.21,1566.29
380,3.55706e+06,-2.64799e+06,-5.33357e+06,-50.4325,-36.6651,570781,5638.57,4292.62,1630.09
390,3.61327e+06,-2.60495e+06,-5.31695e+06,-50.2186,-35.7893,570696,5602.33,4315.57,1693.7
400,3.66911e+06,-2.56168e+06,-5.2997e+06,-49.9974,-34.9218,570608,5565.45,4338.06,1757.12
410,3.72457e+06,-2.51819e+06,-5.28181e+06,-49.7693,-34.0627,570518,5527.95,4360.1,1820.32
420,3.77966e+06,-2.47448e+06,-5.26329e+06,-49.5341,-33.2121,570424,5489.82,4381.67,1883.31
430,3.83437e+06,-2.43056e+06,-5.24415e+06,-49.2922,-32.3701,570327,5451.08,4402.78,1946.07
440,3.88868e+06,-2.38643e+06,-5.22437e+06,-49.0436,-31.5368,570227,5411.71,4423.43,2008.61
450,3.9426e+06,-2.34209e+06,-5.20398e+06,-48.7883,-30.7123,570125,5371.73,4443.61,2070.9
460,3.99612e+06,-2.29756e+06,-5.18296e+06,-48.5267,-29.8966,570019,5331.14,4463.32,2132.96
470,4.04922e+06,-2.25283e+06,-5.16132e+06,-48.2587,-29.0898,569911,5289.95,4482.56,2194.75
480,4.10191e+06,-2.20791e+06,-5.13906e+06,-47.9845,-28.2919,569800,5248.15,4501.34,2256.29
490,4.15418e+06,-2.1628e+06,-5.11619e+06,-47.7042,-27.5029,569687,5205.76,4519.64,2317.56
500,4.20602e+06,-2.11751e+06,-5.09271e+06,-47.418,-26.7229,569571,5162.77,4537.47,2378.56
510,4.25744e+06,-2.07205e+06,-5.06862e+06,-47.1259,-25.9517,569452,5119.19,4554.82,2439.28
520,4.30841e+06,-2.02642e+06,-5.04393e+06,-46.8281,-25.1895,569331,5075.03,4571.7,2499.7
530,4.35893e+06,-1.98062e+06,-5.01863e+06,-46.5247,-24.4362,569207,5030.29,4588.11,2559.83
540,4.40901e+06,-1.93466e+06,-4.99273e+06,-46.2159,-23.6917,569081,4984.98,4604.03,2619.66
550,4.45863e+06,-1.88854e+06,-4.96624e+06,-45.9017,-22.9561,568953,4939.09,4619.48,2679.17
560,4.50779e+06,-1.84227e+06,-4.93915e+06,-45.5822,-22.2292,568822,4892.64,4634.44,2738.37
570,4.55648e+06,-1.79585e+06,-4.91147e+06,-45.2576,-21.511,568689,4845.63,4648.93,2797.24
580,4.6047e+06,-1.7493e+06,-4.88321e+06,-44.928,-20.8015,568554,4798.05,4662.93,2855.79
590,4.65244e+06,-1.7026e+06,-4.85436e+06,-44.5935,-20.1005,568416,4749.93,4676.46,2913.99
600,4.6997e+06,-1.65577e+06,-4.82493e+06,-44.2541,-19.4081,568277,4701.26,4689.49,2971.85
610,4.74646e+06,-1.60881e+06,-4.79492e+06,-43.9101,-18.724,568135,4652.05,4702.05,3029.35
620,4.79274e+06,-1.56173e+06,-4.76434e+06,-43.5616,-18.0484,567991,4602.3,4714.12,3086.5
630,4.83851e+06,-1.51453e+06,-4.73319e+06,-43.2085,-17.3809,567845,4552.02,4725.7,3143.27
640,4.88377e+06,-1.46722e+06,-4.70148e+06,-42.8511,-16.7217,567698,4501.22,4736.79,3199.68
650,4.92853e+06,-1.4198e+06,-4.6692e+06,-42.4894,-16.0705,567549,4449.89,4747.4,3255.71
660,4.97277e+06,-1.37227e+06,-4.63636e+06,-42.1236,-15.4272,567397,4398.04,4757.53,3311.34
670,5.01649e+06,-1.32465e+06,-4.60297e+06,-41.7537,-14.7918,567244,4345.69,4767.16,3366.59
680,5.05968e+06,-1.27693e+06,-4.56903e+06,-41.3798,-14.1642,567090,4292.83,4776.31,3421.44
690,5.10234e+06,-1.22912e+06,-4.53455e+06,-41.002,-13.5441,566934,4239.47,4784.96,3475.88
700,5.14447e+06,-1.18123e+06,-4.49952e+06,-40.6205,-12.9317,566776,4185.61,4793.13,3529.9
710,5.18605e+06,-1.13326e+06,-4.46395e+06,-40.2352,-12.3266,566617,4131.27,4800.81,3583.51
720,5.22709e+06,-1.08522e+06,-4.42785e+06,-39.8464,-11.7288,566456,4076.45,4808,3636.69
730,5.26758e+06,-1.0371e+06,-4.39122e+06,-39.454,-11.1382,566294,4021.14,4814.69,3689.44
740,5.30751e+06,-988926,-4.35406e+06,-39.0582,-10.5546,566131,3965.37,4820.9,3741.76
750,5.34689e+06,-940688,-4.31638e+06,-38.6591,-9.97805,565967,3909.13,4826.62,3793.62
760,5.3857e+06,-892395,-4.27819e+06,-38.2567,-9.40828,565801,3852.42,4831.85,3845.04
770,5.42393e+06,-844053,-4.23949e+06,-37.8511,-8.84522,565634,3795.27,4836.58,3896
780,5.4616e+06,-795666,-4.20027e+06,-37.4424,-8.28875,565466,3737.67,4840.83,3946.49
790,5.49869e+06,-747238,-4.16056e+06,-37.0307,-7.73875,565298,3679.62,4844.59,3996.52
800,5.53519e+06,-698776,-4.12034e+06,-36.616,-7.1951,565128,3621.14,4847.85,4046.07
810,5.57111e+06,-650283,-4.07964e+06,-36.1984,-6.65768,564957,3562.23,4850.63,4095.13
820,5.60643e+06,-601765,-4.03844e+06,-35.7781,-6.12637,564786,3502.9,4852.92,4143.72
830,5.64116e+06,-553227,-3.99677e+06,-35.355,-5.60107,564614,3443.15,4854.71,4191.8
840,5.67529e+06,-504673,-3.95461e+06,-34.9292,-5.08163,564442,3382.99,4856.02,4239.39
850,5.70882e+06,-456108,-3.91198e+06,-34.5008,-4.56796,564268,3322.42,4856.84,4286.48
860,5.74174e+06,-407538,-3.86888e+06,-34.0699,-4.05994,564095,3261.46,4857.17,4333.05
870,5.77405e+06,-358967,-3.82532e+06,-33.6365,-3.55744,563921,3200.1,4857.02,4379.11
880,5.80574e+06,-310400,-3.7813e+06,-33.2007,-3.06036,563746,3138.36,4856.37,4424.65
890,5.83682e+06,-261841,-3.73683e+06,-32.7626,-2.56858,563571,3076.24,4855.24,4469.66
900,5.86727e+06,-213297,-3.69191e+06,-32.3222,-2.08199,563396,3013.75,4853.62,4514.13
910,5.89709e+06,-164771,-3.64655e+06,-31.8795,-1.60049,563221,2950.9,4851.52,4558.07
920,5.92628e+06,-116268,-3.60075e+06,-31.4347,-1.12394,563045,2887.68,4848.94,4601.47
930,5.95484e+06,-67793.8,-3.55452e+06,-30.9877,-0.652264,562870,2824.12,4845.86,4644.31
940,5.98276e+06,-19352.6,-3.50787e+06,-30.5387,-0.185336,562695,2760.21,4842.31,4686.61
950,6.01004e+06,29050.6,-3.46079e+06,-30.0877,0.276947,562519,2695.96,4838.27,4728.34
960,6.03668e+06,77411,-3.4133e+06,-29.6347,0.734688,562344,2631.38,4833.76,4769.51
970,6.06267e+06,125724,-3.3654e+06,-29.1798,1.18799,562169,2566.48,4828.76,4810.12
980,6.08801e+06,173984,-3.3171e+06,-28.7231,1.63696,561995,2501.26,4823.28,4850.14
990,6.11269e+06,222188,-3.2684e+06,-28.2645,2.0817,561820,2435.72,4817.32,4889.59
