0,-2.91986e+06,-6.28748e+06,-9550.72,-0.0794253,-114.91,554256,3680.99,-1707.41,-6059.76
5960,-4.52752e+06,-5.08033e+06,-1.32965e+06,-11.1227,-131.707,556353,3861.06,-1908.7,-5882
5970,-4.48866e+06,-5.09914e+06,-1.38839e+06,-11.6204,-131.357,556477,3912.04,-1853.71,-5865.69
5980,-4.44928e+06,-5.1174e+06,-1.44696e+06,-12.1176,-131.005,556603,3962.63,-1798.57,-5848.67
5990,-4.40941e+06,-5.13511e+06,-1.50536e+06,-12.6141,-130.652,556732,4012.83,-1743.3,-5830.95
10,-2.88289e+06,-6.3042e+06,-70146.5,-0.583353,-114.574,554323,3713.15,-1637.71,-6059.28
20,-2.8456e+06,-6.32023e+06,-130734,-1.08725,-114.239,554393,3744.98,-1567.86,-6058.08
30,-2.80799e+06,-6.33556e+06,-191305,-1.59108,-113.903,554466,3776.46,-1497.88,-6056.14
40,-2.77007e+06,-6.35019e+06,-251854,-2.09483,-113.568,554542,3807.59,-1427.76,-6053.48
50,-2.73184e+06,-6.36411e+06,-312372,-2.59848,-113.232,554620,3838.36,-1357.52,-6050.09
60,-2.6933e+06,-6.37734e+06,-372853,-3.10199,-112.896,554701,3868.78,-1287.16,-6045.98
70,-2.65447e+06,-6.38986e+06,-433289,-3.60536,-112.559,554785,3898.84,-1216.7,-6041.14
80,-2.61533e+06,-6.40167e+06,-493673,-4.10855,-112.222,554871,3928.54,-1146.14,-6035.57
90,-2.5759e+06,-6.41278e+06,-553998,-4.61155,-111.884,554960,3957.87,-1075.49,-6029.28
100,-2.53617e+06,-6.42318e+06,-614256,-5.11433,-111.546,555052,3986.84,-1004.75,-6022.26
110,-2.49616e+06,-6.43288e+06,-674441,-5.61686,-111.208,555146,4015.42,-933.944,-6014.52
120,-2.45587e+06,-6.44186e+06,-734544,-6.11912,-110.869,555244,4043.63,-863.067,-6006.06
130,-2.41529e+06,-6.45014e+06,-794559,-6.6211,-110.529,555343,4071.47,-792.131,-5996.88
140,-2.37444e+06,-6.4577e+06,-854479,-7.12275,-110.188,555445,4098.92,-721.144,-5986.98
150,-2.33331e+06,-6.46456e+06,-914297,-7.62407,-109.847,555550,4125.98,-650.113,-5976.36
160,-2.29192e+06,-6.4707e+06,-974004,-8.12503,-109.504,555658,4152.65,-579.048,-5965.02
170,-2.25026e+06,-6.47614e+06,-1.03359e+06,-8.6256,-109.161,555767,4178.93,-507.955,-5952.97
180,-2.20834e+06,-6.48086e+06,-1.09306e+06,-9.12576,-108.816,555880,4204.82,-436.843,-5940.2
190,-2.16617e+06,-6.48488e+06,-1.1524e+06,-9.62548,-108.471,555994,4230.3,-365.72,-5926.72
200,-2.12374e+06,-6.48818e+06,-1.21159e+06,-10.1247,-108.125,556112,4255.39,-294.593,-5912.53
210,-2.08106e+06,-6.49077e+06,-1.27064e+06,-10.6235,-107.777,556231,4280.07,-223.471,-5897.64
220,-2.03814e+06,-6.49265e+06,-1.32954e+06,-11.1218,-107.428,556353,4304.34,-152.362,-5882.03
230,-1.99498e+06,-6.49382e+06,-1.38828e+06,-11.6195,-107.078,556477,4328.2,-81.2726,-5865.72
240,-1.95158e+06,-6.49427e+06,-1.44685e+06,-12.1167,-106.726,556603,4351.65,-10.2119,-5848.7
250,-1.90794e+06,-6.49402e+06,-1.50525e+06,-12.6132,-106.373,556732,4374.68,60.8124,-5830.98
260,-1.86408e+06,-6.49306e+06,-1.56347e+06,-13.1092,-106.018,556863,4397.3,131.793,-5812.57
270,-1.82e+06,-6.49138e+06,-1.6215e+06,-13.6045,-105.662,556995,4419.49,202.721,-5793.46
280,-1.7757e+06,-6.489e+06,-1.67934e+06,-14.0991,-105.304,557130,4441.26,273.589,-5773.65
290,-1.73118e+06,-6.48591e+06,-1.73697e+06,-14.5931,-104.945,557268,4462.6,344.389,-5753.15
300,-1.68645e+06,-6.48212e+06,-1.7944e+06,-15.0863,-104.583,557407,4483.51,415.113,-5731.96
310,-1.64151e+06,-6.47761e+06,-1.85161e+06,-15.5788,-104.22,557548,4503.99,485.754,-5710.09
320,-1.59637e+06,-6.4724e+06,-1.9086e+06,-16.0704,-103.855,557691,4524.04,556.304,-5687.53
330,-1.55103e+06,-6.46649e+06,-1.96536e+06,-16.5613,-103.488,557835,4543.65,626.755,-5664.29
340,-1.5055e+06,-6.45987e+06,-2.02188e+06,-17.0513,-103.119,557982,4562.82,697.098,-5640.37
350,-1.45977e+06,-6.45254e+06,-2.07816e+06,-17.5405,-102.748,558131,4581.54,767.327,-5615.78
360,-1.41387e+06,-6.44452e+06,-2.1342e+06,-18.0288,-102.374,558281,4599.82,837.433,-5590.51
370,-1.36778e+06,-6.4358e+06,-2.18997e+06,-18.5161,-101.998,558433,4617.66,907.41,-5564.58
380,-1.32151e+06,-6.42637e+06,-2.24548e+06,-19.0024,-101.62,558586,4635.05,977.248,-5537.98
390,-1.27508e+06,-6.41625e+06,-2.30073e+06,-19.4878,-101.24,558741,4651.98,1046.94,-5510.71
400,-1.22848e+06,-6.40543e+06,-2.3557e+06,-19.9721,-100.857,558898,4668.47,1116.48,-5482.79
410,-1.18171e+06,-6.39392e+06,-2.41038e+06,-20.4554,-100.471,559056,4684.5,1185.86,-5454.21
420,-1.13479e+06,-6.38172e+06,-2.46478e+06,-20.9376,-100.083,559215,4700.07,1255.07,-5424.98
430,-1.08771e+06,-6.36882e+06,-2.51888e+06,-21.4186,-99.6919,559376,4715.18,1324.1,-5395.1
440,-1.04049e+06,-6.35524e+06,-2.57268e+06,-21.8985,-99.298,559538,4729.82,1392.95,-5364.57
450,-993118,-6.34096e+06,-2.62617e+06,-22.3772,-98.9013,559701,4744.01,1461.61,-5333.41
460,-945609,-6.32601e+06,-2.67934e+06,-22.8547,-98.5016,559866,4757.73,1530.07,-5301.6
470,-897965,-6.31036e+06,-2.7322e+06,-23.3308,-98.0988,560031,4770.98,1598.33,-5269.16
480,-850191,-6.29404e+06,-2.78472e+06,-23.8057,-97.6929,560198,4783.77,1666.37,-5236.09
490,-802291,-6.27704e+06,-2.83692e+06,-24.2792,-97.2837,560366,4796.08,1734.19,-5202.4
500,-754271,-6.25936e+06,-2.88877e+06,-24.7513,-96.8712,560535,4807.92,1801.78,-5168.08
510,-706135,-6.241e+06,-2.94028e+06,-25.222,-96.4552,560704,4819.29,1869.14,-5133.15
520,-657887,-6.22197e+06,-2.99143e+06,-25.6913,-96.0358,560875,4830.18,1936.25,-5097.6
530,-609533,-6.20228e+06,-3.04223e+06,-26.159,-95.6128,561046,4840.59,2003.11,-5061.45
540,-561077,-6.18191e+06,-3.09266e+06,-26.6252,-95.186,561218,4850.52,2069.72,-5024.69
550,-512524,-6.16088e+06,-3.14272e+06,-27.0897,-94.7555,561390,4859.98,2136.06,-4987.33
560,-463879,-6.13919e+06,-3.1924e+06,-27.5527,-94.3211,561563,4868.95,2202.13,-4949.37
570,-415147,-6.11684e+06,-3.2417e+06,-28.0139,-93.8827,561737,4877.44,2267.92,-4910.83
580,-366333,-6.09384e+06,-3.29062e+06,-28.4734,-93.4402,561911,4885.44,2333.42,-4871.7
590,-317440,-6.07018e+06,-3.33914e+06,-28.9311,-92.9936,562085,4892.96,2398.63,-4831.98
600,-268475,-6.04586e+06,-3.38726e+06,-29.387,-92.5426,562260,4899.99,2463.54,-4791.69
610,-219442,-6.02091e+06,-3.43497e+06,-29.8411,-92.0873,562435,4906.53,2528.14,-4750.83
620,-170347,-5.9953e+06,-3.48227e+06,-30.2932,-91.6275,562610,4912.58,2592.43,-4709.4
630,-121193,-5.96906e+06,-3.52915e+06,-30.7433,-91.1631,562785,4918.14,2656.4,-4667.42
640,-71985.7,-5.94218e+06,-3.57562e+06,-31.1914,-90.6941,562960,4923.21,2720.04,-4624.87
650,-22730.4,-5.91466e+06,-3.62165e+06,-31.6374,-90.2202,563136,4927.79,2783.34,-4581.77
660,26568.1,-5.88651e+06,-3.66725e+06,-32.0812,-89.7414,563311,4931.87,2846.31,-4538.13
670,75905,-5.85773e+06,-3.71241e+06,-32.5229,-89.2576,563486,4935.46,2908.92,-4493.94
680,125275,-5.82833e+06,-3.75713e+06,-32.9623,-88.7687,563661,4938.55,2971.18,-4449.22
690,174674,-5.79831e+06,-3.80139e+06,-33.3993,-88.2745,563836,4941.15,3033.08,-4403.97
700,224096,-5.76767e+06,-3.8452e+06,-33.834,-87.775,564010,4943.24,3094.61,-4358.2
710,273537,-5.73642e+06,-3.88856e+06,-34.2663,-87.27,564184,4944.84,3155.77,-4311.91
720,322991,-5.70456e+06,-3.93144e+06,-34.6961,-86.7594,564357,4945.95,3216.55,-4265.1
730,372454,-5.67209e+06,-3.97386e+06,-35.1233,-86.2431,564530,4946.55,3276.93,-4217.79
740,421920,-5.63902e+06,-4.01579e+06,-35.5478,-85.721,564702,4946.65,3336.93,-4169.97
750,471385,-5.60535e+06,-4.05725e+06,-35.9697,-85.193,564874,4946.25,3396.52,-4121.66
760,520843,-5.57109e+06,-4.09823e+06,-36.3888,-84.6589,565045,4945.36,3455.71,-4072.85
770,570290,-5.53624e+06,-4.13871e+06,-36.8051,-84.1187,565215,4943.96,3514.49,-4023.56
780,619721,-5.5008e+06,-4.1787e+06,-37.2184,-83.5722,565384,4942.06,3572.84,-3973.8
790,669129,-5.46479e+06,-4.21818e+06,-37.6287,-83.0192,565552,4939.65,3630.77,-3923.56
800,718512,-5.42819e+06,-4.25717e+06,-38.036,-82.4598,565719,4936.75,3688.27,-3872.85
810,767862,-5.39102e+06,-4.29564e+06,-38.4402,-81.8937,565885,4933.34,3745.34,-3821.68
820,817177,-5.35329e+06,-4.3336e+06,-38.8411,-81.3208,566050,4929.43,3801.95,-3770.06
830,866449,-5.31499e+06,-4.37104e+06,-39.2387,-80.7411,566214,4925.02,3858.13,-3717.99
840,915675,-5.27613e+06,-4.40796e+06,-39.633,-80.1543,566377,4920.1,3913.84,-3665.48
850,964849,-5.23671e+06,-4.44435e+06,-40.0237,-79.5605,566538,4914.68,3969.1,-3612.53
860,1.01397e+06,-5.19675e+06,-4.4802e+06,-40.4109,-78.9594,566698,4908.76,4023.88,-3559.16
870,1.06302e+06,-5.15623e+06,-4.51553e+06,-40.7945,-78.351,566856,4902.34,4078.2,-3505.36
880,1.11201e+06,-5.11518e+06,-4.55031e+06,-41.1744,-77.7351,567013,4895.41,4132.04,-3451.14
890,1.16093e+06,-5.0736e+06,-4.58455e+06,-41.5504,-77.1116,567168,4887.98,4185.39,-3396.52
900,1.20977e+06,-5.03148e+06,-4.61824e+06,-41.9225,-76.4804,567322,4880.05,4238.26,-3341.49
910,1.25853e+06,-4.98883e+06,-4.65138e+06,-42.2905,-75.8415,567474,4871.62,4290.63,-3286.06
920,1.3072e+06,-4.94567e+06,-4.68396e+06,-42.6545,-75.1946,567624,4862.68,4342.51,-3230.25
930,1.35578e+06,-4.90198e+06,-4.71598e+06,-43.0142,-74.5397,567773,4853.25,4393.87,-3174.05
940,1.40426e+06,-4.85779e+06,-4.74744e+06,-43.3697,-73.8768,567919,4843.31,4444.73,-3117.47
950,1.45264e+06,-4.81309e+06,-4.77833e+06,-43.7207,-73.2056,568064,4832.87,4495.07,-3060.53
960,1.50092e+06,-4.76789e+06,-4.80865e+06,-44.0672,-72.5261,568206,4821.94,4544.89,-3003.22
970,1.54908e+06,-4.7222e+06,-4.83839e+06,-44.4091,-71.8383,568347,4810.5,4594.19,-2945.55
980,1.59713e+06,-4.67601e+06,-4.86756e+06,-44.7462,-71.142,568486,4798.57,4642.95,-2887.54
990,1.64505e+06,-4.62934e+06,-4.89614e+06,-45.0785,-70.4372,568622,4786.14,4691.18,-2829.18
