0,1.89844e+06,-3.79451e+06,5.4723e+06,52.3832,-63.4206,559725,5892.07,4194.93,862.755
5960,1.71754e+06,-3.83731e+06,5.50208e+06,52.787,-65.8872,559818,6906.1,2238.3,-593.405
5970,1.78651e+06,-3.81475e+06,5.49581e+06,52.7017,-64.9055,559799,6888.51,2273.84,-659.41
5980,1.85531e+06,-3.79183e+06,5.48889e+06,52.6077,-63.9279,559778,6870.15,2309.13,-725.336
5990,1.92391e+06,-3.76857e+06,5.48131e+06,52.5049,-62.955,559754,6851.03,2344.17,-791.175
10,1.95727e+06,-3.75238e+06,5.4806e+06,52.4954,-62.453,559750,5875.24,4231.32,797.019
20,2.01594e+06,-3.70988e+06,5.48824e+06,52.5989,-61.4805,559774,5857.76,4267.23,731.187
30,2.07443e+06,-3.66703e+06,5.49522e+06,52.6937,-60.5033,559796,5839.64,4302.66,665.268
40,2.13273e+06,-3.62383e+06,5.50155e+06,52.7798,-59.5219,559815,5820.87,4337.6,599.27
50,2.19084e+06,-3.58028e+06,5.50721e+06,52.857,-58.5367,559833,5801.46,4372.05,533.2
60,2.24876e+06,-3.53639e+06,5.51221e+06,52.9253,-57.5481,559848,5781.41,4406,467.067
70,2.30647e+06,-3.49216e+06,5.51655e+06,52.9847,-56.5564,559862,5760.72,4439.47,400.878
80,2.36397e+06,-3.4476e+06,5.52023e+06,53.035,-55.5622,559874,5739.39,4472.43,334.64
90,2.42125e+06,-3.40272e+06,5.52324e+06,53.0764,-54.5657,559883,5717.42,4504.89,268.363
100,2.47832e+06,-3.35751e+06,5.5256e+06,53.1086,-53.5674,559890,5694.82,4536.85,202.054
110,2.53515e+06,-3.31198e+06,5.52728e+06,53.1318,-52.5678,559896,5671.59,4568.3,135.72
120,2.59175e+06,-3.26614e+06,5.52831e+06,53.1459,-51.5674,559899,5647.73,4599.24,69.3707
130,2.6481e+06,-3.22e+06,5.52867e+06,53.1509,-50.5664,559900,5623.24,4629.67,3.01277
140,2.70421e+06,-3.17355e+06,5.52837e+06,53.1467,-49.5654,559899,5598.12,4659.58,-63.3455
150,2.76006e+06,-3.12681e+06,5.5274e+06,53.1335,-48.5649,559896,5572.38,4688.98,-129.696
160,2.81565e+06,-3.07978e+06,5.52578e+06,53.1111,-47.5652,559891,5546.01,4717.85,-196.031
170,2.87098e+06,-3.03245e+06,5.52348e+06,53.0797,-46.5668,559884,5519.03,4746.2,-262.343
180,2.92603e+06,-2.98485e+06,5.52053e+06,53.0392,-45.5702,559875,5491.43,4774.02,-328.624
190,2.98081e+06,-2.93698e+06,5.51691e+06,52.9896,-44.5757,559864,5463.22,4801.32,-394.865
200,3.03529e+06,-2.88883e+06,5.51263e+06,52.9311,-43.5837,559851,5434.4,4828.09,-461.059
210,3.08949e+06,-2.84042e+06,5.50769e+06,52.8636,-42.5948,559836,5404.96,4854.32,-527.198
220,3.14339e+06,-2.79174e+06,5.50209e+06,52.7872,-41.6093,559818,5374.92,4880.02,-593.274
230,3.19699e+06,-2.74282e+06,5.49583e+06,52.7019,-40.6276,559799,5344.28,4905.18,-659.279
240,3.25027e+06,-2.69364e+06,5.4889e+06,52.6079,-39.65,559778,5313.04,4929.8,-725.205
250,3.30325e+06,-2.64422e+06,5.48132e+06,52.5051,-38.677,559754,5281.19,4953.88,-791.044
260,3.3559e+06,-2.59457e+06,5.47308e+06,52.3937,-37.7089,559729,5248.76,4977.42,-856.789
270,3.40822e+06,-2.54468e+06,5.46419e+06,52.2737,-36.7461,559702,5215.73,5000.41,-922.432
280,3.46021e+06,-2.49456e+06,5.45463e+06,52.1452,-35.7889,559673,5182.11,5022.85,-987.964
290,3.51186e+06,-2.44422e+06,5.44443e+06,52.0084,-34.8376,559641,5147.91,5044.75,-1053.38
300,3.56316e+06,-2.39367e+06,5.43357e+06,51.8632,-33.8925,559608,5113.12,5066.1,-1118.67
310,3.61412e+06,-2.3429e+06,5.42206e+06,51.7098,-32.9539,559573,5077.76,5086.89,-1183.82
320,3.66472e+06,-2.29193e+06,5.40989e+06,51.5482,-32.0221,559537,5041.82,5107.13,-1248.83
330,3.71495e+06,-2.24076e+06,5.39708e+06,51.3787,-31.0973,559498,5005.3,5126.81,-1313.7
340,3.76482e+06,-2.1894e+06,5.38362e+06,51.2013,-30.1797,559457,4968.22,5145.94,-1378.41
350,3.81432e+06,-2.13784e+06,5.36951e+06,51.016,-29.2697,559415,4930.58,5164.51,-1442.95
360,3.86343e+06,-2.08611e+06,5.35476e+06,50.8231,-28.3674,559371,4892.37,5182.51,-1507.32
370,3.91216e+06,-2.0342e+06,5.33937e+06,50.6226,-27.473,559325,4853.6,5199.96,-1571.51
380,3.9605e+06,-1.98211e+06,5.32333e+06,50.4147,-26.5866,559278,4814.29,5216.85,-1635.51
390,4.00845e+06,-1.92986e+06,5.30666e+06,50.1994,-25.7084,559228,4774.42,5233.17,-1699.31
400,4.05599e+06,-1.87745e+06,5.28935e+06,49.9769,-24.8386,559178,4734,5248.92,-1762.92
410,4.10312e+06,-1.82489e+06,5.2714e+06,49.7473,-23.9774,559125,4693.04,5264.11,-1826.31
420,4.14985e+06,-1.77217e+06,5.25282e+06,49.5107,-23.1247,559071,4651.55,5278.73,-1889.48
430,4.19615e+06,-1.71931e+06,5.23361e+06,49.2673,-22.2807,559015,4609.52,5292.79,-1952.43
440,4.24204e+06,-1.66632e+06,5.21377e+06,49.0172,-21.4454,558958,4566.96,5306.27,-2015.14
450,4.28749e+06,-1.61319e+06,5.19331e+06,48.7605,-20.6191,558899,4523.87,5319.19,-2077.62
460,4.33251e+06,-1.55993e+06,5.17222e+06,48.4972,-19.8016,558839,4480.26,5331.54,-2139.84
470,4.37709e+06,-1.50656e+06,5.15051e+06,48.2277,-18.9931,558777,4436.14,5343.31,-2201.81
480,4.42123e+06,-1.45307e+06,5.12819e+06,47.9519,-18.1935,558714,4391.5,5354.51,-2263.52
490,4.46492e+06,-1.39947e+06,5.10524e+06,47.67,-17.4029,558650,4346.35,5365.14,-2324.95
500,4.50816e+06,-1.34577e+06,5.08169e+06,47.3821,-16.6214,558584,4300.7,5375.2,-2386.11
510,4.55093e+06,-1.29197e+06,5.05752e+06,47.0884,-15.8488,558517,4254.55,5384.68,-2446.98
520,4.59325e+06,-1.23808e+06,5.03275e+06,46.789,-15.0852,558449,4207.91,5393.59,-2507.56
530,4.63509e+06,-1.1841e+06,5.00737e+06,46.4839,-14.3305,558380,4160.77,5401.93,-2567.83
540,4.67646e+06,-1.13004e+06,4.98139e+06,46.1733,-13.5848,558310,4113.15,5409.69,-2627.8
550,4.71735e+06,-1.07591e+06,4.95482e+06,45.8574,-12.8479,558238,4065.05,5416.87,-2687.46
560,4.75776e+06,-1.02171e+06,4.92765e+06,45.5362,-12.1199,558165,4016.48,5423.48,-2746.79
570,4.79768e+06,-967441,4.89988e+06,45.2099,-11.4007,558092,3967.43,5429.52,-2805.8
580,4.83711e+06,-913118,4.87153e+06,44.8785,-10.6901,558017,3917.92,5434.98,-2864.47
590,4.87604e+06,-858743,4.84259e+06,44.5423,-9.98822,557942,3867.95,5439.86,-2922.8
600,4.91446e+06,-804323,4.81308e+06,44.2012,-9.29487,557865,3817.52,5444.17,-2980.78
610,4.95239e+06,-749862,4.78298e+06,43.8554,-8.61,557788,3766.64,5447.91,-3038.4
620,4.9898e+06,-695366,4.75231e+06,43.5051,-7.93351,557710,3715.32,5451.07,-3095.65
630,5.02669e+06,-640842,4.72107e+06,43.1503,-7.26533,557631,3663.55,5453.65,-3152.54
640,5.06306e+06,-586295,4.68926e+06,42.7911,-6.60535,557552,3611.35,5455.66,-3209.05
650,5.09892e+06,-531731,4.65689e+06,42.4277,-5.95347,557472,3558.73,5457.1,-3265.17
660,5.13424e+06,-477155,4.62396e+06,42.0601,-5.30959,557391,3505.68,5457.97,-3320.9
670,5.16903e+06,-422574,4.59047e+06,41.6884,-4.6736,557310,3452.21,5458.26,-3376.24
680,5.20328e+06,-367992,4.55644e+06,41.3127,-4.0454,557229,3398.32,5457.97,-3431.17
690,5.23699e+06,-313416,4.52185e+06,40.9332,-3.42487,557147,3344.03,5457.12,-3485.69
700,5.27016e+06,-258852,4.48672e+06,40.5499,-2.81191,557064,3289.34,5455.7,-3539.79
710,5.30278e+06,-204304,4.45106e+06,40.1629,-2.20639,556982,3234.25,5453.7,-3593.47
720,5.33484e+06,-149780,4.41486e+06,39.7723,-1.6082,556899,3178.78,5451.13,-3646.72
730,5.36635e+06,-95283.4,4.37812e+06,39.3782,-1.01722,556816,3122.91,5448,-3699.53
740,5.3973e+06,-40821.5,4.34087e+06,38.9807,-0.433338,556733,3066.67,5444.3,-3751.9
750,5.42768e+06,13600.6,4.30309e+06,38.5798,0.14357,556649,3010.06,5440.03,-3803.81
760,5.4575e+06,67977.2,4.26479e+06,38.1757,0.713624,556566,2953.08,5435.19,-3855.28
770,5.48675e+06,122303,4.22598e+06,37.7684,1.27694,556482,2895.73,5429.79,-3906.28
780,5.51541e+06,176571,4.18667e+06,37.358,1.83365,556399,2838.04,5423.83,-3956.81
790,5.5435e+06,230777,4.14685e+06,36.9446,2.38386,556316,2779.99,5417.3,-4006.86
800,5.57101e+06,284915,4.10653e+06,36.5282,2.9277,556233,2721.6,5410.22,-4056.44
810,5.59794e+06,338980,4.06572e+06,36.109,3.46528,556150,2662.88,5402.57,-4105.53
820,5.62427e+06,392965,4.02442e+06,35.687,3.99673,556068,2603.82,5394.36,-4154.13
830,5.65001e+06,446865,3.98264e+06,35.2622,4.52217,555986,2544.44,5385.6,-4202.23
840,5.67516e+06,500675,3.94038e+06,34.8348,5.04171,555904,2484.74,5376.28,-4249.83
850,5.69971e+06,554389,3.89765e+06,34.4048,5.55547,555823,2424.74,5366.41,-4296.91
860,5.72365e+06,608001,3.85445e+06,33.9723,6.06357,555742,2364.42,5355.98,-4343.48
870,5.74699e+06,661507,3.81078e+06,33.5374,6.56613,555662,2303.81,5345.01,-4389.53
880,5.76973e+06,714900,3.76666e+06,33.1,7.06325,555582,2242.9,5333.48,-4435.06
890,5.79185e+06,768174,3.72208e+06,32.6603,7.55506,555503,2181.71,5321.41,-4480.05
900,5.81336e+06,821326,3.67706e+06,32.2183,8.04167,555425,2120.24,5308.79,-4524.5
910,5.83425e+06,874349,3.63159e+06,31.7741,8.52318,555348,2058.49,5295.63,-4568.41
920,5.85453e+06,927237,3.58569e+06,31.3278,8.99972,555271,1996.48,5281.93,-4611.77
930,5.87418e+06,979985,3.53936e+06,30.8793,9.47138,555196,1934.21,5267.68,-4654.58
940,5.89321e+06,1.03259e+06,3.4926e+06,30.4288,9.93829,555121,1871.69,5252.9,-4696.83
950,5.91162e+06,1.08504e+06,3.44542e+06,29.9763,10.4005,555048,1808.92,5237.58,-4738.52
960,5.92939e+06,1.13734e+06,3.39783e+06,29.5219,10.8582,554975,1745.91,5221.74,-4779.64
970,5.94653e+06,1.18947e+06,3.34983e+06,29.0656,11.3115,554904,1682.67,5205.35,-4820.18
980,5.96304e+06,1.24144e+06,3.30143e+06,28.6074,11.7604,554833,1619.2,5188.44,-4860.15
990,5.97892e+06,1.29324e+06,3.25263e+06,28.1475,12.2051,554764,1555.51,5171.01,-4899.53
