0,-2.34164e+06,3.54631e+06,-5.48203e+06,-52.3881,123.437,571549,-6564.16,-3005.83,859.805
5960,-2.23141e+06,4.09182e+06,-5.13696e+06,-47.9586,118.605,569790,-6853.53,-899.29,2261.97
5970,-2.29982e+06,4.08263e+06,-5.11403e+06,-47.6778,119.393,569676,-6827.99,-937.801,2323.22
5980,-2.36797e+06,4.07306e+06,-5.09049e+06,-47.391,120.173,569560,-6801.7,-976.241,2384.19
5990,-2.43585e+06,4.06311e+06,-5.06635e+06,-47.0984,120.943,569441,-6774.66,-1014.6,2444.88
10,-2.40717e+06,3.51609e+06,-5.47311e+06,-52.2681,124.396,571503,-6540.42,-3038.14,925.22
20,-2.47245e+06,3.48555e+06,-5.46353e+06,-52.1398,125.35,571453,-6515.94,-3070.12,990.525
30,-2.53748e+06,3.45469e+06,-5.4533e+06,-52.003,126.297,571399,-6490.74,-3101.78,1055.71
40,-2.60226e+06,3.42352e+06,-5.44241e+06,-51.8581,127.239,571343,-6464.82,-3133.11,1120.78
50,-2.66678e+06,3.39203e+06,-5.43088e+06,-51.7049,128.174,571283,-6438.17,-3164.11,1185.71
60,-2.73102e+06,3.36024e+06,-5.4187e+06,-51.5437,129.102,571220,-6410.81,-3194.77,1250.5
70,-2.79499e+06,3.32814e+06,-5.40587e+06,-51.3746,130.024,571153,-6382.73,-3225.1,1315.14
80,-2.85867e+06,3.29574e+06,-5.3924e+06,-51.1976,130.938,571084,-6353.93,-3255.08,1379.62
90,-2.92207e+06,3.26304e+06,-5.37828e+06,-51.0128,131.845,571011,-6324.43,-3284.72,1443.95
100,-2.98516e+06,3.23004e+06,-5.36352e+06,-50.8204,132.744,570935,-6294.22,-3314.02,1508.1
110,-3.04795e+06,3.19676e+06,-5.34812e+06,-50.6205,133.635,570856,-6263.3,-3342.97,1572.07
120,-3.11042e+06,3.16319e+06,-5.33208e+06,-50.4132,134.518,570774,-6231.68,-3371.57,1635.86
130,-3.17258e+06,3.12933e+06,-5.3154e+06,-50.1986,135.393,570688,-6199.36,-3399.82,1699.46
140,-3.23441e+06,3.09519e+06,-5.29809e+06,-49.9769,136.26,570600,-6166.35,-3427.71,1762.85
150,-3.2959e+06,3.06078e+06,-5.28015e+06,-49.7481,137.118,570509,-6132.64,-3455.25,1826.03
160,-3.35706e+06,3.02609e+06,-5.26157e+06,-49.5123,137.968,570415,-6098.25,-3482.43,1889
170,-3.41787e+06,2.99113e+06,-5.24237e+06,-49.2698,138.809,570318,-6063.17,-3509.24,1951.75
180,-3.47832e+06,2.9559e+06,-5.22254e+06,-49.0205,139.642,570218,-6027.4,-3535.69,2014.26
190,-3.53841e+06,2.92042e+06,-5.20208e+06,-48.7647,140.466,570115,-5990.97,-3561.78,2076.53
200,-3.59814e+06,2.88467e+06,-5.18101e+06,-48.5025,141.28,570010,-5953.85,-3587.5,2138.56
210,-3.65749e+06,2.84867e+06,-5.15931e+06,-48.2339,142.086,569901,-5916.07,-3612.85,2200.34
220,-3.71645e+06,2.81241e+06,-5.137e+06,-47.9592,142.884,569790,-5877.62,-3637.83,2261.85
230,-3.77503e+06,2.77591e+06,-5.11408e+06,-47.6784,143.672,569677,-5838.5,-3662.43,2323.1
240,-3.83322e+06,2.73917e+06,-5.09054e+06,-47.3916,144.451,569560,-5798.73,-3686.66,2384.07
250,-3.89101e+06,2.70218e+06,-5.0664e+06,-47.099,145.221,569441,-5758.31,-3710.51,2444.76
260,-3.94839e+06,2.66496e+06,-5.04165e+06,-46.8007,145.983,569320,-5717.23,-3733.98,2505.16
270,-4.00535e+06,2.6275e+06,-5.01629e+06,-46.4968,146.735,569196,-5675.5,-3757.07,2565.26
280,-4.06189e+06,2.58982e+06,-4.99034e+06,-46.1875,147.479,569070,-5633.14,-3779.78,2625.06
290,-4.11801e+06,2.55191e+06,-4.96379e+06,-45.8728,148.214,568941,-5590.14,-3802.1,2684.55
300,-4.17369e+06,2.51378e+06,-4.93665e+06,-45.5528,148.94,568810,-5546.5,-3824.04,2743.72
310,-4.22894e+06,2.47543e+06,-4.90892e+06,-45.2278,149.657,568677,-5502.23,-3845.59,2802.56
320,-4.28374e+06,2.43687e+06,-4.8806e+06,-44.8977,150.366,568541,-5457.34,-3866.74,2861.07
330,-4.33808e+06,2.3981e+06,-4.8517e+06,-44.5627,151.066,568404,-5411.84,-3887.51,2919.24
340,-4.39197e+06,2.35912e+06,-4.82222e+06,-44.223,151.758,568264,-5365.71,-3907.88,2977.07
350,-4.44539e+06,2.31994e+06,-4.79216e+06,-43.8786,152.441,568122,-5318.98,-3927.86,3034.54
360,-4.49835e+06,2.28056e+06,-4.76153e+06,-43.5296,153.116,567978,-5271.64,-3947.44,3091.65
370,-4.55082e+06,2.24099e+06,-4.73033e+06,-43.1762,153.783,567832,-5223.7,-3966.62,3148.4
380,-4.60282e+06,2.20123e+06,-4.69856e+06,-42.8184,154.441,567684,-5175.17,-3985.41,3204.77
390,-4.65433e+06,2.16129e+06,-4.66623e+06,-42.4563,155.092,567535,-5126.05,-4003.79,3260.76
400,-4.70534e+06,2.12116e+06,-4.63335e+06,-42.0901,155.734,567383,-5076.34,-4021.77,3316.36
410,-4.75585e+06,2.08085e+06,-4.59991e+06,-41.7198,156.369,567230,-5026.05,-4039.35,3371.57
420,-4.80586e+06,2.04037e+06,-4.56592e+06,-41.3456,156.996,567076,-4975.19,-4056.52,3426.38
430,-4.85535e+06,1.99972e+06,-4.53138e+06,-40.9674,157.615,566919,-4923.76,-4073.29,3480.78
440,-4.90433e+06,1.95891e+06,-4.4963e+06,-40.5856,158.227,566762,-4871.76,-4089.65,3534.77
450,-4.95278e+06,1.91793e+06,-4.46069e+06,-40.2,158.831,566602,-4819.21,-4105.6,3588.34
460,-5.00071e+06,1.8768e+06,-4.42454e+06,-39.8108,159.429,566442,-4766.11,-4121.15,3641.49
470,-5.0481e+06,1.83551e+06,-4.38786e+06,-39.4182,160.019,566279,-4712.46,-4136.28,3694.2
480,-5.09496e+06,1.79407e+06,-4.35066e+06,-39.0221,160.601,566116,-4658.26,-4151,3746.47
490,-5.14127e+06,1.75249e+06,-4.31293e+06,-38.6226,161.177,565952,-4603.53,-4165.31,3798.29
500,-5.18703e+06,1.71077e+06,-4.27469e+06,-38.2199,161.747,565786,-4548.28,-4179.21,3849.67
510,-5.23223e+06,1.66891e+06,-4.23594e+06,-37.8141,162.309,565619,-4492.49,-4192.69,3900.58
520,-5.27688e+06,1.62692e+06,-4.19668e+06,-37.4051,162.865,565451,-4436.19,-4205.75,3951.04
530,-5.32095e+06,1.5848e+06,-4.15692e+06,-36.9931,163.414,565282,-4379.38,-4218.4,4001.02
540,-5.36446e+06,1.54255e+06,-4.11666e+06,-36.5782,163.957,565113,-4322.07,-4230.64,4050.52
550,-5.40739e+06,1.50018e+06,-4.07591e+06,-36.1603,164.494,564942,-4264.25,-4242.45,4099.55
560,-5.44974e+06,1.4577e+06,-4.03467e+06,-35.7397,165.025,564771,-4205.94,-4253.85,4148.09
570,-5.49151e+06,1.41511e+06,-3.99295e+06,-35.3164,165.55,564599,-4147.14,-4264.83,4196.13
580,-5.53269e+06,1.37241e+06,-3.95075e+06,-34.8904,166.069,564426,-4087.86,-4275.39,4243.67
590,-5.57327e+06,1.3296e+06,-3.90808e+06,-34.4618,166.582,564253,-4028.11,-4285.52,4290.71
600,-5.61325e+06,1.2867e+06,-3.86494e+06,-34.0306,167.089,564079,-3967.89,-4295.24,4337.24
610,-5.65262e+06,1.2437e+06,-3.82134e+06,-33.597,167.591,563905,-3907.2,-4304.54,4383.25
620,-5.69139e+06,1.20061e+06,-3.77728e+06,-33.161,168.088,563730,-3846.07,-4313.41,4428.74
630,-5.72954e+06,1.15743e+06,-3.73276e+06,-32.7227,168.579,563555,-3784.48,-4321.86,4473.7
640,-5.76708e+06,1.11417e+06,-3.68781e+06,-32.282,169.065,563380,-3722.45,-4329.89,4518.13
650,-5.80399e+06,1.07084e+06,-3.6424e+06,-31.8392,169.546,563205,-3659.99,-4337.5,4562.02
660,-5.84027e+06,1.02743e+06,-3.59657e+06,-31.3941,170.023,563030,-3597.1,-4344.68,4605.36
670,-5.87593e+06,983945,-3.5503e+06,-30.947,170.494,562854,-3533.78,-4351.44,4648.16
680,-5.91095e+06,940399,-3.50361e+06,-30.4978,170.96,562679,-3470.05,-4357.77,4690.4
690,-5.94533e+06,896792,-3.45649e+06,-30.0466,171.422,562503,-3405.92,-4363.68,4732.09
700,-5.97907e+06,853127,-3.40897e+06,-29.5934,171.88,562328,-3341.38,-4369.16,4773.21
710,-6.01215e+06,809410,-3.36103e+06,-29.1384,172.332,562153,-3276.45,-4374.23,4813.76
720,-6.04459e+06,765644,-3.31269e+06,-28.6815,172.781,561979,-3211.13,-4378.86,4853.73
730,-6.07638e+06,721834,-3.26396e+06,-28.2228,173.225,561804,-3145.43,-4383.07,4893.13
740,-6.1075e+06,677984,-3.21483e+06,-27.7623,173.666,561631,-3079.36,-4386.86,4931.94
750,-6.13796e+06,634099,-3.16532e+06,-27.3001,174.102,561457,-3012.92,-4390.22,4970.17
760,-6.16776e+06,590182,-3.11543e+06,-26.8363,174.534,561284,-2946.13,-4393.16,5007.8
770,-6.19688e+06,546237,-3.06517e+06,-26.3709,174.963,561112,-2878.98,-4395.67,5044.83
780,-6.22534e+06,502270,-3.01454e+06,-25.9038,175.387,560941,-2811.5,-4397.76,5081.26
790,-6.25311e+06,458284,-2.96354e+06,-25.4353,175.808,560770,-2743.67,-4399.42,5117.08
800,-6.28021e+06,414283,-2.9122e+06,-24.9653,176.226,560600,-2675.52,-4400.66,5152.3
810,-6.30662e+06,370272,-2.8605e+06,-24.4938,176.64,560431,-2607.04,-4401.48,5186.89
820,-6.33235e+06,326255,-2.80846e+06,-24.0209,177.051,560262,-2538.25,-4401.87,5220.87
830,-6.35738e+06,282236,-2.75609e+06,-23.5466,177.458,560095,-2469.16,-4401.84,5254.22
840,-6.38173e+06,238220,-2.70338e+06,-23.071,177.862,559929,-2399.77,-4401.39,5286.95
850,-6.40538e+06,194210,-2.65035e+06,-22.5942,178.263,559764,-2330.08,-4400.51,5319.04
860,-6.42833e+06,150212,-2.597e+06,-22.116,178.661,559600,-2260.11,-4399.21,5350.5
870,-6.45058e+06,106228,-2.54334e+06,-21.6367,179.057,559437,-2189.87,-4397.5,5381.32
880,-6.47213e+06,62263.2,-2.48938e+06,-21.1562,179.449,559276,-2119.36,-4395.36,5411.49
890,-6.49297e+06,18322.2,-2.43511e+06,-20.6745,179.838,559115,-2048.59,-4392.8,5441.02
900,-6.5131e+06,-25591.1,-2.38056e+06,-20.1917,-179.775,558957,-1977.56,-4389.82,5469.89
910,-6.53252e+06,-69472.5,-2.32572e+06,-19.7079,-179.391,558799,-1906.3,-4386.42,5498.12
920,-6.55122e+06,-113318,-2.2706e+06,-19.2229,-179.009,558644,-1834.79,-4382.6,5525.68
930,-6.56921e+06,-157123,-2.21521e+06,-18.737,-178.63,558489,-1763.06,-4378.37,5552.58
940,-6.58648e+06,-200884,-2.15955e+06,-18.2501,-178.253,558337,-1691.1,-4373.72,5578.82
950,-6.60303e+06,-244596,-2.10363e+06,-17.7623,-177.879,558186,-1618.94,-4368.65,5604.39
960,-6.61886e+06,-288255,-2.04746e+06,-17.2736,-177.506,558036,-1546.57,-4363.17,5629.29
970,-6.63396e+06,-331858,-1.99105e+06,-16.7839,-177.136,557889,-1474,-4357.27,5653.51
980,-6.64834e+06,-375399,-1.9344e+06,-16.2934,-176.768,557743,-1401.24,-4350.96,5677.06
990,-6.66199e+06,-418875,-1.87751e+06,-15.8021,-176.402,557599,-1328.3,-4344.24,5699.93
