0,4.4587e+06,5.30827e+06,-9531.01,-0.0792616,49.9713,554242,-3105.91,2611.18,6059.78
5960,5.69651e+06,3.72388e+06,1.31112e+06,10.9704,33.1732,553472,-3227.34,2850.55,5886.86
5970,5.66392e+06,3.75219e+06,1.3699e+06,11.4687,33.5234,553469,-3290.99,2810.7,5870.75
5980,5.63069e+06,3.7801e+06,1.42853e+06,11.9665,33.875,553468,-3354.31,2770.6,5853.93
5990,5.59683e+06,3.8076e+06,1.48698e+06,12.4637,34.228,553470,-3417.29,2730.27,5836.41
10,4.4274e+06,5.33409e+06,51066,0.424682,50.3066,554178,-3155.15,2552.28,6059.53
20,4.3956e+06,5.35931e+06,111657,0.928615,50.6421,554116,-3204.09,2493.14,6058.55
30,4.36332e+06,5.38395e+06,172234,1.43252,50.9776,554057,-3252.74,2433.77,6056.84
40,4.33055e+06,5.40799e+06,232791,1.93636,51.3133,554001,-3301.08,2374.18,6054.41
50,4.2973e+06,5.43143e+06,293320,2.44013,51.6493,553948,-3349.13,2314.38,6051.25
60,4.26357e+06,5.45427e+06,353814,2.94379,51.9855,553898,-3396.86,2254.37,6047.36
70,4.22936e+06,5.47652e+06,414265,3.44733,52.3221,553850,-3444.27,2194.16,6042.75
80,4.19468e+06,5.49816e+06,474666,3.95073,52.6591,553806,-3491.37,2133.75,6037.41
90,4.15954e+06,5.51919e+06,535010,4.45395,52.9965,553764,-3538.13,2073.15,6031.34
100,4.12392e+06,5.53962e+06,595290,4.95698,53.3345,553725,-3584.57,2012.38,6024.55
110,4.08785e+06,5.55944e+06,655499,5.45979,53.673,553688,-3630.66,1951.43,6017.03
120,4.05131e+06,5.57865e+06,715628,5.96235,54.0122,553655,-3676.42,1890.31,6008.8
130,4.01432e+06,5.59724e+06,775672,6.46466,54.3521,553624,-3721.82,1829.04,5999.83
140,3.97687e+06,5.61523e+06,835622,6.96667,54.6927,553596,-3766.87,1767.61,5990.15
150,3.93898e+06,5.6326e+06,895472,7.46837,55.0342,553571,-3811.56,1706.03,5979.75
160,3.90064e+06,5.64935e+06,955215,7.96974,55.3765,553549,-3855.89,1644.32,5968.63
170,3.86187e+06,5.66548e+06,1.01484e+06,8.47074,55.7198,553529,-3899.85,1582.47,5956.79
180,3.82265e+06,5.681e+06,1.07435e+06,8.97136,56.064,553513,-3943.43,1520.49,5944.24
190,3.783e+06,5.69589e+06,1.13372e+06,9.47156,56.4094,553499,-3986.64,1458.4,5930.97
200,3.74292e+06,5.71016e+06,1.19296e+06,9.97133,56.7558,553487,-4029.46,1396.19,5916.99
210,3.70241e+06,5.72381e+06,1.25206e+06,10.4706,57.1035,553478,-4071.89,1333.88,5902.29
220,3.66148e+06,5.73684e+06,1.31101e+06,10.9695,57.4524,553472,-4113.92,1271.47,5886.89
230,3.62013e+06,5.74924e+06,1.3698e+06,11.4678,57.8026,553469,-4155.56,1208.97,5870.78
240,3.57837e+06,5.76102e+06,1.42842e+06,11.9656,58.1541,553468,-4196.79,1146.39,5853.96
250,3.5362e+06,5.77217e+06,1.48687e+06,12.4628,58.5072,553470,-4237.62,1083.72,5836.44
260,3.49362e+06,5.78269e+06,1.54515e+06,12.9594,58.8617,553475,-4278.03,1020.99,5818.22
270,3.45064e+06,5.79259e+06,1.60324e+06,13.4554,59.2178,553482,-4318.02,958.193,5799.3
280,3.40726e+06,5.80186e+06,1.66113e+06,13.9507,59.5755,553491,-4357.58,895.339,5779.68
290,3.36349e+06,5.8105e+06,1.71883e+06,14.4454,59.935,553503,-4396.72,832.436,5759.37
300,3.31933e+06,5.81851e+06,1.77632e+06,14.9394,60.2962,553518,-4435.43,769.489,5738.37
310,3.27478e+06,5.82589e+06,1.83359e+06,15.4326,60.6593,553535,-4473.7,706.507,5716.67
320,3.22986e+06,5.83264e+06,1.89065e+06,15.9251,61.0243,553554,-4511.53,643.496,5694.29
330,3.18455e+06,5.83876e+06,1.94748e+06,16.4168,61.3912,553576,-4548.91,580.462,5671.22
340,3.13888e+06,5.84425e+06,2.00407e+06,16.9077,61.7603,553600,-4585.84,517.414,5647.48
350,3.09284e+06,5.8491e+06,2.06042e+06,17.3978,62.1314,553627,-4622.31,454.357,5623.05
360,3.04643e+06,5.85333e+06,2.11653e+06,17.8869,62.5048,553655,-4658.33,391.299,5597.95
370,2.99967e+06,5.85693e+06,2.17238e+06,18.3752,62.8804,553686,-4693.88,328.246,5572.17
380,2.95256e+06,5.8599e+06,2.22797e+06,18.8625,63.2584,553720,-4728.96,265.206,5545.72
390,2.90509e+06,5.86223e+06,2.28329e+06,19.3488,63.6388,553755,-4763.57,202.185,5518.61
400,2.85729e+06,5.86394e+06,2.33834e+06,19.8342,64.0217,553793,-4797.7,139.19,5490.84
410,2.80914e+06,5.86502e+06,2.39311e+06,20.3185,64.4072,553832,-4831.36,76.2288,5462.4
420,2.76066e+06,5.86547e+06,2.44758e+06,20.8017,64.7953,553874,-4864.52,13.3072,5433.31
430,2.71185e+06,5.86528e+06,2.50177e+06,21.2838,65.1862,553918,-4897.2,-49.5676,5403.57
440,2.66272e+06,5.86447e+06,2.55565e+06,21.7648,65.5799,553963,-4929.39,-112.389,5373.17
450,2.61327e+06,5.86304e+06,2.60923e+06,22.2446,65.9766,554011,-4961.08,-175.15,5342.13
460,2.5635e+06,5.86097e+06,2.66249e+06,22.7232,66.3762,554060,-4992.27,-237.843,5310.45
470,2.51342e+06,5.85828e+06,2.71544e+06,23.2005,66.7788,554112,-5022.95,-300.462,5278.13
480,2.46304e+06,5.85496e+06,2.76805e+06,23.6766,67.1847,554165,-5053.13,-363.001,5245.18
490,2.41236e+06,5.85102e+06,2.82034e+06,24.1513,67.5938,554220,-5082.79,-425.452,5211.6
500,2.36139e+06,5.84645e+06,2.87228e+06,24.6246,68.0062,554276,-5111.94,-487.809,5177.39
510,2.31013e+06,5.84126e+06,2.92388e+06,25.0966,68.422,554335,-5140.57,-550.065,5142.56
520,2.25858e+06,5.83545e+06,2.97513e+06,25.5671,68.8414,554394,-5168.67,-612.213,5107.11
530,2.20675e+06,5.82902e+06,3.02602e+06,26.0361,69.2643,554456,-5196.25,-674.246,5071.05
540,2.15466e+06,5.82197e+06,3.07655e+06,26.5035,69.691,554519,-5223.3,-736.159,5034.38
550,2.10229e+06,5.8143e+06,3.12671e+06,26.9694,70.1214,554583,-5249.82,-797.944,4997.1
560,2.04966e+06,5.80601e+06,3.17649e+06,27.4337,70.5557,554649,-5275.8,-859.594,4959.22
570,1.99678e+06,5.79711e+06,3.22589e+06,27.8963,70.9941,554716,-5301.23,-921.103,4920.75
580,1.94364e+06,5.78759e+06,3.2749e+06,28.3572,71.4365,554784,-5326.13,-982.465,4881.69
590,1.89025e+06,5.77746e+06,3.32352e+06,28.8163,71.8831,554854,-5350.48,-1043.67,4842.04
600,1.83663e+06,5.76672e+06,3.37174e+06,29.2737,72.3339,554925,-5374.28,-1104.72,4801.81
610,1.78277e+06,5.75536e+06,3.41956e+06,29.7291,72.7892,554997,-5397.53,-1165.6,4761.01
620,1.72868e+06,5.7434e+06,3.46696e+06,30.1827,73.249,555070,-5420.22,-1226.31,4719.63
630,1.67437e+06,5.73084e+06,3.51395e+06,30.6343,73.7133,555144,-5442.35,-1286.83,4677.68
640,1.61984e+06,5.71767e+06,3.56051e+06,31.0838,74.1824,555220,-5463.92,-1347.17,4635.18
650,1.56509e+06,5.7039e+06,3.60665e+06,31.5313,74.6562,555296,-5484.93,-1407.32,4592.12
660,1.51014e+06,5.68952e+06,3.65235e+06,31.9767,75.135,555373,-5505.37,-1467.27,4548.5
670,1.45499e+06,5.67455e+06,3.69762e+06,32.4199,75.6189,555450,-5525.24,-1527.01,4504.35
680,1.39964e+06,5.65898e+06,3.74244e+06,32.8609,76.1078,555529,-5544.54,-1586.54,4459.65
690,1.3441e+06,5.64282e+06,3.78681e+06,33.2995,76.602,555608,-5563.26,-1645.85,4414.41
700,1.28837e+06,5.62607e+06,3.83072e+06,33.7358,77.1016,555688,-5581.41,-1704.94,4368.65
710,1.23247e+06,5.60872e+06,3.87418e+06,34.1697,77.6067,555769,-5598.97,-1763.8,4322.36
720,1.1764e+06,5.59079e+06,3.91717e+06,34.6011,78.1174,555850,-5615.95,-1822.42,4275.55
730,1.12015e+06,5.57227e+06,3.95969e+06,35.0299,78.6337,555931,-5632.35,-1880.79,4228.23
740,1.06375e+06,5.55318e+06,4.00173e+06,35.4561,79.1559,556013,-5648.16,-1938.92,4180.41
750,1.00719e+06,5.5335e+06,4.0433e+06,35.8796,79.6841,556096,-5663.38,-1996.8,4132.08
760,950486,5.51324e+06,4.08437e+06,36.3004,80.2183,556179,-5678.01,-2054.41,4083.26
770,893635,5.49241e+06,4.12496e+06,36.7183,80.7587,556262,-5692.05,-2111.75,4033.94
780,836647,5.47101e+06,4.16505e+06,37.1333,81.3055,556345,-5705.49,-2168.82,3984.15
790,779527,5.44903e+06,4.20464e+06,37.5454,81.8586,556428,-5718.33,-2225.62,3933.87
800,722282,5.4265e+06,4.24372e+06,37.9544,82.4183,556512,-5730.58,-2282.12,3883.13
810,664918,5.40339e+06,4.2823e+06,38.3602,82.9847,556595,-5742.22,-2338.34,3831.92
820,607440,5.37973e+06,4.32036e+06,38.7629,83.5579,556679,-5753.26,-2394.26,3780.25
830,549855,5.35551e+06,4.3579e+06,39.1622,84.1379,556762,-5763.69,-2449.88,3728.12
840,492168,5.33073e+06,4.39492e+06,39.5582,84.725,556845,-5773.52,-2505.19,3675.55
850,434386,5.30541e+06,4.43141e+06,39.9507,85.3193,556928,-5782.74,-2560.18,3622.54
860,376515,5.27953e+06,4.46737e+06,40.3397,85.9208,557011,-5791.34,-2614.86,3569.1
870,318561,5.25311e+06,4.50279e+06,40.725,86.5297,557094,-5799.34,-2669.21,3515.23
880,260531,5.22615e+06,4.53767e+06,41.1066,87.1461,557176,-5806.73,-2723.23,3460.93
890,202429,5.19865e+06,4.57201e+06,41.4844,87.7701,557258,-5813.5,-2776.91,3406.22
900,144263,5.17061e+06,4.6058e+06,41.8583,88.4018,557340,-5819.65,-2830.25,3351.11
910,86038,5.14204e+06,4.63903e+06,42.2281,89.0414,557421,-5825.19,-2883.24,3295.59
920,27761,5.11295e+06,4.67171e+06,42.5938,89.6889,557501,-5830.12,-2935.89,3239.68
930,-30562.2,5.08333e+06,4.70382e+06,42.9554,90.3445,557581,-5834.42,-2988.17,3183.38
940,-88925.3,5.05318e+06,4.73537e+06,43.3126,91.0082,557660,-5838.1,-3040.09,3126.7
950,-147322,5.02253e+06,4.76636e+06,43.6653,91.6801,557739,-5841.17,-3091.64,3069.64
960,-205746,4.99135e+06,4.79677e+06,44.0136,92.3604,557816,-5843.61,-3142.82,3012.22
970,-264192,4.95967e+06,4.8266e+06,44.3572,93.0492,557893,-5845.43,-3193.62,2954.43
980,-322653,4.92748e+06,4.85585e+06,44.6961,93.7464,557969,-5846.62,-3244.03,2896.29
990,-381122,4.89479e+06,4.88452e+06,45.0302,94.4522,558045,-5847.2,-3294.06,2837.81
