5960,6.87087e+06,-670055,746724,6.21138,-5.56993,565847,-952.725,-1345.69,7477.05
0,6.45345e+06,2.45219e+06,-760061,-6.32126,20.8058,567478,1271.05,-1048.7,7475.46
5970,6.86093e+06,-683465,821449,6.83577,-5.68886,565811,-1036.17,-1336.21,7467.68
5980,6.85015e+06,-696778,896075,7.46013,-5.80799,565780,-1119.47,-1326.44,7457.41
5990,6.83854e+06,-709993,970594,8.08448,-5.92734,565752,-1202.64,-1316.4,7446.25
10,6.46577e+06,2.44155e+06,-685263,-5.69715,20.6871,567357,1192.88,-1079.52,7484.1
20,6.47731e+06,2.4306e+06,-610382,-5.07299,20.5685,567239,1114.53,-1110.1,7491.84
30,6.48806e+06,2.41934e+06,-535429,-4.4488,20.4501,567126,1036,-1140.43,7498.68
40,6.49803e+06,2.40779e+06,-460412,-3.82456,20.3318,567017,957.295,-1170.51,7504.63
50,6.50721e+06,2.39593e+06,-385339,-3.2003,20.2136,566912,878.43,-1200.34,7509.68
60,6.5156e+06,2.38378e+06,-310221,-2.576,20.0954,566811,799.416,-1229.91,7513.84
70,6.5232e+06,2.37134e+06,-235065,-1.95168,19.9774,566714,720.26,-1259.23,7517.1
80,6.53e+06,2.3586e+06,-159882,-1.32734,19.8594,566622,640.973,-1288.28,7519.45
90,6.53602e+06,2.34557e+06,-84679.1,-0.702969,19.7415,566534,561.565,-1317.06,7520.92
100,6.54123e+06,2.33226e+06,-9466.27,-0.0785839,19.6236,566450,482.046,-1345.57,7521.48
110,6.54566e+06,2.31866e+06,65747.6,0.545816,19.5056,566371,402.425,-1373.81,7521.14
120,6.54928e+06,2.30478e+06,140954,1.17023,19.3877,566296,322.713,-1401.76,7519.91
130,6.55211e+06,2.29063e+06,216143,1.79465,19.2697,566225,242.92,-1429.44,7517.77
140,6.55414e+06,2.2762e+06,291306,2.41908,19.1517,566158,163.055,-1456.83,7514.74
150,6.55537e+06,2.26149e+06,366435,3.04351,19.0336,566096,83.1292,-1483.94,7510.81
160,6.5558e+06,2.24652e+06,441520,3.66794,18.9154,566038,3.15167,-1510.75,7505.98
170,6.55543e+06,2.23128e+06,516552,4.29236,18.7971,565985,-76.8673,-1537.26,7500.26
180,6.55427e+06,2.21577e+06,591522,4.91679,18.6786,565936,-156.918,-1563.48,7493.63
190,6.5523e+06,2.20001e+06,666421,5.5412,18.5601,565891,-236.989,-1589.39,7486.11
200,6.54953e+06,2.18399e+06,741241,6.1656,18.4413,565850,-317.072,-1615,7477.7
210,6.54595e+06,2.16771e+06,815973,6.78998,18.3224,565814,-397.156,-1640.31,7468.39
220,6.54158e+06,2.15118e+06,890606,7.41435,18.2033,565782,-477.232,-1665.3,7458.19
230,6.53641e+06,2.13441e+06,965134,8.0387,18.084,565754,-557.288,-1689.98,7447.1
240,6.53044e+06,2.11738e+06,1.03955e+06,8.66302,17.9644,565730,-637.316,-1714.34,7435.12
250,6.52366e+06,2.10012e+06,1.11383e+06,9.28731,17.8446,565711,-717.304,-1738.38,7422.25
260,6.51609e+06,2.08262e+06,1.18799e+06,9.91158,17.7245,565696,-797.244,-1762.1,7408.49
270,6.50772e+06,2.06488e+06,1.262e+06,10.5358,17.6041,565685,-877.124,-1785.49,7393.84
280,6.49855e+06,2.04691e+06,1.33586e+06,11.16,17.4833,565679,-956.935,-1808.56,7378.31
290,6.48858e+06,2.02871e+06,1.40956e+06,11.7842,17.3623,565676,-1036.67,-1831.29,7361.9
300,6.47782e+06,2.01028e+06,1.4831e+06,12.4083,17.2409,565678,-1116.31,-1853.69,7344.61
310,6.46626e+06,1.99164e+06,1.55645e+06,13.0323,17.1191,565683,-1195.85,-1875.76,7326.44
320,6.4539e+06,1.97277e+06,1.62962e+06,13.6564,16.9969,565693,-1275.29,-1897.49,7307.39
330,6.44075e+06,1.95369e+06,1.7026e+06,14.2803,16.8742,565707,-1354.6,-1918.87,7287.47
340,6.42681e+06,1.93439e+06,1.77537e+06,14.9042,16.7512,565724,-1433.79,-1939.91,7266.68
350,6.41208e+06,1.91489e+06,1.84793e+06,15.5281,16.6276,565746,-1512.83,-1960.61,7245.02
360,6.39655e+06,1.89518e+06,1.92027e+06,16.1519,16.5036,565772,-1591.73,-1980.96,7222.49
370,6.38024e+06,1.87527e+06,1.99238e+06,16.7756,16.379,565801,-1670.46,-2000.96,7199.1
380,6.36314e+06,1.85516e+06,2.06425e+06,17.3993,16.254,565834,-1749.03,-2020.61,7174.85
390,6.34526e+06,1.83486e+06,2.13587e+06,18.0229,16.1283,565871,-1827.42,-2039.9,7149.74
400,6.3266e+06,1.81437e+06,2.20724e+06,18.6464,16.002,565912,-1905.62,-2058.84,7123.78
410,6.30715e+06,1.79369e+06,2.27834e+06,19.2698,15.8752,565957,-1983.62,-2077.42,7096.96
420,6.28692e+06,1.77282e+06,2.34918e+06,19.8932,15.7477,566005,-2061.41,-2095.63,7069.3
430,6.26592e+06,1.75177e+06,2.41973e+06,20.5165,15.6195,566057,-2138.98,-2113.49,7040.79
440,6.24415e+06,1.73055e+06,2.48999e+06,21.1397,15.4906,566112,-2216.33,-2130.98,7011.44
450,6.2216e+06,1.70916e+06,2.55995e+06,21.7628,15.361,566171,-2293.43,-2148.11,6981.25
460,6.19828e+06,1.68759e+06,2.62961e+06,22.3858,15.2306,566233,-2370.29,-2164.87,6950.23
470,6.17419e+06,1.66586e+06,2.69895e+06,23.0087,15.0994,566298,-2446.89,-2181.26,6918.37
480,6.14934e+06,1.64397e+06,2.76798e+06,23.6315,14.9674,566367,-2523.22,-2197.28,6885.69
490,6.12373e+06,1.62191e+06,2.83667e+06,24.2542,14.8346,566439,-2599.27,-2212.92,6852.19
500,6.09736e+06,1.59971e+06,2.90502e+06,24.8768,14.7009,566515,-2675.04,-2228.2,6817.87
510,6.07023e+06,1.57735e+06,2.97302e+06,25.4993,14.5662,566593,-2750.51,-2243.1,6782.73
520,6.04235e+06,1.55485e+06,3.04067e+06,26.1217,14.4306,566675,-2825.68,-2257.62,6746.78
530,6.01372e+06,1.5322e+06,3.10795e+06,26.744,14.294,566759,-2900.53,-2271.76,6710.03
540,5.98434e+06,1.50941e+06,3.17487e+06,27.3661,14.1563,566847,-2975.05,-2285.53,6672.48
550,5.95422e+06,1.48649e+06,3.2414e+06,27.9881,14.0176,566937,-3049.24,-2298.91,6634.12
560,5.92335e+06,1.46344e+06,3.30755e+06,28.61,13.8777,567030,-3123.09,-2311.92,6594.98
570,5.89176e+06,1.44025e+06,3.3733e+06,29.2318,13.7367,567126,-3196.58,-2324.54,6555.05
580,5.85942e+06,1.41695e+06,3.43865e+06,29.8534,13.5945,567224,-3269.71,-2336.78,6514.33
590,5.82636e+06,1.39352e+06,3.50358e+06,30.4749,13.451,567325,-3342.47,-2348.63,6472.84
600,5.79258e+06,1.36998e+06,3.5681e+06,31.0963,13.3063,567429,-3414.85,-2360.1,6430.58
610,5.75807e+06,1.34632e+06,3.63219e+06,31.7175,13.1602,567535,-3486.83,-2371.19,6387.54
620,5.72284e+06,1.32255e+06,3.69585e+06,32.3385,13.0127,567643,-3558.42,-2381.89,6343.75
630,5.6869e+06,1.29868e+06,3.75906e+06,32.9594,12.8637,567754,-3629.6,-2392.2,6299.2
640,5.65025e+06,1.27471e+06,3.82183e+06,33.5801,12.7132,567867,-3700.36,-2402.12,6253.89
650,5.61289e+06,1.25064e+06,3.88414e+06,34.2007,12.5612,567982,-3770.7,-2411.66,6207.84
660,5.57484e+06,1.22648e+06,3.94598e+06,34.8211,12.4076,568099,-3840.6,-2420.8,6161.05
670,5.53608e+06,1.20223e+06,4.00736e+06,35.4413,12.2522,568218,-3910.05,-2429.56,6113.52
680,5.49664e+06,1.17789e+06,4.06825e+06,36.0614,12.0951,568339,-3979.05,-2437.93,6065.27
690,5.4565e+06,1.15347e+06,4.12866e+06,36.6813,11.9362,568461,-4047.59,-2445.9,6016.29
700,5.41569e+06,1.12897e+06,4.18858e+06,37.3009,11.7754,568586,-4115.66,-2453.49,5966.59
710,5.37419e+06,1.1044e+06,4.24799e+06,37.9204,11.6127,568712,-4183.25,-2460.69,5916.18
720,5.33202e+06,1.07976e+06,4.3069e+06,38.5397,11.4478,568839,-4250.35,-2467.49,5865.07
730,5.28919e+06,1.05505e+06,4.36529e+06,39.1588,11.2809,568968,-4316.95,-2473.91,5813.26
740,5.24569e+06,1.03028e+06,4.42316e+06,39.7777,11.1118,569099,-4383.05,-2479.93,5760.75
750,5.20153e+06,1.00545e+06,4.4805e+06,40.3964,10.9403,569231,-4448.64,-2485.57,5707.56
760,5.15672e+06,980572,4.53731e+06,41.0148,10.7665,569364,-4513.7,-2490.81,5653.69
770,5.11126e+06,955640,4.59357e+06,41.633,10.5902,569498,-4578.24,-2495.66,5599.14
780,5.06515e+06,930660,4.64929e+06,42.251,10.4113,569633,-4642.23,-2500.13,5543.93
790,5.01841e+06,905638,4.70445e+06,42.8687,10.2297,569769,-4705.68,-2504.2,5488.05
800,4.97104e+06,880578,4.75905e+06,43.4862,10.0453,569906,-4768.58,-2507.88,5431.52
810,4.92304e+06,855482,4.81308e+06,44.1035,9.8579,570044,-4830.91,-2511.18,5374.35
820,4.87443e+06,830355,4.86653e+06,44.7205,9.6675,570182,-4892.68,-2514.08,5316.53
830,4.82519e+06,805201,4.91941e+06,45.3372,9.47391,570321,-4953.86,-2516.6,5258.09
840,4.77535e+06,780024,4.97169e+06,45.9536,9.27699,570461,-5014.46,-2518.73,5199.01
850,4.7249e+06,754828,5.02339e+06,46.5697,9.0766,570601,-5074.46,-2520.48,5139.32
860,4.67386e+06,729616,5.07448e+06,47.1855,8.87258,570741,-5133.86,-2521.83,5079.02
870,4.62223e+06,704393,5.12496e+06,47.8011,8.66478,570882,-5192.66,-2522.81,5018.11
880,4.57001e+06,679161,5.17484e+06,48.4163,8.45301,571022,-5250.84,-2523.39,4956.6
890,4.51721e+06,653926,5.22409e+06,49.0311,8.23709,571163,-5308.39,-2523.59,4894.5
900,4.46385e+06,628691,5.27273e+06,49.6457,8.01684,571304,-5365.31,-2523.41,4831.82
910,4.40991e+06,603459,5.32073e+06,50.2598,7.79204,571445,-5421.59,-2522.85,4768.57
920,4.35542e+06,578235,5.3681e+06,50.8737,7.56249,571586,-5477.23,-2521.91,4704.75
930,4.30037e+06,553022,5.41482e+06,51.4871,7.32794,571726,-5532.22,-2520.59,4640.37
940,4.24477e+06,527824,5.4609e+06,52.1001,7.08816,571866,-5586.54,-2518.89,4575.44
950,4.18864e+06,502645,5.50633e+06,52.7127,6.84289,572006,-5640.2,-2516.81,4509.96
960,4.13197e+06,477489,5.5511e+06,53.3249,6.59184,572145,-5693.19,-2514.35,4443.95
970,4.07478e+06,452359,5.59521e+06,53.9366,6.33472,572283,-5745.49,-2511.52,4377.41
980,4.01706e+06,427260,5.63865e+06,54.5479,6.07122,572421,-5797.11,-2508.32,4310.35
990,3.95884e+06,402194,5.68141e+06,55.1587,5.801,572558,-5848.03,-2504.74,4242.78
