0,3.79655e+06,-1.89435e+06,5.4723e+06,52.3832,-26.5177,559727,4188.61,5896.57,-862.75
5960,3.97871e+06,-2.41872e+06,5.12608e+06,47.926,-31.2961,558708,5492.61,4214.45,-2269.22
5970,4.03343e+06,-2.37647e+06,5.10308e+06,47.6436,-30.5063,558644,5451.01,4235.05,-2330.63
5980,4.08773e+06,-2.33402e+06,5.07947e+06,47.3551,-29.7256,558578,5408.8,4255.21,-2391.76
5990,4.1416e+06,-2.29137e+06,5.05525e+06,47.0609,-28.9538,558511,5365.97,4274.92,-2452.61
10,3.83825e+06,-1.83531e+06,5.46335e+06,52.2624,-25.5554,559699,4151.73,5912.71,-928.383
20,3.87958e+06,-1.7761e+06,5.45374e+06,52.1332,-24.5987,559670,4114.37,5928.2,-993.905
30,3.92054e+06,-1.71675e+06,5.44347e+06,51.9955,-23.6479,559639,4076.55,5943.04,-1059.31
40,3.96111e+06,-1.65724e+06,5.43255e+06,51.8496,-22.7034,559605,4038.26,5957.23,-1124.58
50,4.0013e+06,-1.5976e+06,5.42098e+06,51.6955,-21.7654,559570,3999.51,5970.76,-1189.73
60,4.0411e+06,-1.53783e+06,5.40876e+06,51.5332,-20.8342,559533,3960.31,5983.64,-1254.73
70,4.0805e+06,-1.47793e+06,5.39589e+06,51.3629,-19.9101,559494,3920.65,5995.86,-1319.58
80,4.11951e+06,-1.41792e+06,5.38237e+06,51.1848,-18.9932,559454,3880.54,6007.43,-1384.27
90,4.15811e+06,-1.35779e+06,5.3682e+06,50.9989,-18.0839,559411,3839.98,6018.34,-1448.8
100,4.19631e+06,-1.29755e+06,5.35339e+06,50.8052,-17.1823,559367,3798.98,6028.6,-1513.15
110,4.23409e+06,-1.23722e+06,5.33794e+06,50.6041,-16.2886,559321,3757.54,6038.19,-1577.32
120,4.27146e+06,-1.17679e+06,5.32185e+06,50.3955,-15.4029,559273,3715.67,6047.13,-1641.31
130,4.3084e+06,-1.11628e+06,5.30511e+06,50.1795,-14.5255,559224,3673.36,6055.4,-1705.09
140,4.34492e+06,-1.05568e+06,5.28774e+06,49.9564,-13.6565,559173,3630.63,6063.02,-1768.68
150,4.38101e+06,-995019,5.26974e+06,49.7261,-12.796,559120,3587.47,6069.98,-1832.05
160,4.41667e+06,-934287,5.2511e+06,49.4889,-11.9441,559066,3543.9,6076.28,-1895.2
170,4.45189e+06,-873496,5.23184e+06,49.2449,-11.1009,559010,3499.91,6081.91,-1958.13
180,4.48667e+06,-812651,5.21194e+06,48.9942,-10.2664,558953,3455.51,6086.89,-2020.82
190,4.521e+06,-751760,5.19142e+06,48.7368,-9.44087,558894,3410.71,6091.21,-2083.27
200,4.55488e+06,-690830,5.17028e+06,48.4731,-8.62421,558834,3365.5,6094.86,-2145.47
210,4.58831e+06,-629865,5.14851e+06,48.2029,-7.81649,558772,3319.9,6097.86,-2207.42
220,4.62128e+06,-568875,5.12613e+06,47.9266,-7.01775,558709,3273.91,6100.2,-2269.1
230,4.65379e+06,-507864,5.10313e+06,47.6441,-6.228,558644,3227.52,6101.87,-2330.51
240,4.68583e+06,-446840,5.07952e+06,47.3557,-5.44724,558578,3180.76,6102.89,-2391.64
250,4.7174e+06,-385808,5.0553e+06,47.0615,-4.67548,558511,3133.61,6103.25,-2452.49
260,4.7485e+06,-324777,5.03047e+06,46.7615,-3.91269,558443,3086.09,6102.95,-2513.04
270,4.77912e+06,-263752,5.00504e+06,46.4559,-3.15885,558374,3038.2,6101.99,-2573.29
280,4.80926e+06,-202739,4.97901e+06,46.1449,-2.41393,558303,2989.94,6100.38,-2633.23
290,4.83892e+06,-141746,4.95238e+06,45.8285,-1.67789,558231,2941.33,6098.1,-2692.86
300,4.86809e+06,-80779.6,4.92515e+06,45.5068,-0.950662,558159,2892.36,6095.18,-2752.16
310,4.89676e+06,-19845.2,4.89734e+06,45.18,-0.232203,558085,2843.03,6091.59,-2811.14
320,4.92495e+06,41050,4.86893e+06,44.8482,0.477556,558010,2793.37,6087.36,-2869.78
330,4.95263e+06,101900,4.83994e+06,44.5115,1.17869,557935,2743.36,6082.47,-2928.07
340,4.97981e+06,162697,4.81037e+06,44.17,1.87126,557858,2693.01,6076.93,-2986.02
350,5.00649e+06,223436,4.78022e+06,43.8238,2.55537,557781,2642.34,6070.73,-3043.61
360,5.03266e+06,284110,4.7495e+06,43.4731,3.2311,557703,2591.34,6063.89,-3100.83
370,5.05831e+06,344711,4.71821e+06,43.1179,3.89854,557624,2540.02,6056.4,-3157.68
380,5.08346e+06,405235,4.68635e+06,42.7583,4.55778,557545,2488.38,6048.26,-3214.16
390,5.10808e+06,465674,4.65393e+06,42.3945,5.20893,557465,2436.43,6039.48,-3270.24
400,5.13218e+06,526023,4.62094e+06,42.0265,5.85209,557384,2384.18,6030.05,-3325.94
410,5.15576e+06,586273,4.58741e+06,41.6545,6.48736,557303,2331.63,6019.98,-3381.24
420,5.17882e+06,646420,4.55332e+06,41.2785,7.11486,557221,2278.78,6009.27,-3436.13
430,5.20134e+06,706456,4.51869e+06,40.8986,7.7347,557139,2225.65,5997.92,-3490.62
440,5.22333e+06,766376,4.48351e+06,40.5149,8.34698,557057,2172.23,5985.93,-3544.68
450,5.24478e+06,826173,4.4478e+06,40.1276,8.95183,556974,2118.53,5973.3,-3598.32
460,5.2657e+06,885840,4.41155e+06,39.7367,9.54936,556891,2064.56,5960.04,-3651.53
470,5.28607e+06,945372,4.37477e+06,39.3423,10.1397,556808,2010.32,5946.15,-3704.3
480,5.3059e+06,1.00476e+06,4.33746e+06,38.9445,10.7229,556725,1955.82,5931.63,-3756.63
490,5.32519e+06,1.064e+06,4.29964e+06,38.5433,11.2992,556642,1901.07,5916.48,-3808.5
500,5.34392e+06,1.12309e+06,4.26129e+06,38.1389,11.8687,556558,1846.06,5900.71,-3859.92
510,5.36211e+06,1.18201e+06,4.22244e+06,37.7313,12.4314,556475,1790.81,5884.31,-3910.88
520,5.37974e+06,1.24077e+06,4.18308e+06,37.3206,12.9875,556392,1735.32,5867.29,-3961.37
530,5.39681e+06,1.29936e+06,4.14321e+06,36.907,13.5371,556308,1679.6,5849.65,-4011.38
540,5.41333e+06,1.35776e+06,4.10285e+06,36.4903,14.0804,556225,1623.65,5831.4,-4060.92
550,5.42929e+06,1.41598e+06,4.062e+06,36.0708,14.6174,556143,1567.48,5812.53,-4109.96
560,5.44468e+06,1.47401e+06,4.02065e+06,35.6486,15.1483,556060,1511.09,5793.05,-4158.52
570,5.45951e+06,1.53184e+06,3.97883e+06,35.2236,15.6732,555978,1454.49,5772.96,-4206.57
580,5.47377e+06,1.58947e+06,3.93652e+06,34.7959,16.1922,555897,1397.68,5752.26,-4254.12
590,5.48746e+06,1.64689e+06,3.89375e+06,34.3657,16.7054,555815,1340.68,5730.96,-4301.16
600,5.50058e+06,1.70409e+06,3.8505e+06,33.933,17.213,555735,1283.48,5709.06,-4347.68
610,5.51313e+06,1.76106e+06,3.8068e+06,33.4978,17.7151,555655,1226.1,5686.56,-4393.69
620,5.5251e+06,1.81782e+06,3.76263e+06,33.0602,18.2117,555575,1168.54,5663.47,-4439.16
630,5.5365e+06,1.87433e+06,3.71801e+06,32.6203,18.7031,555496,1110.8,5639.78,-4484.1
640,5.54732e+06,1.93061e+06,3.67295e+06,32.1781,19.1892,555418,1052.9,5615.51,-4528.51
650,5.55756e+06,1.98664e+06,3.62745e+06,31.7337,19.6703,555341,994.829,5590.65,-4572.37
660,5.56721e+06,2.04242e+06,3.58151e+06,31.2872,20.1464,555265,936.604,5565.21,-4615.68
670,5.57629e+06,2.09794e+06,3.53513e+06,30.8385,20.6176,555189,878.229,5539.19,-4658.44
680,5.58478e+06,2.1532e+06,3.48834e+06,30.3878,21.0841,555115,819.71,5512.59,-4700.64
690,5.59268e+06,2.20819e+06,3.44112e+06,29.9352,21.5459,555041,761.052,5485.42,-4742.27
700,5.6e+06,2.26291e+06,3.3935e+06,29.4806,22.0032,554969,702.263,5457.68,-4783.34
710,5.60673e+06,2.31734e+06,3.34546e+06,29.0241,22.456,554897,643.348,5429.38,-4823.83
720,5.61287e+06,2.37149e+06,3.29702e+06,28.5658,22.9046,554827,584.313,5400.51,-4863.74
730,5.61841e+06,2.42535e+06,3.24819e+06,28.1057,23.3489,554758,525.166,5371.08,-4903.07
740,5.62337e+06,2.47891e+06,3.19896e+06,27.6439,23.789,554690,465.911,5341.1,-4941.81
750,5.62773e+06,2.53217e+06,3.14935e+06,27.1803,24.2252,554624,406.556,5310.57,-4979.96
760,5.6315e+06,2.58512e+06,3.09936e+06,26.7152,24.6574,554559,347.107,5279.49,-5017.51
770,5.63467e+06,2.63776e+06,3.049e+06,26.2484,25.0857,554496,287.57,5247.87,-5054.45
780,5.63725e+06,2.69008e+06,2.99828e+06,25.7801,25.5103,554434,227.951,5215.71,-5090.79
790,5.63923e+06,2.74207e+06,2.94719e+06,25.3103,25.9313,554373,168.256,5183.01,-5126.52
800,5.64062e+06,2.79374e+06,2.89575e+06,24.839,26.3487,554314,108.493,5149.78,-5161.63
810,5.6414e+06,2.84507e+06,2.84396e+06,24.3663,26.7627,554257,48.6677,5116.02,-5196.12
820,5.64159e+06,2.89606e+06,2.79183e+06,23.8922,27.1733,554202,-11.2139,5081.74,-5229.99
830,5.64118e+06,2.9467e+06,2.73936e+06,23.4167,27.5806,554148,-71.1452,5046.94,-5263.23
840,5.64017e+06,2.99699e+06,2.68657e+06,22.94,27.9847,554096,-131.12,5011.62,-5295.84
850,5.63856e+06,3.04693e+06,2.63345e+06,22.462,28.3857,554045,-191.131,4975.8,-5327.81
860,5.63634e+06,3.09651e+06,2.58001e+06,21.9827,28.7836,553997,-251.172,4939.47,-5359.14
870,5.63353e+06,3.14572e+06,2.52627e+06,21.5023,29.1786,553950,-311.238,4902.63,-5389.83
880,5.63012e+06,3.19456e+06,2.47222e+06,21.0207,29.5708,553906,-371.321,4865.3,-5419.87
890,5.62611e+06,3.24302e+06,2.41787e+06,20.5379,29.9602,553863,-431.414,4827.47,-5449.26
900,5.62149e+06,3.29111e+06,2.36324e+06,20.0541,30.3469,553823,-491.512,4789.16,-5477.99
910,5.61628e+06,3.3388e+06,2.30832e+06,19.5693,30.7309,553784,-551.608,4750.36,-5506.06
920,5.61046e+06,3.38611e+06,2.25312e+06,19.0834,31.1125,553748,-611.695,4711.08,-5533.48
930,5.60404e+06,3.43302e+06,2.19765e+06,18.5965,31.4916,553714,-671.767,4671.33,-5560.22
940,5.59702e+06,3.47954e+06,2.14192e+06,18.1087,31.8682,553682,-731.817,4631.11,-5586.3
950,5.58941e+06,3.52565e+06,2.08592e+06,17.6199,32.2426,553652,-791.839,4590.42,-5611.71
960,5.58119e+06,3.57134e+06,2.02968e+06,17.1303,32.6148,553625,-851.826,4549.28,-5636.45
970,5.57237e+06,3.61663e+06,1.9732e+06,16.6398,32.9847,553600,-911.772,4507.67,-5660.5
980,5.56295e+06,3.6615e+06,1.91648e+06,16.1484,33.3526,553577,-971.67,4465.62,-5683.88
990,5.55294e+06,3.70594e+06,1.85952e+06,15.6563,33.7185,553556,-1031.51,4423.12,-5706.57
