5960,-1.41214e+06,-34158.5,6.78882e+06,78.3163,-178.614,576588,-6054.75,4495.18,-1234.33
0,224245,-896749,6.87217e+06,82.3857,-75.9603,576927,-7527.83,1244.62,407.241
5970,-1.47257e+06,10838.6,6.77608e+06,77.8119,179.578,576537,-6031.11,4504.13,-1315.21
5980,-1.53276e+06,55922.4,6.76252e+06,77.2971,177.911,576482,-6006.74,4512.52,-1395.94
5990,-1.5927e+06,101087,6.74816e+06,76.7731,176.368,576424,-5981.65,4520.33,-1476.51
10,148964,-884195,6.87583e+06,82.6153,-80.4369,576942,-7528.21,1266.14,325.272
20,73684.2,-871427,6.87867e+06,82.7985,-85.1668,576953,-7527.66,1287.51,243.264
30,-1585.9,-858445,6.88069e+06,82.9317,-90.1058,576962,-7526.2,1308.73,161.228
40,-76836.7,-845253,6.8819e+06,83.012,-95.1941,576967,-7523.81,1329.79,79.173
50,-152059,-831850,6.88228e+06,83.0377,-100.359,576968,-7520.5,1350.68,-2.8916
60,-227244,-818240,6.88184e+06,83.0081,-105.521,576967,-7516.27,1371.42,-84.9559
70,-302381,-804422,6.88058e+06,82.924,-110.601,576962,-7511.12,1391.98,-167.01
80,-377463,-790400,6.8785e+06,82.7871,-115.527,576953,-7505.05,1412.37,-249.045
90,-452479,-776176,6.8756e+06,82.6005,-120.24,576941,-7498.06,1432.58,-331.05
100,-527421,-761749,6.87188e+06,82.3679,-124.698,576926,-7490.16,1452.62,-413.015
110,-602280,-747124,6.86734e+06,82.0931,-128.873,576907,-7481.34,1472.47,-494.932
120,-677045,-732301,6.86198e+06,81.7806,-132.755,576886,-7471.6,1492.13,-576.791
130,-751709,-717282,6.8558e+06,81.4344,-136.343,576860,-7460.96,1511.6,-658.581
140,-826261,-702069,6.84881e+06,81.0583,-139.646,576832,-7449.4,1530.87,-740.293
150,-900694,-686665,6.841e+06,80.6561,-142.679,576800,-7436.93,1549.95,-821.917
160,-974997,-671071,6.83237e+06,80.231,-145.461,576765,-7423.55,1568.82,-903.445
170,-1.04916e+06,-655289,6.82293e+06,79.7857,-148.012,576726,-7409.27,1587.49,-984.865
180,-1.12318e+06,-639322,6.81267e+06,79.3229,-150.351,576685,-7394.08,1605.95,-1066.17
190,-1.19704e+06,-623171,6.80161e+06,78.8446,-152.499,576640,-7377.99,1624.19,-1147.35
200,-1.27074e+06,-606839,6.78973e+06,78.3529,-154.473,576592,-7361,1642.22,-1228.39
210,-1.34426e+06,-590327,6.77704e+06,77.8493,-156.291,576541,-7343.11,1660.03,-1309.28
220,-1.4176e+06,-573639,6.76354e+06,77.3352,-157.969,576486,-7324.33,1677.62,-1390.03
230,-1.49074e+06,-556776,6.74924e+06,76.8118,-159.52,576429,-7304.65,1694.98,-1470.6
240,-1.56369e+06,-539740,6.73413e+06,76.2803,-160.957,576368,-7284.08,1712.11,-1551.01
250,-1.63642e+06,-522534,6.71822e+06,75.7415,-162.291,576305,-7262.63,1729.01,-1631.22
260,-1.70893e+06,-505160,6.70151e+06,75.1962,-163.532,576238,-7240.29,1745.67,-1711.25
270,-1.78122e+06,-487621,6.68399e+06,74.6451,-164.69,576168,-7217.07,1762.09,-1791.07
280,-1.85327e+06,-469919,6.66569e+06,74.0888,-165.772,576096,-7192.97,1778.27,-1870.68
290,-1.92508e+06,-452057,6.64658e+06,73.5278,-166.785,576021,-7167.99,1794.2,-1950.07
300,-1.99663e+06,-434036,6.62668e+06,72.9626,-167.736,575942,-7142.14,1809.88,-2029.23
310,-2.06792e+06,-415860,6.606e+06,72.3935,-168.629,575861,-7115.43,1825.31,-2108.15
320,-2.13894e+06,-397531,6.58452e+06,71.821,-169.471,575778,-7087.84,1840.48,-2186.82
330,-2.20967e+06,-379051,6.56226e+06,71.2454,-170.266,575691,-7059.4,1855.4,-2265.23
340,-2.28012e+06,-360424,6.53922e+06,70.6668,-171.017,575602,-7030.1,1870.05,-2343.37
350,-2.35027e+06,-341651,6.5154e+06,70.0856,-171.729,575510,-6999.94,1884.44,-2421.23
360,-2.42012e+06,-322736,6.4908e+06,69.502,-172.404,575416,-6968.93,1898.56,-2498.81
370,-2.48965e+06,-303681,6.46542e+06,68.9162,-173.046,575319,-6937.08,1912.41,-2576.09
380,-2.55886e+06,-284489,6.43927e+06,68.3283,-173.656,575220,-6904.38,1925.99,-2653.07
390,-2.62773e+06,-265162,6.41236e+06,67.7386,-174.238,575118,-6870.85,1939.29,-2729.73
400,-2.69627e+06,-245704,6.38468e+06,67.1471,-174.793,575015,-6836.48,1952.31,-2806.07
410,-2.76446e+06,-226117,6.35624e+06,66.554,-175.324,574908,-6801.28,1965.05,-2882.07
420,-2.83229e+06,-206404,6.32704e+06,65.9593,-175.832,574800,-6765.26,1977.5,-2957.73
430,-2.89976e+06,-186568,6.29709e+06,65.3633,-176.319,574689,-6728.42,1989.67,-3033.04
440,-2.96686e+06,-166611,6.26638e+06,64.766,-176.786,574577,-6690.76,2001.55,-3108
450,-3.03358e+06,-146538,6.23493e+06,64.1674,-177.234,574462,-6652.29,2013.13,-3182.58
460,-3.0999e+06,-126350,6.20273e+06,63.5677,-177.666,574346,-6613.02,2024.42,-3256.79
470,-3.16583e+06,-106050,6.16979e+06,62.9669,-178.081,574227,-6572.94,2035.41,-3330.61
480,-3.23136e+06,-85642.2,6.13612e+06,62.3652,-178.482,574107,-6532.07,2046.11,-3404.03
490,-3.29647e+06,-65128.9,6.10171e+06,61.7624,-178.868,573985,-6490.41,2056.5,-3477.05
500,-3.36116e+06,-44513.3,6.06658e+06,61.1588,-179.241,573861,-6447.96,2066.58,-3549.66
510,-3.42543e+06,-23798.3,6.03072e+06,60.5544,-179.602,573736,-6404.74,2076.36,-3621.85
520,-3.48926e+06,-2987.08,5.99414e+06,59.9491,-179.951,573609,-6360.74,2085.82,-3693.61
530,-3.55264e+06,17917.2,5.95685e+06,59.3431,179.711,573481,-6315.97,2094.98,-3764.93
540,-3.61557e+06,38911.5,5.91885e+06,58.7364,179.383,573351,-6270.43,2103.82,-3835.8
550,-3.67805e+06,59992.7,5.88014e+06,58.129,179.066,573220,-6224.14,2112.35,-3906.22
560,-3.74005e+06,81157.5,5.84072e+06,57.5209,178.757,573088,-6177.1,2120.55,-3976.17
570,-3.80159e+06,102403,5.80061e+06,56.9123,178.457,572955,-6129.32,2128.44,-4045.65
580,-3.86264e+06,123725,5.75981e+06,56.303,178.165,572821,-6080.79,2136.01,-4114.65
590,-3.9232e+06,145122,5.71832e+06,55.6933,177.882,572685,-6031.53,2143.24,-4183.16
600,-3.98327e+06,166589,5.67615e+06,55.0829,177.605,572549,-5981.55,2150.16,-4251.17
610,-4.04283e+06,188124,5.6333e+06,54.4721,177.336,572412,-5930.84,2156.74,-4318.68
620,-4.10188e+06,209723,5.58978e+06,53.8608,177.073,572274,-5879.42,2163,-4385.68
630,-4.16041e+06,231383,5.54559e+06,53.249,176.817,572136,-5827.3,2168.92,-4452.15
640,-4.21842e+06,253100,5.50074e+06,52.6367,176.566,571997,-5774.47,2174.51,-4518.1
650,-4.2759e+06,274872,5.45523e+06,52.0241,176.322,571857,-5720.94,2179.76,-4583.51
660,-4.33284e+06,296695,5.40907e+06,51.411,176.083,571717,-5666.73,2184.68,-4648.37
670,-4.38923e+06,318565,5.36226e+06,50.7975,175.849,571577,-5611.84,2189.26,-4712.68
680,-4.44508e+06,340479,5.31482e+06,50.1837,175.62,571436,-5556.28,2193.49,-4776.43
690,-4.50036e+06,362433,5.26674e+06,49.5695,175.396,571296,-5500.05,2197.39,-4839.61
700,-4.55507e+06,384425,5.21803e+06,48.9549,175.176,571155,-5443.16,2200.94,-4902.22
710,-4.60922e+06,406451,5.16869e+06,48.34,174.961,571014,-5385.62,2204.15,-4964.24
720,-4.66278e+06,428507,5.11874e+06,47.7248,174.749,570873,-5327.43,2207.01,-5025.68
730,-4.71577e+06,450590,5.06818e+06,47.1092,174.542,570733,-5268.61,2209.53,-5086.51
740,-4.76815e+06,472697,5.01702e+06,46.4933,174.338,570593,-5209.15,2211.69,-5146.74
750,-4.81995e+06,494823,4.96525e+06,45.8772,174.138,570453,-5149.07,2213.51,-5206.36
760,-4.87113e+06,516966,4.91289e+06,45.2607,173.942,570313,-5088.38,2214.98,-5265.35
770,-4.92171e+06,539122,4.85994e+06,44.644,173.749,570175,-5027.08,2216.09,-5323.72
780,-4.97167e+06,561287,4.80642e+06,44.027,173.559,570036,-4965.18,2216.85,-5381.46
790,-5.02101e+06,583458,4.75232e+06,43.4097,173.372,569899,-4902.69,2217.26,-5438.55
800,-5.06973e+06,605631,4.69765e+06,42.7922,173.188,569762,-4839.62,2217.31,-5495
810,-5.1178e+06,627803,4.64242e+06,42.1744,173.006,569626,-4775.97,2217.01,-5550.79
820,-5.16524e+06,649970,4.58664e+06,41.5564,172.828,569491,-4711.75,2216.35,-5605.92
830,-5.21204e+06,672129,4.5303e+06,40.9381,172.652,569357,-4646.97,2215.33,-5660.39
840,-5.25818e+06,694275,4.47343e+06,40.3197,172.478,569225,-4581.64,2213.96,-5714.18
850,-5.30367e+06,716407,4.41602e+06,39.701,172.307,569093,-4515.77,2212.23,-5767.28
860,-5.34849e+06,738519,4.35809e+06,39.0821,172.138,568963,-4449.36,2210.13,-5819.7
870,-5.39265e+06,760608,4.29963e+06,38.463,171.972,568834,-4382.42,2207.68,-5871.43
880,-5.43614e+06,782671,4.24066e+06,37.8436,171.807,568707,-4314.97,2204.87,-5922.46
890,-5.47895e+06,804704,4.18118e+06,37.2241,171.645,568581,-4247.01,2201.7,-5972.78
900,-5.52108e+06,826704,4.12121e+06,36.6044,171.484,568457,-4178.55,2198.16,-6022.38
910,-5.56252e+06,848667,4.06074e+06,35.9845,171.325,568335,-4109.59,2194.27,-6071.27
920,-5.60327e+06,870588,3.99978e+06,35.3645,171.168,568214,-4040.16,2190.01,-6119.44
930,-5.64332e+06,892466,3.93835e+06,34.7442,171.013,568096,-3970.24,2185.39,-6166.88
940,-5.68267e+06,914295,3.87645e+06,34.1238,170.86,567979,-3899.86,2180.41,-6213.57
950,-5.72132e+06,936073,3.81408e+06,33.5032,170.708,567864,-3829.03,2175.07,-6259.53
960,-5.75925e+06,957795,3.75126e+06,32.8825,170.558,567752,-3757.74,2169.37,-6304.74
970,-5.79647e+06,979459,3.68799e+06,32.2615,170.409,567642,-3686.02,2163.3,-6349.2
980,-5.83297e+06,1.00106e+06,3.62428e+06,31.6405,170.262,567534,-3613.87,2156.87,-6392.9
990,-5.86875e+06,1.0226e+06,3.56013e+06,31.0193,170.116,567428,-3541.29,2150.08,-6435.84
