0,-3.49096e+06,-3.24467e+06,-5.03937e+06,-46.7733,-137.094,569315,6225.5,-2800.9,-2510.66
5960,-3.41924e+06,-2.60995e+06,-5.44142e+06,-51.8448,-142.645,571340,5404.13,-4732.09,-1126.59
5970,-3.36503e+06,-2.65716e+06,-5.45236e+06,-51.9906,-141.704,571397,5437.46,-4708.77,-1061.54
5980,-3.31049e+06,-2.70413e+06,-5.46265e+06,-52.128,-140.757,571450,5470.19,-4684.94,-996.358
5990,-3.25563e+06,-2.75085e+06,-5.47229e+06,-52.2572,-139.804,571500,5502.3,-4660.61,-931.063
10,-3.42852e+06,-3.27254e+06,-5.06418e+06,-47.0721,-136.333,569436,6262.49,-2771.34,-2450.28
20,-3.36572e+06,-3.3001e+06,-5.08838e+06,-47.3653,-135.564,569555,6298.77,-2741.51,-2389.62
30,-3.30255e+06,-3.32736e+06,-5.11197e+06,-47.6526,-134.786,569671,6334.35,-2711.41,-2328.68
40,-3.23903e+06,-3.35433e+06,-5.13495e+06,-47.9339,-133.998,569785,6369.22,-2681.04,-2267.45
50,-3.17517e+06,-3.38098e+06,-5.15732e+06,-48.2092,-133.202,569896,6403.38,-2650.4,-2205.96
60,-3.11097e+06,-3.40733e+06,-5.17907e+06,-48.4784,-132.397,570005,6436.82,-2619.51,-2144.21
70,-3.04643e+06,-3.43337e+06,-5.2002e+06,-48.7412,-131.583,570110,6469.54,-2588.34,-2082.2
80,-2.98158e+06,-3.4591e+06,-5.22071e+06,-48.9976,-130.76,570213,6501.54,-2556.93,-2019.95
90,-2.91641e+06,-3.48451e+06,-5.2406e+06,-49.2474,-129.928,570313,6532.81,-2525.25,-1957.46
100,-2.85092e+06,-3.5096e+06,-5.25986e+06,-49.4906,-129.088,570411,6563.35,-2493.32,-1894.74
110,-2.78514e+06,-3.53438e+06,-5.27849e+06,-49.727,-128.239,570505,6593.16,-2461.14,-1831.79
120,-2.71906e+06,-3.55883e+06,-5.29649e+06,-49.9564,-127.381,570596,6622.24,-2428.72,-1768.62
130,-2.6527e+06,-3.58295e+06,-5.31386e+06,-50.1789,-126.515,570685,6650.57,-2396.05,-1705.25
140,-2.58606e+06,-3.60675e+06,-5.3306e+06,-50.3941,-125.641,570770,6678.17,-2363.13,-1641.67
150,-2.51914e+06,-3.63021e+06,-5.3467e+06,-50.6021,-124.758,570852,6705.02,-2329.98,-1577.9
160,-2.45196e+06,-3.65334e+06,-5.36216e+06,-50.8027,-123.868,570931,6731.12,-2296.59,-1513.95
170,-2.38452e+06,-3.67614e+06,-5.37698e+06,-50.9958,-122.969,571007,6756.47,-2262.97,-1449.81
180,-2.31683e+06,-3.6986e+06,-5.39115e+06,-51.1812,-122.063,571080,6781.07,-2229.12,-1385.5
190,-2.2489e+06,-3.72072e+06,-5.40468e+06,-51.3589,-121.15,571150,6804.91,-2195.04,-1321.03
200,-2.18074e+06,-3.7425e+06,-5.41757e+06,-51.5288,-120.229,571217,6828,-2160.73,-1256.4
210,-2.11234e+06,-3.76394e+06,-5.42981e+06,-51.6907,-119.301,571280,6850.32,-2126.2,-1191.62
220,-2.04373e+06,-3.78503e+06,-5.4414e+06,-51.8446,-118.367,571340,6871.89,-2091.45,-1126.71
230,-1.97491e+06,-3.80577e+06,-5.45235e+06,-51.9903,-117.426,571397,6892.69,-2056.49,-1061.65
240,-1.90588e+06,-3.82616e+06,-5.46264e+06,-52.1278,-116.479,571450,6912.72,-2021.31,-996.478
250,-1.83666e+06,-3.84619e+06,-5.47228e+06,-52.2569,-115.526,571500,6931.99,-1985.92,-931.183
260,-1.76725e+06,-3.86587e+06,-5.48126e+06,-52.3777,-114.567,571547,6950.48,-1950.33,-865.778
270,-1.69765e+06,-3.8852e+06,-5.48959e+06,-52.4899,-113.603,571591,6968.2,-1914.53,-800.271
280,-1.62788e+06,-3.90416e+06,-5.49727e+06,-52.5935,-112.634,571631,6985.15,-1878.53,-734.669
290,-1.55795e+06,-3.92277e+06,-5.50428e+06,-52.6885,-111.661,571667,7001.32,-1842.33,-668.98
300,-1.48786e+06,-3.94101e+06,-5.51064e+06,-52.7748,-110.683,571701,7016.72,-1805.94,-603.212
310,-1.41762e+06,-3.95889e+06,-5.51635e+06,-52.8523,-109.702,571731,7031.33,-1769.36,-537.372
320,-1.34724e+06,-3.9764e+06,-5.52139e+06,-52.9209,-108.717,571757,7045.17,-1732.58,-471.469
330,-1.27672e+06,-3.99354e+06,-5.52578e+06,-52.9807,-107.729,571780,7058.22,-1695.62,-405.51
340,-1.20608e+06,-4.01031e+06,-5.5295e+06,-53.0315,-106.738,571799,7070.49,-1658.48,-339.504
350,-1.13531e+06,-4.02671e+06,-5.53257e+06,-53.0734,-105.746,571815,7081.98,-1621.16,-273.457
360,-1.06444e+06,-4.04273e+06,-5.53497e+06,-53.1063,-104.751,571828,7092.68,-1583.67,-207.378
370,-993462,-4.05838e+06,-5.53671e+06,-53.1301,-103.755,571837,7102.6,-1546,-141.274
380,-922390,-4.07365e+06,-5.5378e+06,-53.1449,-102.758,571843,7111.73,-1508.16,-75.1536
390,-851230,-4.08854e+06,-5.53822e+06,-53.1507,-101.761,571845,7120.07,-1470.16,-9.0243
400,-779991,-4.10305e+06,-5.53798e+06,-53.1474,-100.764,571844,7127.62,-1431.99,57.1061
410,-708681,-4.11718e+06,-5.53708e+06,-53.1351,-99.7665,571839,7134.38,-1393.67,123.23
420,-637307,-4.13092e+06,-5.53551e+06,-53.1137,-98.7703,571830,7140.36,-1355.19,189.339
430,-565877,-4.14428e+06,-5.53329e+06,-53.0833,-97.7753,571819,7145.54,-1316.55,255.425
440,-494399,-4.15725e+06,-5.5304e+06,-53.0439,-96.782,571803,7149.93,-1277.77,321.482
450,-422881,-4.16984e+06,-5.52686e+06,-52.9955,-95.7908,571785,7153.54,-1238.84,387.5
460,-351331,-4.18203e+06,-5.52265e+06,-52.9381,-94.8021,571762,7156.35,-1199.77,453.473
470,-279757,-4.19383e+06,-5.51779e+06,-52.8719,-93.8164,571737,7158.37,-1160.56,519.392
480,-208167,-4.20524e+06,-5.51227e+06,-52.7968,-92.8339,571708,7159.59,-1121.21,585.25
490,-136568,-4.21626e+06,-5.50608e+06,-52.7129,-91.8552,571675,7160.03,-1081.73,651.038
500,-64969.3,-4.22688e+06,-5.49925e+06,-52.6203,-90.8806,571639,7159.68,-1042.13,716.749
510,6622.28,-4.2371e+06,-5.49175e+06,-52.5191,-89.9105,571600,7158.53,-1002.39,782.376
520,78198.4,-4.24692e+06,-5.4836e+06,-52.4092,-88.9451,571557,7156.6,-962.538,847.91
530,149751,-4.25635e+06,-5.47479e+06,-52.2908,-87.985,571511,7153.87,-922.566,913.344
540,221273,-4.26537e+06,-5.46533e+06,-52.1639,-87.0304,571462,7150.36,-882.478,978.669
550,292755,-4.274e+06,-5.45522e+06,-52.0287,-86.0815,571409,7146.05,-842.279,1043.88
560,364191,-4.28222e+06,-5.44445e+06,-51.8852,-85.1389,571353,7140.96,-801.973,1108.97
570,435571,-4.29004e+06,-5.43304e+06,-51.7335,-84.2026,571294,7135.08,-761.563,1173.92
580,506889,-4.29745e+06,-5.42098e+06,-51.5738,-83.273,571231,7128.41,-721.052,1238.74
590,578137,-4.30446e+06,-5.40827e+06,-51.4061,-82.3503,571166,7120.95,-680.444,1303.41
600,649305,-4.31106e+06,-5.39491e+06,-51.2305,-81.4348,571097,7112.71,-639.743,1367.92
610,720388,-4.31725e+06,-5.38091e+06,-51.0472,-80.5268,571024,7103.69,-598.952,1432.28
620,791376,-4.32304e+06,-5.36626e+06,-50.8562,-79.6263,570949,7093.88,-558.076,1496.46
630,862263,-4.32841e+06,-5.35098e+06,-50.6576,-78.7336,570870,7083.29,-517.117,1560.47
640,933039,-4.33338e+06,-5.33506e+06,-50.4516,-77.8489,570789,7071.92,-476.079,1624.29
650,1.0037e+06,-4.33793e+06,-5.31849e+06,-50.2384,-76.9723,570704,7059.77,-434.966,1687.92
660,1.07423e+06,-4.34208e+06,-5.3013e+06,-50.0179,-76.104,570617,7046.85,-393.782,1751.35
670,1.14463e+06,-4.34581e+06,-5.28347e+06,-49.7903,-75.2441,570526,7033.15,-352.53,1814.57
680,1.21489e+06,-4.34913e+06,-5.26501e+06,-49.5558,-74.3928,570432,7018.67,-311.215,1877.58
690,1.285e+06,-4.35203e+06,-5.24592e+06,-49.3145,-73.55,570336,7003.42,-269.839,1940.37
700,1.35496e+06,-4.35453e+06,-5.2262e+06,-49.0665,-72.7159,570236,6987.4,-228.407,2002.92
710,1.42475e+06,-4.3566e+06,-5.20586e+06,-48.8119,-71.8906,570134,6970.61,-186.921,2065.24
720,1.49437e+06,-4.35826e+06,-5.1849e+06,-48.5508,-71.0741,570029,6953.06,-145.387,2127.31
730,1.56381e+06,-4.35951e+06,-5.16331e+06,-48.2834,-70.2665,569921,6934.74,-103.808,2189.14
740,1.63306e+06,-4.36034e+06,-5.14111e+06,-48.0097,-69.4678,569811,6915.65,-62.1871,2250.7
750,1.70212e+06,-4.36075e+06,-5.1183e+06,-47.73,-68.678,569697,6895.81,-20.5286,2312
760,1.77097e+06,-4.36075e+06,-5.09488e+06,-47.4443,-67.8971,569582,6875.21,21.1638,2373.02
770,1.83962e+06,-4.36033e+06,-5.07084e+06,-47.1528,-67.1252,569463,6853.85,62.8864,2433.76
780,1.90805e+06,-4.35949e+06,-5.0462e+06,-46.8555,-66.3622,569342,6831.74,104.635,2494.21
790,1.97625e+06,-4.35824e+06,-5.02096e+06,-46.5526,-65.608,569219,6808.88,146.406,2554.37
800,2.04422e+06,-4.35656e+06,-4.99512e+06,-46.2442,-64.8627,569093,6785.27,188.196,2614.22
810,2.11195e+06,-4.35447e+06,-4.96868e+06,-45.9305,-64.1263,568965,6760.92,230.001,2673.77
820,2.17944e+06,-4.35196e+06,-4.94164e+06,-45.6115,-63.3986,568834,6735.82,271.817,2732.99
830,2.24667e+06,-4.34904e+06,-4.91402e+06,-45.2874,-62.6796,568701,6709.99,313.64,2791.9
840,2.31363e+06,-4.34569e+06,-4.8858e+06,-44.9582,-61.9693,568566,6683.41,355.466,2850.47
850,2.38033e+06,-4.34193e+06,-4.85701e+06,-44.6241,-61.2676,568429,6656.11,397.292,2908.7
860,2.44675e+06,-4.33775e+06,-4.82763e+06,-44.2852,-60.5744,568289,6628.07,439.113,2966.59
870,2.51289e+06,-4.33315e+06,-4.79768e+06,-43.9417,-59.8896,568148,6599.31,480.926,3024.13
880,2.57874e+06,-4.32813e+06,-4.76715e+06,-43.5935,-59.2131,568004,6569.82,522.727,3081.31
890,2.64428e+06,-4.32269e+06,-4.73605e+06,-43.2409,-58.545,567859,6539.62,564.512,3138.12
900,2.70953e+06,-4.31684e+06,-4.70439e+06,-42.8838,-57.885,567711,6508.69,606.277,3194.56
910,2.77445e+06,-4.31057e+06,-4.67216e+06,-42.5225,-57.233,567562,6477.06,648.018,3250.62
920,2.83906e+06,-4.30388e+06,-4.63938e+06,-42.1571,-56.5891,567411,6444.71,689.731,3306.29
930,2.90335e+06,-4.29677e+06,-4.60604e+06,-41.7875,-55.9529,567258,6411.66,731.413,3361.58
940,2.96729e+06,-4.28925e+06,-4.57215e+06,-41.414,-55.3246,567104,6377.9,773.059,3416.46
950,3.0309e+06,-4.28131e+06,-4.53771e+06,-41.0366,-54.7039,566948,6343.45,814.666,3470.94
960,3.09416e+06,-4.27296e+06,-4.50273e+06,-40.6554,-54.0907,566790,6308.3,856.229,3525
970,3.15706e+06,-4.26419e+06,-4.46721e+06,-40.2705,-53.485,566631,6272.46,897.746,3578.65
980,3.21961e+06,-4.255e+06,-4.43116e+06,-39.8819,-52.8865,566471,6235.94,939.211,3631.87
990,3.28178e+06,-4.2454e+06,-4.39458e+06,-39.4899,-52.2953,566309,6198.73,980.621,3684.66
