5960,-5.24055e+06,3.97719e+06,-2.23042e+06,-18.8358,142.804,570743,2795.95,-296.678,-7115.71
0,-6.78263e+06,1.28703e+06,-760059,-6.32123,169.256,567492,1068.28,1254.63,-7475.45
5970,-5.21228e+06,3.97397e+06,-2.30144e+06,-19.4583,142.677,570942,2857.39,-347.892,-7088.67
5980,-5.1834e+06,3.97024e+06,-2.37219e+06,-20.0807,142.55,571143,2918.41,-399.151,-7060.79
5990,-5.15391e+06,3.96599e+06,-2.44265e+06,-20.703,142.421,571347,2979,-450.448,-7032.07
10,-6.77153e+06,1.29949e+06,-834767,-6.9453,169.137,567618,1150.47,1237.68,-7465.92
20,-6.75962e+06,1.31178e+06,-909375,-7.56932,169.018,567747,1232.5,1220.46,-7455.51
30,-6.74688e+06,1.3239e+06,-983874,-8.19329,168.898,567881,1314.35,1202.97,-7444.2
40,-6.73333e+06,1.33584e+06,-1.05826e+06,-8.81721,168.779,568019,1396.01,1185.23,-7432.01
50,-6.71896e+06,1.34761e+06,-1.13251e+06,-9.44106,168.659,568161,1477.48,1167.22,-7418.92
60,-6.70378e+06,1.35919e+06,-1.20663e+06,-10.0649,168.539,568306,1558.74,1148.96,-7404.96
70,-6.68779e+06,1.37058e+06,-1.28061e+06,-10.6886,168.418,568456,1639.78,1130.45,-7390.11
80,-6.67099e+06,1.38179e+06,-1.35443e+06,-11.3123,168.298,568609,1720.6,1111.68,-7374.37
90,-6.65338e+06,1.39282e+06,-1.42809e+06,-11.9359,168.176,568766,1801.19,1092.67,-7357.76
100,-6.63496e+06,1.40365e+06,-1.50158e+06,-12.5594,168.055,568927,1881.52,1073.41,-7340.27
110,-6.61575e+06,1.41428e+06,-1.5749e+06,-13.1829,167.933,569091,1961.61,1053.91,-7321.91
120,-6.59573e+06,1.42472e+06,-1.64802e+06,-13.8062,167.811,569260,2041.42,1034.16,-7302.67
130,-6.57492e+06,1.43497e+06,-1.72095e+06,-14.4295,167.688,569431,2120.96,1014.18,-7282.56
140,-6.55331e+06,1.44501e+06,-1.79367e+06,-15.0527,167.565,569607,2200.21,993.965,-7261.59
150,-6.53092e+06,1.45485e+06,-1.86617e+06,-15.6759,167.442,569785,2279.17,973.517,-7239.74
160,-6.50773e+06,1.46448e+06,-1.93846e+06,-16.2989,167.318,569967,2357.83,952.84,-7217.04
170,-6.48376e+06,1.4739e+06,-2.01051e+06,-16.9218,167.193,570153,2436.17,931.936,-7193.48
180,-6.45901e+06,1.48312e+06,-2.08233e+06,-17.5447,167.068,570342,2514.18,910.809,-7169.05
190,-6.43348e+06,1.49212e+06,-2.15389e+06,-18.1674,166.942,570534,2591.86,889.462,-7143.78
200,-6.40717e+06,1.5009e+06,-2.2252e+06,-18.7901,166.816,570729,2669.2,867.898,-7117.65
210,-6.3801e+06,1.50947e+06,-2.29624e+06,-19.4126,166.689,570927,2746.18,846.119,-7090.68
220,-6.35225e+06,1.51783e+06,-2.36701e+06,-20.0351,166.562,571128,2822.81,824.13,-7062.87
230,-6.32364e+06,1.52596e+06,-2.4375e+06,-20.6574,166.433,571332,2899.05,801.933,-7034.21
240,-6.29427e+06,1.53386e+06,-2.50769e+06,-21.2796,166.304,571539,2974.92,779.531,-7004.71
250,-6.26414e+06,1.54155e+06,-2.57759e+06,-21.9017,166.175,571749,3050.4,756.928,-6974.39
260,-6.23326e+06,1.549e+06,-2.64718e+06,-22.5237,166.044,571962,3125.48,734.127,-6943.23
270,-6.20164e+06,1.55623e+06,-2.71645e+06,-23.1455,165.913,572177,3200.15,711.131,-6911.25
280,-6.16926e+06,1.56322e+06,-2.7854e+06,-23.7672,165.781,572395,3274.4,687.943,-6878.44
290,-6.13615e+06,1.56999e+06,-2.85402e+06,-24.3888,165.648,572616,3348.22,664.568,-6844.82
300,-6.1023e+06,1.57651e+06,-2.92229e+06,-25.0103,165.515,572838,3421.61,641.008,-6810.38
310,-6.06772e+06,1.58281e+06,-2.99022e+06,-25.6316,165.38,573064,3494.55,617.267,-6775.14
320,-6.03241e+06,1.58886e+06,-3.05779e+06,-26.2528,165.244,573291,3567.04,593.348,-6739.09
330,-5.99638e+06,1.59467e+06,-3.125e+06,-26.8738,165.108,573521,3639.07,569.255,-6702.24
340,-5.95963e+06,1.60024e+06,-3.19184e+06,-27.4947,164.97,573753,3710.62,544.992,-6664.59
350,-5.92217e+06,1.60557e+06,-3.25829e+06,-28.1155,164.831,573986,3781.7,520.561,-6626.15
360,-5.884e+06,1.61065e+06,-3.32436e+06,-28.7361,164.691,574222,3852.28,495.968,-6586.93
370,-5.84512e+06,1.61549e+06,-3.39003e+06,-29.3565,164.55,574459,3922.37,471.214,-6546.92
380,-5.80555e+06,1.62008e+06,-3.45529e+06,-29.9768,164.408,574699,3991.95,446.305,-6506.14
390,-5.76529e+06,1.62442e+06,-3.52015e+06,-30.5969,164.264,574940,4061.02,421.243,-6464.58
400,-5.72433e+06,1.6285e+06,-3.58458e+06,-31.2168,164.12,575182,4129.57,396.032,-6422.26
410,-5.6827e+06,1.63234e+06,-3.64859e+06,-31.8366,163.973,575426,4197.58,370.677,-6379.18
420,-5.64038e+06,1.63592e+06,-3.71216e+06,-32.4562,163.826,575672,4265.06,345.18,-6335.34
430,-5.5974e+06,1.63924e+06,-3.77529e+06,-33.0756,163.677,575918,4331.98,319.547,-6290.74
440,-5.55375e+06,1.64231e+06,-3.83797e+06,-33.6949,163.526,576166,4398.36,293.78,-6245.41
450,-5.50943e+06,1.64511e+06,-3.9002e+06,-34.3139,163.374,576415,4464.17,267.884,-6199.33
460,-5.46446e+06,1.64766e+06,-3.96196e+06,-34.9328,163.221,576665,4529.41,241.861,-6152.52
470,-5.41885e+06,1.64995e+06,-4.02325e+06,-35.5514,163.065,576916,4594.07,215.718,-6104.98
480,-5.37258e+06,1.65198e+06,-4.08406e+06,-36.1699,162.908,577168,4658.14,189.456,-6056.72
490,-5.32568e+06,1.65374e+06,-4.14438e+06,-36.7881,162.749,577420,4721.62,163.081,-6007.74
500,-5.27815e+06,1.65524e+06,-4.20421e+06,-37.4062,162.588,577673,4784.49,136.596,-5958.05
510,-5.23e+06,1.65647e+06,-4.26354e+06,-38.024,162.426,577927,4846.76,110.006,-5907.66
520,-5.18122e+06,1.65744e+06,-4.32236e+06,-38.6416,162.261,578181,4908.41,83.3132,-5856.56
530,-5.13183e+06,1.65814e+06,-4.38067e+06,-39.259,162.094,578436,4969.44,56.5232,-5804.78
540,-5.08183e+06,1.65857e+06,-4.43845e+06,-39.8761,161.925,578690,5029.83,29.6397,-5752.3
550,-5.03124e+06,1.65873e+06,-4.49571e+06,-40.493,161.753,578945,5089.59,2.66667,-5699.15
560,-4.98004e+06,1.65862e+06,-4.55243e+06,-41.1097,161.579,579200,5148.7,-24.3916,-5645.32
570,-4.92826e+06,1.65824e+06,-4.60862e+06,-41.7261,161.403,579455,5207.16,-51.5311,-5590.83
580,-4.8759e+06,1.65759e+06,-4.66425e+06,-42.3423,161.224,579709,5264.96,-78.7477,-5535.68
590,-4.82297e+06,1.65667e+06,-4.71933e+06,-42.9582,161.043,579963,5322.09,-106.037,-5479.87
600,-4.76946e+06,1.65547e+06,-4.77384e+06,-43.5738,160.858,580217,5378.55,-133.395,-5423.41
610,-4.7154e+06,1.654e+06,-4.82779e+06,-44.1892,160.671,580471,5434.33,-160.818,-5366.32
620,-4.66078e+06,1.65225e+06,-4.88117e+06,-44.8043,160.481,580724,5489.42,-188.3,-5308.59
630,-4.60561e+06,1.65023e+06,-4.93396e+06,-45.4191,160.287,580976,5543.82,-215.839,-5250.24
640,-4.5499e+06,1.64794e+06,-4.98617e+06,-46.0335,160.09,581228,5597.52,-243.429,-5191.26
650,-4.49366e+06,1.64536e+06,-5.03779e+06,-46.6477,159.89,581478,5650.52,-271.067,-5131.68
660,-4.4369e+06,1.64251e+06,-5.0888e+06,-47.2616,159.686,581728,5702.8,-298.748,-5071.48
670,-4.37961e+06,1.63939e+06,-5.13922e+06,-47.8751,159.478,581977,5754.37,-326.468,-5010.69
680,-4.32181e+06,1.63599e+06,-5.18902e+06,-48.4883,159.266,582224,5805.21,-354.222,-4949.31
690,-4.26351e+06,1.6323e+06,-5.2382e+06,-49.1012,159.05,582470,5855.32,-382.007,-4887.35
700,-4.20471e+06,1.62835e+06,-5.28676e+06,-49.7136,158.83,582715,5904.7,-409.818,-4824.81
710,-4.14542e+06,1.62411e+06,-5.33469e+06,-50.3257,158.606,582959,5953.33,-437.65,-4761.71
720,-4.08564e+06,1.61959e+06,-5.38199e+06,-50.9375,158.376,583201,6001.22,-465.499,-4698.04
730,-4.02539e+06,1.6148e+06,-5.42865e+06,-51.5488,158.142,583441,6048.36,-493.361,-4633.82
740,-3.96468e+06,1.60972e+06,-5.47467e+06,-52.1597,157.902,583679,6094.74,-521.232,-4569.05
750,-3.9035e+06,1.60437e+06,-5.52003e+06,-52.7702,157.657,583916,6140.36,-549.107,-4503.75
760,-3.84187e+06,1.59874e+06,-5.56474e+06,-53.3802,157.406,584151,6185.2,-576.981,-4437.91
770,-3.7798e+06,1.59283e+06,-5.60879e+06,-53.9898,157.149,584384,6229.28,-604.851,-4371.56
780,-3.71729e+06,1.58665e+06,-5.65217e+06,-54.5989,156.886,584614,6272.57,-632.712,-4304.69
790,-3.65435e+06,1.58018e+06,-5.69488e+06,-55.2075,156.616,584843,6315.08,-660.56,-4237.31
800,-3.59099e+06,1.57343e+06,-5.73692e+06,-55.8155,156.339,585069,6356.81,-688.389,-4169.43
810,-3.52722e+06,1.56641e+06,-5.77827e+06,-56.423,156.054,585293,6397.74,-716.197,-4101.07
820,-3.46304e+06,1.55911e+06,-5.81894e+06,-57.03,155.762,585514,6437.87,-743.977,-4032.22
830,-3.39846e+06,1.55153e+06,-5.85891e+06,-57.6363,155.461,585733,6477.2,-771.727,-3962.9
840,-3.3335e+06,1.54368e+06,-5.89819e+06,-58.242,155.152,585949,6515.73,-799.441,-3893.12
850,-3.26815e+06,1.53554e+06,-5.93677e+06,-58.8471,154.833,586162,6553.44,-827.115,-3822.87
860,-3.20243e+06,1.52713e+06,-5.97465e+06,-59.4515,154.505,586372,6590.34,-854.745,-3752.18
870,-3.13635e+06,1.51845e+06,-6.01182e+06,-60.0551,154.166,586580,6626.41,-882.326,-3681.05
880,-3.06991e+06,1.50949e+06,-6.04827e+06,-60.6579,153.816,586785,6661.67,-909.854,-3609.48
890,-3.00312e+06,1.50025e+06,-6.08401e+06,-61.26,153.455,586986,6696.1,-937.325,-3537.5
900,-2.93599e+06,1.49074e+06,-6.11902e+06,-61.8612,153.081,587184,6729.69,-964.733,-3465.09
910,-2.86852e+06,1.48096e+06,-6.15331e+06,-62.4615,152.694,587380,6762.45,-992.075,-3392.28
920,-2.80074e+06,1.4709e+06,-6.18686e+06,-63.0608,152.292,587571,6794.38,-1019.35,-3319.08
930,-2.73264e+06,1.46057e+06,-6.21969e+06,-63.6591,151.876,587760,6825.46,-1046.54,-3245.48
940,-2.66423e+06,1.44997e+06,-6.25177e+06,-64.2563,151.443,587945,6855.69,-1073.66,-3171.5
950,-2.59553e+06,1.4391e+06,-6.28312e+06,-64.8524,150.994,588126,6885.08,-1100.69,-3097.15
960,-2.52653e+06,1.42796e+06,-6.31371e+06,-65.4472,150.526,588304,6913.61,-1127.64,-3022.44
970,-2.45726e+06,1.41655e+06,-6.34356e+06,-66.0407,150.038,588478,6941.29,-1154.49,-2947.38
980,-2.38771e+06,1.40487e+06,-6.37266e+06,-66.6328,149.529,588648,6968.11,-1181.24,-2871.96
990,-2.3179e+06,1.39292e+06,-6.401e+06,-67.2234,148.997,588815,6994.07,-1207.89,-2796.22
