0,5.19042e+06,-1.90057e+06,-4.1895e+06,-37.3304,-20.1112,565430,-986.864,6026.82,-3960.15
5960,4.20258e+06,-2.47505e+06,-4.93172e+06,-45.4948,-30.4953,568793,712.589,6694.86,-2754.32
5970,4.20951e+06,-2.40796e+06,-4.95896e+06,-45.8156,-29.7708,568924,672.461,6722.83,-2695.21
5980,4.21603e+06,-2.3406e+06,-4.98562e+06,-46.1313,-29.0375,569053,632.296,6750.05,-2635.78
5990,4.22215e+06,-2.27296e+06,-5.01168e+06,-46.4416,-28.2955,569179,592.098,6776.53,-2576.04
10,5.18028e+06,-1.84019e+06,-4.22885e+06,-37.74,-19.5565,565597,-1039.66,6050.52,-3909.78
20,5.16962e+06,-1.77956e+06,-4.26769e+06,-38.1464,-18.9952,565764,-1092.29,6073.58,-3858.95
30,5.15844e+06,-1.71872e+06,-4.30603e+06,-38.5497,-18.4273,565930,-1144.76,6095.99,-3807.66
40,5.14673e+06,-1.65765e+06,-4.34384e+06,-38.9497,-17.8526,566095,-1197.06,6117.75,-3755.91
50,5.1345e+06,-1.59636e+06,-4.38114e+06,-39.3464,-17.271,566258,-1249.18,6138.85,-3703.72
60,5.12175e+06,-1.53487e+06,-4.41792e+06,-39.7397,-16.6823,566421,-1301.11,6159.31,-3651.09
70,5.10848e+06,-1.47318e+06,-4.45416e+06,-40.1295,-16.0865,566581,-1352.86,6179.11,-3598.03
80,5.09469e+06,-1.41129e+06,-4.48988e+06,-40.5158,-15.4834,566741,-1404.42,6198.24,-3544.54
90,5.08039e+06,-1.34922e+06,-4.52505e+06,-40.8983,-14.8729,566899,-1455.78,6216.72,-3490.62
100,5.06557e+06,-1.28696e+06,-4.55969e+06,-41.2771,-14.255,567055,-1506.94,6234.53,-3436.3
110,5.05025e+06,-1.22453e+06,-4.59378e+06,-41.6521,-13.6294,567210,-1557.89,6251.68,-3381.56
120,5.03442e+06,-1.16193e+06,-4.62732e+06,-42.0231,-12.9961,567363,-1608.63,6268.15,-3326.42
130,5.01808e+06,-1.09917e+06,-4.6603e+06,-42.39,-12.355,567515,-1659.15,6283.96,-3270.89
140,5.00123e+06,-1.03625e+06,-4.69273e+06,-42.7529,-11.706,567665,-1709.45,6299.09,-3214.97
150,4.98389e+06,-973190,-4.7246e+06,-43.1114,-11.049,567813,-1759.52,6313.55,-3158.67
160,4.96605e+06,-909985,-4.75591e+06,-43.4657,-10.3838,567959,-1809.35,6327.33,-3101.99
170,4.9477e+06,-846646,-4.78664e+06,-43.8155,-9.71035,568103,-1858.96,6340.43,-3044.94
180,4.92887e+06,-783179,-4.8168e+06,-44.1607,-9.02861,568245,-1908.31,6352.85,-2987.54
190,4.90954e+06,-719592,-4.84639e+06,-44.5013,-8.33848,568385,-1957.43,6364.59,-2929.77
200,4.88972e+06,-655890,-4.8754e+06,-44.8372,-7.63986,568523,-2006.29,6375.64,-2871.66
210,4.86941e+06,-592082,-4.90382e+06,-45.1681,-6.93268,568659,-2054.89,6386,-2813.21
220,4.84862e+06,-528173,-4.93166e+06,-45.4941,-6.21686,568792,-2103.23,6395.68,-2754.43
230,4.82735e+06,-464171,-4.95891e+06,-45.815,-5.49235,568924,-2151.31,6404.67,-2695.32
240,4.8056e+06,-400082,-4.98557e+06,-46.1307,-4.75909,569053,-2199.12,6412.97,-2635.89
250,4.78337e+06,-335914,-5.01163e+06,-46.441,-4.01702,569179,-2246.65,6420.58,-2576.15
260,4.76067e+06,-271673,-5.03709e+06,-46.7459,-3.26611,569303,-2293.9,6427.5,-2516.1
270,4.73749e+06,-207366,-5.06195e+06,-47.0452,-2.50631,569425,-2340.87,6433.72,-2455.76
280,4.71385e+06,-143001,-5.0862e+06,-47.3388,-1.73761,569544,-2387.55,6439.25,-2395.12
290,4.68974e+06,-78584.1,-5.10985e+06,-47.6267,-0.959992,569661,-2433.93,6444.08,-2334.2
300,4.66517e+06,-14122.3,-5.13288e+06,-47.9086,-0.173443,569775,-2480.02,6448.21,-2273
310,4.64014e+06,50377.4,-5.15531e+06,-48.1845,0.622029,569886,-2525.81,6451.65,-2211.54
320,4.61466e+06,114908,-5.17711e+06,-48.4541,1.42641,569995,-2571.29,6454.38,-2149.81
330,4.58872e+06,179462,-5.1983e+06,-48.7175,2.23967,570101,-2616.46,6456.42,-2087.82
340,4.56233e+06,244034,-5.21887e+06,-48.9745,3.06177,570204,-2661.32,6457.76,-2025.59
350,4.53549e+06,308615,-5.23881e+06,-49.225,3.89266,570304,-2705.85,6458.39,-1963.12
360,4.50821e+06,373199,-5.25813e+06,-49.4687,4.73227,570402,-2750.07,6458.33,-1900.42
370,4.48049e+06,437779,-5.27682e+06,-49.7057,5.58053,570496,-2793.95,6457.56,-1837.49
380,4.45233e+06,502347,-5.29488e+06,-49.9358,6.43734,570588,-2837.51,6456.09,-1774.35
390,4.42374e+06,566898,-5.31231e+06,-50.1589,7.30259,570677,-2880.73,6453.92,-1710.99
400,4.39472e+06,631423,-5.3291e+06,-50.3748,8.17617,570762,-2923.61,6451.05,-1647.43
410,4.36527e+06,695916,-5.34526e+06,-50.5834,9.05793,570845,-2966.15,6447.47,-1583.68
420,4.3354e+06,760370,-5.36077e+06,-50.7847,9.94772,570924,-3008.34,6443.2,-1519.74
430,4.30511e+06,824777,-5.37565e+06,-50.9785,10.8454,571001,-3050.17,6438.21,-1455.62
440,4.2744e+06,889132,-5.38988e+06,-51.1646,11.7507,571074,-3091.66,6432.53,-1391.33
450,4.24328e+06,953425,-5.40348e+06,-51.343,12.6635,571144,-3132.78,6426.15,-1326.87
460,4.21174e+06,1.01765e+06,-5.41642e+06,-51.5136,13.5836,571211,-3173.54,6419.06,-1262.26
470,4.17981e+06,1.0818e+06,-5.42872e+06,-51.6763,14.5107,571274,-3213.94,6411.27,-1197.49
480,4.14747e+06,1.14587e+06,-5.44037e+06,-51.8309,15.4446,571335,-3253.96,6402.78,-1132.59
490,4.11473e+06,1.20986e+06,-5.45137e+06,-51.9773,16.385,571392,-3293.61,6393.59,-1067.55
500,4.0816e+06,1.27374e+06,-5.46172e+06,-52.1156,17.3316,571445,-3332.88,6383.7,-1002.38
510,4.04807e+06,1.33753e+06,-5.47142e+06,-52.2455,18.2841,571496,-3371.78,6373.11,-937.097
520,4.01416e+06,1.4012e+06,-5.48046e+06,-52.3669,19.2423,571543,-3410.28,6361.82,-871.701
530,3.97987e+06,1.46476e+06,-5.48885e+06,-52.4799,20.2058,571587,-3448.4,6349.83,-806.203
540,3.94519e+06,1.5282e+06,-5.49659e+06,-52.5844,21.1742,571627,-3486.13,6337.14,-740.609
550,3.91015e+06,1.5915e+06,-5.50366e+06,-52.6801,22.1472,571664,-3523.46,6323.76,-674.928
560,3.87473e+06,1.65467e+06,-5.51009e+06,-52.7672,23.1245,571698,-3560.4,6309.68,-609.167
570,3.83894e+06,1.71769e+06,-5.51585e+06,-52.8455,24.1056,571728,-3596.93,6294.91,-543.334
580,3.80279e+06,1.78057e+06,-5.52095e+06,-52.9149,25.0902,571755,-3633.06,6279.45,-477.436
590,3.76628e+06,1.84328e+06,-5.5254e+06,-52.9755,26.0779,571778,-3668.78,6263.29,-411.482
600,3.72942e+06,1.90583e+06,-5.52918e+06,-53.0272,27.0682,571798,-3704.09,6246.44,-345.48
610,3.6922e+06,1.96821e+06,-5.53231e+06,-53.0698,28.0608,571814,-3738.98,6228.91,-279.436
620,3.65464e+06,2.0304e+06,-5.53477e+06,-53.1035,29.0552,571827,-3773.46,6210.69,-213.36
630,3.61673e+06,2.09242e+06,-5.53657e+06,-53.1282,30.051,571836,-3807.52,6191.78,-147.258
640,3.57849e+06,2.15424e+06,-5.53771e+06,-53.1438,31.0478,571842,-3841.15,6172.18,-81.1391
650,3.53991e+06,2.21586e+06,-5.5382e+06,-53.1504,32.0451,571845,-3874.36,6151.9,-15.0104
660,3.501e+06,2.27727e+06,-5.53802e+06,-53.1479,33.0425,571844,-3907.14,6130.94,51.1201
670,3.46177e+06,2.33847e+06,-5.53717e+06,-53.1364,34.0396,571839,-3939.48,6109.31,117.245
680,3.42222e+06,2.39946e+06,-5.53567e+06,-53.1158,35.0359,571831,-3971.4,6086.99,183.355
690,3.38234e+06,2.46021e+06,-5.53351e+06,-53.0863,36.031,571820,-4002.87,6064,249.444
700,3.34216e+06,2.52073e+06,-5.53068e+06,-53.0477,37.0244,571805,-4033.9,6040.34,315.504
710,3.30167e+06,2.58102e+06,-5.5272e+06,-53.0001,38.0158,571786,-4064.49,6016,381.526
720,3.26087e+06,2.64105e+06,-5.52305e+06,-52.9435,39.0048,571765,-4094.64,5991,447.503
730,3.21978e+06,2.70083e+06,-5.51825e+06,-52.8781,39.9908,571739,-4124.33,5965.32,513.427
740,3.17839e+06,2.76035e+06,-5.51278e+06,-52.8038,40.9736,571711,-4153.58,5938.99,579.29
750,3.13671e+06,2.81961e+06,-5.50666e+06,-52.7208,41.9526,571678,-4182.37,5911.99,645.085
760,3.09474e+06,2.87859e+06,-5.49988e+06,-52.6289,42.9276,571643,-4210.71,5884.33,710.803
770,3.05249e+06,2.93729e+06,-5.49245e+06,-52.5284,43.8982,571604,-4238.59,5856.02,776.438
780,3.00997e+06,2.99571e+06,-5.48435e+06,-52.4193,44.864,571561,-4266.01,5827.05,841.98
790,2.96718e+06,3.05383e+06,-5.47561e+06,-52.3017,45.8246,571516,-4292.96,5797.43,907.424
800,2.92411e+06,3.11166e+06,-5.4662e+06,-52.1756,46.7797,571467,-4319.45,5767.16,972.759
810,2.88079e+06,3.16917e+06,-5.45615e+06,-52.0411,47.7291,571414,-4345.48,5736.24,1037.98
820,2.83721e+06,3.22638e+06,-5.44545e+06,-51.8984,48.6723,571358,-4371.03,5704.68,1103.08
830,2.79337e+06,3.28326e+06,-5.43409e+06,-51.7475,49.6092,571299,-4396.12,5672.48,1168.04
840,2.74928e+06,3.33983e+06,-5.42209e+06,-51.5885,50.5394,571237,-4420.73,5639.65,1232.87
850,2.70496e+06,3.39606e+06,-5.40943e+06,-51.4215,51.4627,571172,-4444.87,5606.18,1297.56
860,2.66039e+06,3.45195e+06,-5.39613e+06,-51.2466,52.3788,571103,-4468.52,5572.08,1362.09
870,2.61559e+06,3.50749e+06,-5.38219e+06,-51.0639,53.2876,571031,-4491.71,5537.35,1426.46
880,2.57056e+06,3.56269e+06,-5.36761e+06,-50.8736,54.1888,570956,-4514.4,5501.99,1490.66
890,2.5253e+06,3.61753e+06,-5.35238e+06,-50.6758,55.0821,570878,-4536.62,5466.02,1554.68
900,2.47983e+06,3.67201e+06,-5.33651e+06,-50.4705,55.9676,570796,-4558.35,5429.43,1618.52
910,2.43414e+06,3.72612e+06,-5.32001e+06,-50.2578,56.8449,570712,-4579.6,5392.23,1682.17
920,2.38824e+06,3.77985e+06,-5.30287e+06,-50.038,57.7139,570625,-4600.36,5354.41,1745.61
930,2.34213e+06,3.8332e+06,-5.2851e+06,-49.8111,58.5746,570534,-4620.63,5315.99,1808.86
940,2.29583e+06,3.88617e+06,-5.26669e+06,-49.5772,59.4268,570441,-4640.41,5276.97,1871.88
950,2.24932e+06,3.93874e+06,-5.24766e+06,-49.3365,60.2703,570345,-4659.7,5237.34,1934.69
960,2.20263e+06,3.99091e+06,-5.228e+06,-49.0891,61.1052,570245,-4678.49,5197.13,1997.27
970,2.15576e+06,4.04268e+06,-5.20772e+06,-48.835,61.9313,570143,-4696.79,5156.32,2059.61
980,2.1087e+06,4.09404e+06,-5.18681e+06,-48.5745,62.7485,570039,-4714.59,5114.92,2121.7
990,2.06147e+06,4.14498e+06,-5.16528e+06,-48.3077,63.557,569931,-4731.89,5072.94,2183.55
