0,-3.95224e+06,1.56186e+06,-5.48204e+06,-52.3881,158.437,571549,-3652.97,-6227.28,859.799
5960,-4.17483e+06,2.07194e+06,-5.13696e+06,-47.9587,153.605,569790,-5098.28,-4667.68,2261.97
5970,-4.2256e+06,2.02517e+06,-5.11403e+06,-47.6778,154.393,569676,-5055.27,-4684.58,2323.21
5980,-4.27593e+06,1.97825e+06,-5.0905e+06,-47.3911,155.173,569560,-5011.68,-4700.99,2384.18
5990,-4.32583e+06,1.93116e+06,-5.06635e+06,-47.0984,155.943,569441,-4967.52,-4716.9,2444.87
10,-3.98858e+06,1.49952e+06,-5.47311e+06,-52.2682,159.396,571503,-3614.99,-6240.13,925.213
20,-4.02454e+06,1.43706e+06,-5.46353e+06,-52.1398,160.35,571453,-3576.6,-6252.29,990.518
30,-4.06011e+06,1.37448e+06,-5.4533e+06,-52.0031,161.297,571399,-3537.8,-6263.77,1055.71
40,-4.09529e+06,1.31179e+06,-5.44242e+06,-51.8581,162.239,571343,-3498.59,-6274.57,1120.77
50,-4.13008e+06,1.24899e+06,-5.43089e+06,-51.705,163.174,571283,-3458.99,-6284.67,1185.7
60,-4.16447e+06,1.1861e+06,-5.4187e+06,-51.5438,164.102,571220,-3418.98,-6294.09,1250.49
70,-4.19846e+06,1.12311e+06,-5.40588e+06,-51.3746,165.024,571153,-3378.59,-6302.83,1315.13
80,-4.23204e+06,1.06004e+06,-5.3924e+06,-51.1976,165.938,571084,-3337.8,-6310.87,1379.62
90,-4.26521e+06,996898,-5.37828e+06,-51.0129,166.845,571011,-3296.63,-6318.23,1443.94
100,-4.29797e+06,933682,-5.36352e+06,-50.8205,167.744,570935,-3255.08,-6324.9,1508.09
110,-4.33031e+06,870403,-5.34812e+06,-50.6206,168.635,570856,-3213.15,-6330.88,1572.07
120,-4.36223e+06,807067,-5.33208e+06,-50.4133,169.518,570774,-3170.84,-6336.17,1635.86
130,-4.39373e+06,743682,-5.31541e+06,-50.1987,170.393,570689,-3128.16,-6340.78,1699.45
140,-4.42479e+06,680254,-5.2981e+06,-49.9769,171.26,570600,-3085.12,-6344.69,1762.84
150,-4.45543e+06,616791,-5.28015e+06,-49.7481,172.118,570509,-3041.72,-6347.91,1826.03
160,-4.48563e+06,553299,-5.26158e+06,-49.5124,172.968,570415,-2997.96,-6350.45,1889
170,-4.51539e+06,489784,-5.24237e+06,-49.2698,173.809,570318,-2953.84,-6352.29,1951.74
180,-4.5447e+06,426255,-5.22254e+06,-49.0206,174.642,570218,-2909.37,-6353.45,2014.25
190,-4.57357e+06,362718,-5.20209e+06,-48.7648,175.466,570115,-2864.56,-6353.92,2076.53
200,-4.60199e+06,299180,-5.18101e+06,-48.5025,176.28,570010,-2819.41,-6353.7,2138.56
210,-4.62996e+06,235647,-5.15932e+06,-48.234,177.086,569901,-2773.92,-6352.79,2200.33
220,-4.65747e+06,172126,-5.13701e+06,-47.9592,177.883,569790,-2728.09,-6351.2,2261.85
230,-4.68452e+06,108625,-5.11408e+06,-47.6784,178.672,569677,-2681.94,-6348.92,2323.09
240,-4.71111e+06,45150.6,-5.09054e+06,-47.3916,179.451,569560,-2635.46,-6345.95,2384.07
250,-4.73723e+06,-18291.1,-5.0664e+06,-47.0991,-179.779,569441,-2588.67,-6342.3,2444.75
260,-4.76288e+06,-81692.8,-5.04165e+06,-46.8008,-179.017,569320,-2541.56,-6337.97,2505.15
270,-4.78806e+06,-145048,-5.0163e+06,-46.4969,-178.265,569196,-2494.13,-6332.95,2565.26
280,-4.81276e+06,-208349,-4.99035e+06,-46.1875,-177.521,569070,-2446.41,-6327.25,2625.05
290,-4.83699e+06,-271590,-4.9638e+06,-45.8728,-176.786,568941,-2398.38,-6320.87,2684.54
300,-4.86073e+06,-334764,-4.93666e+06,-45.5529,-176.06,568810,-2350.05,-6313.81,2743.71
310,-4.88399e+06,-397864,-4.90893e+06,-45.2278,-175.343,568677,-2301.43,-6306.07,2802.55
320,-4.90676e+06,-460883,-4.88061e+06,-44.8978,-174.634,568541,-2252.53,-6297.66,2861.06
330,-4.92903e+06,-523814,-4.85171e+06,-44.5628,-173.934,568404,-2203.34,-6288.56,2919.24
340,-4.95082e+06,-586652,-4.82222e+06,-44.2231,-173.242,568264,-2153.87,-6278.8,2977.06
350,-4.97211e+06,-649388,-4.79217e+06,-43.8786,-172.559,568122,-2104.13,-6268.36,3034.53
360,-4.9929e+06,-712016,-4.76153e+06,-43.5297,-171.884,567978,-2054.12,-6257.24,3091.65
370,-5.01319e+06,-774530,-4.73033e+06,-43.1762,-171.217,567832,-2003.85,-6245.46,3148.39
380,-5.03298e+06,-836923,-4.69857e+06,-42.8184,-170.559,567684,-1953.32,-6233.01,3204.76
390,-5.05226e+06,-899188,-4.66624e+06,-42.4564,-169.908,567535,-1902.54,-6219.89,3260.75
400,-5.07103e+06,-961318,-4.63335e+06,-42.0901,-169.266,567384,-1851.5,-6206.11,3316.36
410,-5.08929e+06,-1.02331e+06,-4.59991e+06,-41.7199,-168.631,567230,-1800.23,-6191.67,3371.57
420,-5.10703e+06,-1.08515e+06,-4.56592e+06,-41.3456,-168.004,567076,-1748.71,-6176.56,3426.38
430,-5.12426e+06,-1.14684e+06,-4.53139e+06,-40.9675,-167.385,566919,-1696.97,-6160.8,3480.78
440,-5.14097e+06,-1.20836e+06,-4.49631e+06,-40.5856,-166.773,566762,-1644.99,-6144.38,3534.77
450,-5.15716e+06,-1.26972e+06,-4.46069e+06,-40.2001,-166.169,566602,-1592.79,-6127.3,3588.34
460,-5.17283e+06,-1.33091e+06,-4.42454e+06,-39.8109,-165.571,566442,-1540.38,-6109.57,3641.48
470,-5.18797e+06,-1.39191e+06,-4.38787e+06,-39.4182,-164.981,566280,-1487.75,-6091.2,3694.19
480,-5.20258e+06,-1.45273e+06,-4.35066e+06,-39.0221,-164.399,566116,-1434.91,-6072.17,3746.46
490,-5.21666e+06,-1.51335e+06,-4.31294e+06,-38.6227,-163.823,565952,-1381.87,-6052.5,3798.29
500,-5.23022e+06,-1.57377e+06,-4.2747e+06,-38.22,-163.253,565786,-1328.64,-6032.19,3849.66
510,-5.24324e+06,-1.63399e+06,-4.23595e+06,-37.8141,-162.691,565619,-1275.21,-6011.24,3900.58
520,-5.25572e+06,-1.694e+06,-4.19669e+06,-37.4052,-162.135,565451,-1221.6,-5989.65,3951.03
530,-5.26767e+06,-1.75378e+06,-4.15693e+06,-36.9932,-161.586,565282,-1167.81,-5967.43,4001.01
540,-5.27908e+06,-1.81334e+06,-4.11667e+06,-36.5782,-161.043,565113,-1113.84,-5944.57,4050.52
550,-5.28994e+06,-1.87267e+06,-4.07592e+06,-36.1604,-160.506,564942,-1059.7,-5921.09,4099.55
560,-5.30027e+06,-1.93176e+06,-4.03468e+06,-35.7398,-159.975,564771,-1005.4,-5896.98,4148.08
570,-5.31005e+06,-1.99061e+06,-3.99296e+06,-35.3164,-159.45,564599,-950.938,-5872.25,4196.13
580,-5.31929e+06,-2.04921e+06,-3.95076e+06,-34.8904,-158.931,564426,-896.324,-5846.89,4243.67
590,-5.32798e+06,-2.10754e+06,-3.90809e+06,-34.4618,-158.418,564253,-841.562,-5820.93,4290.71
600,-5.33612e+06,-2.16562e+06,-3.86495e+06,-34.0307,-157.911,564079,-786.658,-5794.34,4337.24
610,-5.34371e+06,-2.22343e+06,-3.82134e+06,-33.5971,-157.409,563905,-731.618,-5767.15,4383.25
620,-5.35075e+06,-2.28096e+06,-3.77728e+06,-33.1611,-156.912,563730,-676.447,-5739.35,4428.74
630,-5.35724e+06,-2.33821e+06,-3.73277e+06,-32.7227,-156.421,563555,-621.151,-5710.95,4473.7
640,-5.36317e+06,-2.39518e+06,-3.68781e+06,-32.2821,-155.935,563380,-565.735,-5681.95,4518.12
650,-5.36855e+06,-2.45185e+06,-3.64241e+06,-31.8392,-155.454,563205,-510.206,-5652.35,4562.01
660,-5.37338e+06,-2.50822e+06,-3.59657e+06,-31.3942,-154.977,563030,-454.568,-5622.16,4605.36
670,-5.37764e+06,-2.56429e+06,-3.55031e+06,-30.9471,-154.506,562854,-398.828,-5591.38,4648.16
680,-5.38135e+06,-2.62005e+06,-3.50361e+06,-30.4979,-154.04,562679,-342.992,-5560.02,4690.4
690,-5.3845e+06,-2.67549e+06,-3.4565e+06,-30.0467,-153.578,562503,-287.065,-5528.07,4732.08
700,-5.38709e+06,-2.73061e+06,-3.40897e+06,-29.5935,-153.12,562328,-231.053,-5495.55,4773.2
710,-5.38912e+06,-2.7854e+06,-3.36104e+06,-29.1384,-152.668,562153,-174.961,-5462.45,4813.75
720,-5.39059e+06,-2.83986e+06,-3.3127e+06,-28.6815,-152.219,561979,-118.797,-5428.78,4853.73
730,-5.3915e+06,-2.89397e+06,-3.26396e+06,-28.2228,-151.775,561804,-62.5644,-5394.55,4893.13
740,-5.39184e+06,-2.94774e+06,-3.21484e+06,-27.7624,-151.334,561631,-6.27061,-5359.76,4931.94
750,-5.39162e+06,-3.00117e+06,-3.16533e+06,-27.3002,-150.898,561457,50.0789,-5324.4,4970.16
760,-5.39084e+06,-3.05423e+06,-3.11544e+06,-26.8364,-150.466,561284,106.478,-5288.5,5007.79
770,-5.38949e+06,-3.10693e+06,-3.06517e+06,-26.3709,-150.037,561112,162.921,-5252.04,5044.83
780,-5.38758e+06,-3.15927e+06,-3.01454e+06,-25.9039,-149.613,560941,219.403,-5215.04,5081.26
790,-5.38511e+06,-3.21123e+06,-2.96355e+06,-25.4354,-149.192,560770,275.916,-5177.5,5117.08
800,-5.38206e+06,-3.26282e+06,-2.9122e+06,-24.9653,-148.774,560600,332.455,-5139.43,5152.29
810,-5.37846e+06,-3.31402e+06,-2.86051e+06,-24.4938,-148.36,560431,389.014,-5100.82,5186.89
820,-5.37428e+06,-3.36483e+06,-2.80847e+06,-24.0209,-147.949,560262,445.588,-5061.69,5220.87
830,-5.36955e+06,-3.41525e+06,-2.75609e+06,-23.5467,-147.542,560095,502.17,-5022.03,5254.22
840,-5.36424e+06,-3.46527e+06,-2.70339e+06,-23.0711,-147.138,559929,558.754,-4981.86,5286.95
850,-5.35837e+06,-3.51489e+06,-2.65036e+06,-22.5942,-146.737,559764,615.333,-4941.17,5319.04
860,-5.35193e+06,-3.56409e+06,-2.59701e+06,-22.1161,-146.339,559600,671.904,-4899.97,5350.5
870,-5.34493e+06,-3.61288e+06,-2.54335e+06,-21.6368,-145.943,559437,728.458,-4858.28,5381.32
880,-5.33737e+06,-3.66125e+06,-2.48938e+06,-21.1562,-145.551,559276,784.99,-4816.08,5411.49
890,-5.32923e+06,-3.7092e+06,-2.43512e+06,-20.6746,-145.162,559115,841.494,-4773.39,5441.02
900,-5.32054e+06,-3.75672e+06,-2.38057e+06,-20.1918,-144.775,558957,897.965,-4730.21,5469.89
910,-5.31127e+06,-3.8038e+06,-2.32572e+06,-19.7079,-144.391,558799,954.395,-4686.55,5498.11
920,-5.30145e+06,-3.85045e+06,-2.27061e+06,-19.223,-144.009,558644,1010.78,-4642.41,5525.68
930,-5.29106e+06,-3.89665e+06,-2.21521e+06,-18.7371,-143.63,558489,1067.11,-4597.8,5552.58
940,-5.28011e+06,-3.9424e+06,-2.15956e+06,-18.2502,-143.253,558337,1123.38,-4552.72,5578.82
950,-5.26859e+06,-3.9877e+06,-2.10364e+06,-17.7624,-142.879,558186,1179.59,-4507.18,5604.39
960,-5.25651e+06,-4.03255e+06,-2.04747e+06,-17.2736,-142.506,558036,1235.73,-4461.18,5629.29
970,-5.24388e+06,-4.07693e+06,-1.99106e+06,-16.784,-142.136,557889,1291.8,-4414.72,5653.51
980,-5.23068e+06,-4.12084e+06,-1.9344e+06,-16.2935,-141.768,557743,1347.78,-4367.82,5677.06
990,-5.21692e+06,-4.16428e+06,-1.87752e+06,-15.8022,-141.402,557599,1403.67,-4320.48,5699.93
