5960,-997696,-2.48155e+06,6.39848e+06,67.4401,-111.902,575061,71.3364,7124.13,2768.33
0,678154,-3.90265e+06,5.69401e+06,55.3403,-80.1423,572599,-2920.18,5667.09,4222.58
5970,-996872,-2.41016e+06,6.42578e+06,68.0308,-112.471,575164,93.5599,7152.98,2691.83
5980,-995825,-2.33849e+06,6.45231e+06,68.6196,-113.066,575265,115.813,7180.95,2615.02
5990,-994556,-2.26654e+06,6.47808e+06,69.2065,-113.692,575363,138.093,7208.03,2537.89
10,648954,-3.84573e+06,5.73589e+06,55.9504,-80.4218,572735,-2919.74,5717.27,4154.35
20,619760,-3.78831e+06,5.77709e+06,56.56,-80.7088,572870,-2918.88,5766.76,4085.63
30,590577,-3.73039e+06,5.8176e+06,57.169,-81.0039,573004,-2917.61,5815.57,4016.43
40,561409,-3.672e+06,5.85742e+06,57.7774,-81.3074,573137,-2915.92,5863.69,3946.75
50,532260,-3.61312e+06,5.89654e+06,58.3852,-81.6199,573269,-2913.81,5911.1,3876.6
60,503134,-3.55378e+06,5.93495e+06,58.9923,-81.9418,573399,-2911.29,5957.81,3805.99
70,474036,-3.49397e+06,5.97266e+06,59.5987,-82.2737,573528,-2908.36,6003.81,3734.93
80,444968,-3.4337e+06,6.00965e+06,60.2044,-82.6163,573656,-2905.01,6049.1,3663.42
90,415937,-3.37299e+06,6.04592e+06,60.8093,-82.9701,573782,-2901.26,6093.66,3591.48
100,386945,-3.31183e+06,6.08148e+06,61.4134,-83.3359,573907,-2897.1,6137.49,3519.12
110,357996,-3.25024e+06,6.1163e+06,62.0167,-83.7145,574030,-2892.53,6180.58,3446.33
120,329095,-3.18822e+06,6.1504e+06,62.619,-84.1067,574152,-2887.55,6222.94,3373.14
130,300246,-3.12578e+06,6.18377e+06,63.2204,-84.5133,574271,-2882.17,6264.55,3299.55
140,271453,-3.06293e+06,6.21639e+06,63.8207,-84.9354,574389,-2876.39,6305.4,3225.56
150,242720,-2.99968e+06,6.24828e+06,64.42,-85.374,574505,-2870.21,6345.51,3151.2
160,214050,-2.93603e+06,6.27941e+06,65.018,-85.8302,574619,-2863.64,6384.84,3076.46
170,185448,-2.87198e+06,6.3098e+06,65.6148,-86.3055,574731,-2856.66,6423.42,3001.35
180,156918,-2.80756e+06,6.33944e+06,66.2103,-86.801,574841,-2849.29,6461.22,2925.89
190,128464,-2.74276e+06,6.36832e+06,66.8043,-87.3184,574948,-2841.53,6498.24,2850.08
200,100089,-2.6776e+06,6.39644e+06,67.3967,-87.8593,575054,-2833.38,6534.48,2773.93
210,71797.2,-2.61208e+06,6.4238e+06,67.9875,-88.4255,575157,-2824.84,6569.93,2697.46
220,43593,-2.5462e+06,6.45039e+06,68.5765,-89.0191,575257,-2815.92,6604.59,2620.67
230,15480,-2.47999e+06,6.47621e+06,69.1635,-89.6424,575356,-2806.61,6638.45,2543.56
240,-12538.1,-2.41344e+06,6.50126e+06,69.7484,-90.2977,575452,-2796.92,6671.52,2466.15
250,-40457.3,-2.34656e+06,6.52553e+06,70.331,-90.9877,575545,-2786.86,6703.78,2388.45
260,-68274,-2.27936e+06,6.54903e+06,70.9111,-91.7157,575636,-2776.41,6735.23,2310.47
270,-95984.4,-2.21186e+06,6.57174e+06,71.4885,-92.4848,575724,-2765.6,6765.86,2232.22
280,-123585,-2.14405e+06,6.59367e+06,72.0629,-93.2989,575809,-2754.41,6795.68,2153.7
290,-151071,-2.07595e+06,6.61481e+06,72.634,-94.1622,575892,-2742.85,6824.67,2074.92
300,-178441,-2.00756e+06,6.63517e+06,73.2014,-95.0794,575972,-2730.92,6852.84,1995.9
310,-205689,-1.93889e+06,6.65473e+06,73.7649,-96.0556,576049,-2718.63,6880.18,1916.64
320,-232812,-1.86996e+06,6.6735e+06,74.324,-97.0969,576123,-2705.98,6906.69,1837.16
330,-259807,-1.80076e+06,6.69147e+06,74.8782,-98.2098,576195,-2692.97,6932.36,1757.46
340,-286670,-1.73131e+06,6.70865e+06,75.4269,-99.4017,576263,-2679.61,6957.19,1677.55
350,-313398,-1.66162e+06,6.72502e+06,75.9696,-100.681,576329,-2665.89,6981.17,1597.44
360,-339987,-1.59169e+06,6.7406e+06,76.5054,-102.057,576391,-2651.83,7004.31,1517.14
370,-366434,-1.52154e+06,6.75537e+06,77.0336,-103.541,576451,-2637.41,7026.6,1436.66
380,-392734,-1.45116e+06,6.76933e+06,77.5532,-105.143,576507,-2622.66,7048.03,1356.02
390,-418886,-1.38058e+06,6.78249e+06,78.063,-106.878,576560,-2607.56,7068.61,1275.21
400,-444884,-1.30979e+06,6.79483e+06,78.5618,-108.761,576610,-2592.12,7088.33,1194.25
410,-470727,-1.23882e+06,6.80637e+06,79.0481,-110.806,576657,-2576.35,7107.19,1113.15
420,-496410,-1.16765e+06,6.8171e+06,79.5201,-113.032,576701,-2560.24,7125.18,1031.92
430,-521931,-1.09631e+06,6.82701e+06,79.9758,-115.458,576741,-2543.81,7142.3,950.562
440,-547285,-1.02481e+06,6.83611e+06,80.4129,-118.104,576778,-2527.05,7158.55,869.096
450,-572471,-953146,6.84439e+06,80.8288,-120.99,576812,-2509.97,7173.94,787.526
460,-597484,-881334,6.85186e+06,81.2203,-124.135,576843,-2492.57,7188.44,705.864
470,-622321,-809380,6.85851e+06,81.5843,-127.556,576870,-2474.86,7202.07,624.117
480,-646980,-737295,6.86434e+06,81.9168,-131.267,576894,-2456.83,7214.83,542.297
490,-671457,-665087,6.86935e+06,82.2139,-135.273,576915,-2438.5,7226.7,460.413
500,-695749,-592764,6.87355e+06,82.4714,-139.57,576932,-2419.86,7237.68,378.474
510,-719853,-520336,6.87692e+06,82.6851,-144.139,576946,-2400.91,7247.79,296.491
520,-743766,-447811,6.87948e+06,82.8512,-148.948,576957,-2381.67,7257.01,214.472
530,-767486,-375199,6.88121e+06,82.9661,-153.947,576964,-2362.14,7265.34,132.428
540,-791008,-302507,6.88213e+06,83.0274,-159.072,576968,-2342.31,7272.78,50.3682
550,-814331,-229746,6.88222e+06,83.0337,-164.245,576968,-2322.2,7279.33,-31.6974
560,-837451,-156924,6.88149e+06,82.9848,-169.387,576965,-2301.8,7284.99,-113.759
570,-860366,-84049.1,6.87994e+06,82.8819,-174.42,576959,-2281.12,7289.76,-195.808
580,-883073,-11131.3,6.87758e+06,82.7272,-179.278,576949,-2260.17,7293.64,-277.833
590,-905568,61820.7,6.87439e+06,82.524,176.095,576936,-2238.94,7296.62,-359.825
600,-927850,134798,6.87038e+06,82.2761,171.734,576920,-2217.44,7298.7,-441.775
610,-949916,207792,6.86555e+06,81.9876,167.661,576900,-2195.68,7299.89,-523.673
620,-971763,280793,6.85991e+06,81.6628,163.883,576877,-2173.66,7300.19,-605.508
630,-993389,353793,6.85344e+06,81.3056,160.397,576851,-2151.38,7299.59,-687.272
640,-1.01479e+06,426782,6.84616e+06,80.92,157.19,576821,-2128.85,7298.09,-768.955
650,-1.03596e+06,499751,6.83806e+06,80.5094,154.247,576788,-2106.07,7295.69,-850.546
660,-1.05691e+06,572693,6.82915e+06,80.0769,151.549,576752,-2083.04,7292.4,-932.037
670,-1.07762e+06,645596,6.81942e+06,79.6252,149.075,576712,-2059.77,7288.21,-1013.42
680,-1.09811e+06,718454,6.80888e+06,79.1567,146.805,576669,-2036.27,7283.12,-1094.68
690,-1.11835e+06,791256,6.79753e+06,78.6735,144.72,576623,-2012.53,7277.13,-1175.81
700,-1.13836e+06,863994,6.78537e+06,78.1774,142.802,576574,-1988.56,7270.25,-1256.8
710,-1.15812e+06,936658,6.77239e+06,77.67,141.035,576522,-1964.37,7262.48,-1337.64
720,-1.17764e+06,1.00924e+06,6.75861e+06,77.1525,139.403,576466,-1939.95,7253.8,-1418.33
730,-1.19692e+06,1.08173e+06,6.74403e+06,76.6262,137.894,576408,-1915.32,7244.24,-1498.85
740,-1.21595e+06,1.15412e+06,6.72864e+06,76.092,136.494,576346,-1890.48,7233.77,-1579.18
750,-1.23473e+06,1.2264e+06,6.71244e+06,75.5508,135.194,576282,-1865.43,7222.42,-1659.34
760,-1.25326e+06,1.29857e+06,6.69545e+06,75.0034,133.983,576214,-1840.18,7210.17,-1739.29
770,-1.27153e+06,1.3706e+06,6.67766e+06,74.4504,132.853,576143,-1814.72,7197.04,-1819.04
780,-1.28955e+06,1.44251e+06,6.65907e+06,73.8924,131.796,576070,-1789.07,7183.01,-1898.58
790,-1.30731e+06,1.51426e+06,6.63969e+06,73.3299,130.805,575993,-1763.23,7168.09,-1977.89
800,-1.32481e+06,1.58586e+06,6.61951e+06,72.7633,129.875,575914,-1737.21,7152.29,-2056.96
810,-1.34205e+06,1.6573e+06,6.59855e+06,72.193,129,575832,-1711,7135.6,-2135.79
820,-1.35903e+06,1.72857e+06,6.5768e+06,71.6193,128.175,575748,-1684.61,7118.03,-2214.37
830,-1.37575e+06,1.79966e+06,6.55426e+06,71.0426,127.396,575660,-1658.05,7099.58,-2292.69
840,-1.39219e+06,1.87056e+06,6.53095e+06,70.4631,126.659,575570,-1631.32,7080.24,-2370.73
850,-1.40837e+06,1.94126e+06,6.50685e+06,69.8811,125.961,575478,-1604.42,7060.03,-2448.5
860,-1.42428e+06,2.01176e+06,6.48198e+06,69.2967,125.298,575382,-1577.37,7038.94,-2525.97
870,-1.43992e+06,2.08204e+06,6.45633e+06,68.7101,124.667,575285,-1550.16,7016.98,-2603.15
880,-1.45528e+06,2.1521e+06,6.42992e+06,68.1216,124.067,575185,-1522.79,6994.15,-2680.01
890,-1.47037e+06,2.22192e+06,6.40273e+06,67.5312,123.495,575082,-1495.28,6970.44,-2756.56
900,-1.48519e+06,2.2915e+06,6.37479e+06,66.9391,122.948,574978,-1467.63,6945.87,-2832.78
910,-1.49973e+06,2.36083e+06,6.34608e+06,66.3454,122.426,574871,-1439.84,6920.44,-2908.67
920,-1.51398e+06,2.42991e+06,6.31661e+06,65.7503,121.925,574761,-1411.92,6894.15,-2984.21
930,-1.52796e+06,2.49872e+06,6.28639e+06,65.1538,121.446,574650,-1383.87,6866.99,-3059.4
940,-1.54166e+06,2.56725e+06,6.25543e+06,64.556,120.985,574537,-1355.69,6838.99,-3134.22
950,-1.55508e+06,2.63549e+06,6.22371e+06,63.9571,120.543,574422,-1327.39,6810.13,-3208.67
960,-1.56821e+06,2.70345e+06,6.19125e+06,63.357,120.117,574304,-1298.98,6780.42,-3282.74
970,-1.58106e+06,2.7711e+06,6.15806e+06,62.7558,119.707,574185,-1270.46,6749.86,-3356.43
980,-1.59362e+06,2.83844e+06,6.12413e+06,62.1537,119.312,574064,-1241.83,6718.46,-3429.71
990,-1.60589e+06,2.90546e+06,6.08946e+06,61.5507,118.93,573942,-1213.11,6686.23,-3502.59
