0,-5.19776e+06,-1.8804e+06,-4.1895e+06,-37.3304,-160.111,565430,4629.94,-3982.46,-3960.17
5960,-4.8103e+06,-805353,-4.93171e+06,-45.4947,-170.496,568793,3757.5,-5586.6,-2754.34
5970,-4.77248e+06,-861198,-4.95896e+06,-45.8156,-169.771,568924,3806.21,-5582.22,-2695.23
5980,-4.73418e+06,-916996,-4.98561e+06,-46.1312,-169.038,569053,3854.48,-5577.26,-2635.8
5990,-4.6954e+06,-972741,-5.01167e+06,-46.4416,-168.296,569179,3902.29,-5571.71,-2576.06
10,-5.15118e+06,-1.92014e+06,-4.22885e+06,-37.7399,-159.557,565597,4685.62,-3966.68,-3909.8
20,-5.10405e+06,-1.95973e+06,-4.26769e+06,-38.1464,-158.995,565764,4740.76,-3950.51,-3858.97
30,-5.05637e+06,-1.99915e+06,-4.30602e+06,-38.5497,-158.427,565930,4795.36,-3933.95,-3807.68
40,-5.00814e+06,-2.03841e+06,-4.34384e+06,-38.9497,-157.853,566095,4849.4,-3917,-3755.93
50,-4.95938e+06,-2.07749e+06,-4.38114e+06,-39.3464,-157.271,566258,4902.9,-3899.67,-3703.74
60,-4.91009e+06,-2.1164e+06,-4.41792e+06,-39.7397,-156.682,566421,4955.83,-3881.95,-3651.11
70,-4.86027e+06,-2.15513e+06,-4.45416e+06,-40.1295,-156.087,566581,5008.2,-3863.85,-3598.05
80,-4.80993e+06,-2.19368e+06,-4.48988e+06,-40.5157,-155.484,566741,5060,-3845.37,-3544.56
90,-4.75907e+06,-2.23204e+06,-4.52505e+06,-40.8983,-154.873,566899,5111.22,-3826.51,-3490.64
100,-4.7077e+06,-2.2702e+06,-4.55969e+06,-41.2771,-154.255,567055,5161.86,-3807.28,-3436.31
110,-4.65584e+06,-2.30818e+06,-4.59378e+06,-41.6521,-153.63,567210,5211.91,-3787.66,-3381.58
120,-4.60347e+06,-2.34596e+06,-4.62732e+06,-42.0231,-152.996,567363,5261.37,-3767.67,-3326.44
130,-4.55061e+06,-2.38353e+06,-4.6603e+06,-42.39,-152.355,567515,5310.23,-3747.3,-3270.91
140,-4.49727e+06,-2.4209e+06,-4.69273e+06,-42.7529,-151.706,567665,5358.48,-3726.56,-3214.99
150,-4.44344e+06,-2.45806e+06,-4.7246e+06,-43.1115,-151.049,567813,5406.13,-3705.45,-3158.69
160,-4.38915e+06,-2.49501e+06,-4.75591e+06,-43.4657,-150.384,567959,5453.17,-3683.97,-3102.01
170,-4.33438e+06,-2.53174e+06,-4.78664e+06,-43.8155,-149.711,568103,5499.59,-3662.13,-3044.96
180,-4.27916e+06,-2.56825e+06,-4.8168e+06,-44.1608,-149.029,568245,5545.38,-3639.91,-2987.55
190,-4.22348e+06,-2.60454e+06,-4.84639e+06,-44.5014,-148.339,568385,5590.55,-3617.34,-2929.79
200,-4.16735e+06,-2.64059e+06,-4.8754e+06,-44.8372,-147.64,568523,5635.08,-3594.4,-2871.68
210,-4.11078e+06,-2.67642e+06,-4.90382e+06,-45.1682,-146.933,568659,5678.98,-3571.1,-2813.23
220,-4.05377e+06,-2.71202e+06,-4.93166e+06,-45.4941,-146.217,568792,5722.23,-3547.44,-2754.45
230,-3.99634e+06,-2.74737e+06,-4.95891e+06,-45.815,-145.493,568924,5764.84,-3523.42,-2695.34
240,-3.93848e+06,-2.78248e+06,-4.98557e+06,-46.1307,-144.759,569053,5806.8,-3499.05,-2635.91
250,-3.8802e+06,-2.81735e+06,-5.01163e+06,-46.441,-144.017,569179,5848.1,-3474.33,-2576.17
260,-3.82152e+06,-2.85197e+06,-5.03709e+06,-46.7459,-143.266,569303,5888.74,-3449.25,-2516.12
270,-3.76243e+06,-2.88633e+06,-5.06195e+06,-47.0452,-142.507,569425,5928.72,-3423.83,-2455.78
280,-3.70295e+06,-2.92044e+06,-5.0862e+06,-47.3389,-141.738,569544,5968.03,-3398.06,-2395.14
290,-3.64307e+06,-2.95429e+06,-5.10985e+06,-47.6267,-140.96,569661,6006.67,-3371.94,-2334.22
300,-3.58281e+06,-2.98788e+06,-5.13289e+06,-47.9086,-140.174,569775,6044.63,-3345.48,-2273.02
310,-3.52218e+06,-3.0212e+06,-5.15531e+06,-48.1845,-139.378,569886,6081.92,-3318.68,-2211.56
320,-3.46118e+06,-3.05425e+06,-5.17712e+06,-48.4542,-138.574,569995,6118.52,-3291.54,-2149.83
330,-3.39981e+06,-3.08703e+06,-5.19831e+06,-48.7176,-137.761,570101,6154.43,-3264.07,-2087.84
340,-3.33809e+06,-3.11953e+06,-5.21887e+06,-48.9746,-136.938,570204,6189.65,-3236.26,-2025.61
350,-3.27602e+06,-3.15175e+06,-5.23882e+06,-49.225,-136.108,570304,6224.18,-3208.12,-1963.14
360,-3.21361e+06,-3.18369e+06,-5.25814e+06,-49.4688,-135.268,570402,6258,-3179.65,-1900.44
370,-3.15087e+06,-3.21535e+06,-5.27683e+06,-49.7058,-134.42,570496,6291.13,-3150.85,-1837.51
380,-3.08779e+06,-3.24671e+06,-5.29489e+06,-49.9359,-133.563,570588,6323.55,-3121.73,-1774.37
390,-3.0244e+06,-3.27778e+06,-5.31231e+06,-50.159,-132.698,570677,6355.27,-3092.29,-1711.01
400,-2.96069e+06,-3.30855e+06,-5.32911e+06,-50.3749,-131.824,570762,6386.27,-3062.53,-1647.45
410,-2.89667e+06,-3.33903e+06,-5.34526e+06,-50.5835,-130.942,570845,6416.55,-3032.44,-1583.7
420,-2.83236e+06,-3.3692e+06,-5.36078e+06,-50.7848,-130.052,570924,6446.12,-3002.05,-1519.76
430,-2.76775e+06,-3.39907e+06,-5.37566e+06,-50.9785,-129.155,571001,6474.97,-2971.34,-1455.64
440,-2.70286e+06,-3.42863e+06,-5.38989e+06,-51.1647,-128.25,571074,6503.1,-2940.32,-1391.35
450,-2.6377e+06,-3.45787e+06,-5.40348e+06,-51.3431,-127.337,571144,6530.49,-2909,-1326.89
460,-2.57226e+06,-3.48681e+06,-5.41643e+06,-51.5137,-126.417,571211,6557.16,-2877.37,-1262.27
470,-2.50656e+06,-3.51542e+06,-5.42873e+06,-51.6763,-125.49,571274,6583.1,-2845.43,-1197.51
480,-2.4406e+06,-3.54371e+06,-5.44038e+06,-51.831,-124.556,571335,6608.3,-2813.2,-1132.61
490,-2.37439e+06,-3.57168e+06,-5.45138e+06,-51.9774,-123.615,571392,6632.77,-2780.68,-1067.57
500,-2.30795e+06,-3.59933e+06,-5.46173e+06,-52.1157,-122.669,571446,6656.5,-2747.86,-1002.4
510,-2.24126e+06,-3.62664e+06,-5.47143e+06,-52.2456,-121.716,571496,6679.48,-2714.74,-937.115
520,-2.17436e+06,-3.65362e+06,-5.48047e+06,-52.3671,-120.758,571543,6701.72,-2681.34,-871.72
530,-2.10723e+06,-3.68027e+06,-5.48886e+06,-52.4801,-119.794,571587,6723.22,-2647.66,-806.222
540,-2.0399e+06,-3.70657e+06,-5.4966e+06,-52.5845,-118.826,571627,6743.97,-2613.69,-740.628
550,-1.97236e+06,-3.73254e+06,-5.50367e+06,-52.6803,-117.853,571664,6763.96,-2579.44,-674.947
560,-1.90462e+06,-3.75816e+06,-5.51009e+06,-52.7673,-116.876,571698,6783.21,-2544.92,-609.185
570,-1.8367e+06,-3.78344e+06,-5.51586e+06,-52.8456,-115.895,571728,6801.7,-2510.12,-543.352
580,-1.76859e+06,-3.80836e+06,-5.52096e+06,-52.9151,-114.91,571755,6819.44,-2475.05,-477.455
590,-1.70031e+06,-3.83294e+06,-5.52541e+06,-52.9756,-113.922,571778,6836.41,-2439.71,-411.501
600,-1.63186e+06,-3.85715e+06,-5.52919e+06,-53.0273,-112.932,571798,6852.63,-2404.11,-345.498
610,-1.56326e+06,-3.88102e+06,-5.53232e+06,-53.07,-111.939,571814,6868.09,-2368.25,-279.454
620,-1.4945e+06,-3.90452e+06,-5.53478e+06,-53.1037,-110.945,571827,6882.79,-2332.13,-213.378
630,-1.42561e+06,-3.92766e+06,-5.53658e+06,-53.1283,-109.949,571836,6896.73,-2295.75,-147.276
640,-1.35657e+06,-3.95043e+06,-5.53772e+06,-53.144,-108.952,571842,6909.89,-2259.12,-81.1568
650,-1.28741e+06,-3.97284e+06,-5.53821e+06,-53.1506,-107.955,571845,6922.3,-2222.24,-15.028
660,-1.21813e+06,-3.99488e+06,-5.53803e+06,-53.1481,-106.958,571844,6933.94,-2185.12,51.1026
670,-1.14874e+06,-4.01654e+06,-5.53718e+06,-53.1366,-105.961,571839,6944.81,-2147.75,117.227
680,-1.07924e+06,-4.03783e+06,-5.53568e+06,-53.116,-104.964,571831,6954.91,-2110.14,183.338
690,-1.00964e+06,-4.05874e+06,-5.53352e+06,-53.0864,-103.969,571820,6964.24,-2072.3,249.427
700,-939955,-4.07928e+06,-5.53069e+06,-53.0478,-102.976,571805,6972.8,-2034.23,315.486
710,-870188,-4.09943e+06,-5.52721e+06,-53.0002,-101.984,571786,6980.59,-1995.92,381.509
720,-800346,-4.11919e+06,-5.52306e+06,-52.9437,-100.995,571765,6987.61,-1957.39,447.486
730,-730438,-4.13857e+06,-5.51826e+06,-52.8783,-100.009,571739,6993.86,-1918.64,513.41
740,-660472,-4.15756e+06,-5.51279e+06,-52.804,-99.0266,571711,6999.34,-1879.66,579.273
750,-590454,-4.17617e+06,-5.50667e+06,-52.7209,-98.0475,571678,7004.04,-1840.47,645.068
760,-520394,-4.19437e+06,-5.49989e+06,-52.6291,-97.0725,571643,7007.97,-1801.07,710.787
770,-450298,-4.21219e+06,-5.49246e+06,-52.5286,-96.102,571604,7011.12,-1761.46,776.422
780,-380174,-4.2296e+06,-5.48437e+06,-52.4195,-95.1362,571561,7013.51,-1721.65,841.964
790,-310031,-4.24662e+06,-5.47562e+06,-52.3019,-94.1756,571516,7015.12,-1681.63,907.407
800,-239875,-4.26323e+06,-5.46622e+06,-52.1758,-93.2204,571467,7015.95,-1641.41,972.743
810,-169715,-4.27945e+06,-5.45616e+06,-52.0413,-92.2711,571414,7016.02,-1601,1037.96
820,-99557.7,-4.29525e+06,-5.44546e+06,-51.8986,-91.3278,571358,7015.31,-1560.4,1103.06
830,-29411.5,-4.31065e+06,-5.4341e+06,-51.7476,-90.3909,571299,7013.83,-1519.61,1168.03
840,40715.9,-4.32564e+06,-5.4221e+06,-51.5886,-89.4607,571237,7011.57,-1478.63,1232.86
850,110817,-4.34023e+06,-5.40945e+06,-51.4216,-88.5374,571172,7008.55,-1437.48,1297.54
860,180884,-4.35439e+06,-5.39615e+06,-51.2468,-87.6213,571103,7004.75,-1396.15,1362.07
870,250909,-4.36815e+06,-5.38221e+06,-51.0641,-86.7125,571031,7000.19,-1354.65,1426.44
880,320885,-4.38149e+06,-5.36762e+06,-50.8738,-85.8113,570956,6994.85,-1312.97,1490.64
890,390803,-4.39441e+06,-5.35239e+06,-50.6759,-84.9179,570878,6988.75,-1271.14,1554.66
900,460657,-4.40691e+06,-5.33653e+06,-50.4706,-84.0325,570796,6981.87,-1229.14,1618.5
910,530438,-4.41899e+06,-5.32002e+06,-50.258,-83.1552,570712,6974.24,-1186.98,1682.15
920,600139,-4.43065e+06,-5.30289e+06,-50.0382,-82.2861,570625,6965.83,-1144.67,1745.6
930,669752,-4.44188e+06,-5.28511e+06,-49.8113,-81.4255,570534,6956.66,-1102.21,1808.84
940,739269,-4.45269e+06,-5.26671e+06,-49.5774,-80.5733,570441,6946.73,-1059.6,1871.87
950,808683,-4.46307e+06,-5.24768e+06,-49.3367,-79.7298,570345,6936.04,-1016.85,1934.68
960,877987,-4.47303e+06,-5.22802e+06,-49.0893,-78.8949,570246,6924.58,-973.961,1997.25
970,947172,-4.48255e+06,-5.20773e+06,-48.8352,-78.0688,570143,6912.37,-930.938,2059.59
980,1.01623e+06,-4.49165e+06,-5.18683e+06,-48.5747,-77.2515,570039,6899.4,-887.784,2121.69
990,1.08516e+06,-4.50031e+06,-5.1653e+06,-48.3079,-76.4431,569931,6885.67,-844.504,2183.54
