0,3.53883e+06,2.34072e+06,5.47231e+06,52.3833,33.4823,559727,-3012.27,6575.72,-862.747
5960,4.08402e+06,2.2363e+06,5.12609e+06,47.9261,28.7039,558709,-903.516,6863.96,-2269.22
5970,4.07479e+06,2.30481e+06,5.10309e+06,47.6437,29.4937,558644,-942.153,6838.24,-2330.63
5980,4.06517e+06,2.37306e+06,5.07948e+06,47.3552,30.2744,558578,-980.716,6811.76,-2391.76
5990,4.05517e+06,2.44104e+06,5.05526e+06,47.061,31.0461,558511,-1019.2,6784.53,-2452.6
10,3.50854e+06,2.40636e+06,5.46336e+06,52.2625,34.4446,559699,-3044.69,6551.86,-928.38
20,3.47793e+06,2.47176e+06,5.45374e+06,52.1333,35.4013,559670,-3076.78,6527.25,-993.902
30,3.44701e+06,2.53691e+06,5.44348e+06,51.9956,36.3521,559639,-3108.55,6501.92,-1059.31
40,3.41576e+06,2.60179e+06,5.43256e+06,51.8497,37.2966,559605,-3139.98,6475.85,-1124.58
50,3.38421e+06,2.66642e+06,5.42099e+06,51.6956,38.2346,559570,-3171.07,6449.06,-1189.72
60,3.35234e+06,2.73077e+06,5.40876e+06,51.5333,39.1658,559533,-3201.83,6421.55,-1254.72
70,3.32017e+06,2.79485e+06,5.39589e+06,51.3631,40.0899,559494,-3232.25,6393.31,-1319.57
80,3.2877e+06,2.85864e+06,5.38237e+06,51.1849,41.0068,559454,-3262.32,6364.36,-1384.27
90,3.25493e+06,2.92213e+06,5.36821e+06,50.999,41.9161,559411,-3292.05,6334.69,-1448.79
100,3.22186e+06,2.98533e+06,5.3534e+06,50.8054,42.8177,559367,-3321.43,6304.31,-1513.15
110,3.1885e+06,3.04822e+06,5.33795e+06,50.6042,43.7115,559321,-3350.45,6273.22,-1577.32
120,3.15485e+06,3.11079e+06,5.32185e+06,50.3956,44.5971,559273,-3379.13,6241.43,-1641.3
130,3.12092e+06,3.17304e+06,5.30512e+06,50.1796,45.4745,559224,-3407.45,6208.93,-1705.09
140,3.0867e+06,3.23497e+06,5.28775e+06,49.9565,46.3435,559173,-3435.41,6175.73,-1768.68
150,3.05221e+06,3.29655e+06,5.26975e+06,49.7262,47.204,559120,-3463.02,6141.83,-1832.05
160,3.01744e+06,3.3578e+06,5.25111e+06,49.489,48.056,559066,-3490.26,6107.25,-1895.2
170,2.98241e+06,3.4187e+06,5.23185e+06,49.245,48.8992,559010,-3517.13,6071.97,-1958.13
180,2.9471e+06,3.47924e+06,5.21195e+06,48.9943,49.7336,558953,-3543.64,6036.01,-2020.82
190,2.91154e+06,3.53942e+06,5.19143e+06,48.737,50.5592,558894,-3569.78,5999.37,-2083.27
200,2.87571e+06,3.59922e+06,5.17029e+06,48.4732,51.3758,558834,-3595.55,5962.05,-2145.47
210,2.83963e+06,3.65865e+06,5.14852e+06,48.203,52.1835,558772,-3620.95,5924.05,-2207.42
220,2.80329e+06,3.7177e+06,5.12614e+06,47.9267,52.9823,558709,-3645.97,5885.39,-2269.1
230,2.76671e+06,3.77636e+06,5.10314e+06,47.6442,53.772,558644,-3670.61,5846.06,-2330.51
240,2.72988e+06,3.83462e+06,5.07953e+06,47.3558,54.5528,558578,-3694.88,5806.06,-2391.64
250,2.69281e+06,3.89248e+06,5.05531e+06,47.0616,55.3246,558511,-3718.76,5765.41,-2452.49
260,2.65551e+06,3.94993e+06,5.03048e+06,46.7616,56.0873,558443,-3742.26,5724.11,-2513.04
270,2.61797e+06,4.00696e+06,5.00505e+06,46.456,56.8412,558374,-3765.38,5682.16,-2573.29
280,2.5802e+06,4.06357e+06,4.97902e+06,46.145,57.5861,558303,-3788.1,5639.56,-2633.23
290,2.54221e+06,4.11975e+06,4.95239e+06,45.8286,58.3222,558231,-3810.45,5596.32,-2692.86
300,2.50399e+06,4.17549e+06,4.92516e+06,45.5069,59.0494,558159,-3832.4,5552.44,-2752.16
310,2.46556e+06,4.23079e+06,4.89734e+06,45.1801,59.7678,558085,-3853.95,5507.94,-2811.14
320,2.42692e+06,4.28565e+06,4.86894e+06,44.8483,60.4776,558010,-3875.12,5462.81,-2869.78
330,2.38806e+06,4.34005e+06,4.83995e+06,44.5116,61.1787,557935,-3895.89,5417.05,-2928.07
340,2.349e+06,4.39399e+06,4.81038e+06,44.1701,61.8713,557858,-3916.26,5370.68,-2986.02
350,2.30974e+06,4.44746e+06,4.78023e+06,43.8239,62.5554,557781,-3936.24,5323.7,-3043.61
360,2.27028e+06,4.50046e+06,4.74951e+06,43.4732,63.2311,557703,-3955.81,5276.11,-3100.83
370,2.23062e+06,4.55298e+06,4.71822e+06,43.118,63.8986,557624,-3974.98,5227.92,-3157.68
380,2.19078e+06,4.60502e+06,4.68636e+06,42.7584,64.5578,557545,-3993.75,5179.13,-3214.16
390,2.15075e+06,4.65656e+06,4.65393e+06,42.3946,65.209,557465,-4012.12,5129.75,-3270.24
400,2.11054e+06,4.70761e+06,4.62095e+06,42.0266,65.8521,557384,-4030.08,5079.79,-3325.94
410,2.07015e+06,4.75815e+06,4.58742e+06,41.6546,66.4874,557303,-4047.64,5029.24,-3381.24
420,2.02959e+06,4.80819e+06,4.55333e+06,41.2785,67.1149,557221,-4064.78,4978.12,-3436.14
430,1.98885e+06,4.85771e+06,4.5187e+06,40.8987,67.7347,557139,-4081.52,4926.43,-3490.62
440,1.94796e+06,4.90672e+06,4.48352e+06,40.515,68.347,557057,-4097.85,4874.17,-3544.68
450,1.9069e+06,4.9552e+06,4.4478e+06,40.1277,68.9519,556974,-4113.76,4821.36,-3598.32
460,1.86568e+06,5.00314e+06,4.41155e+06,39.7368,69.5494,556891,-4129.26,4767.99,-3651.53
470,1.82431e+06,5.05055e+06,4.37477e+06,39.3424,70.1397,556808,-4144.35,4714.07,-3704.3
480,1.7828e+06,5.09742e+06,4.33747e+06,38.9445,70.723,556725,-4159.03,4659.61,-3756.63
490,1.74113e+06,5.14374e+06,4.29964e+06,38.5434,71.2993,556642,-4173.28,4604.62,-3808.5
500,1.69933e+06,5.18951e+06,4.2613e+06,38.139,71.8687,556558,-4187.13,4549.1,-3859.92
510,1.65739e+06,5.23472e+06,4.22245e+06,37.7314,72.4314,556475,-4200.55,4493.05,-3910.88
520,1.61532e+06,5.27937e+06,4.18309e+06,37.3207,72.9875,556392,-4213.56,4436.48,-3961.37
530,1.57312e+06,5.32345e+06,4.14322e+06,36.907,73.5372,556308,-4226.14,4379.41,-4011.38
540,1.5308e+06,5.36696e+06,4.10286e+06,36.4904,74.0804,556226,-4238.31,4321.82,-4060.92
550,1.48836e+06,5.40989e+06,4.062e+06,36.0709,74.6174,556143,-4250.05,4263.74,-4109.96
560,1.4458e+06,5.45223e+06,4.02066e+06,35.6487,75.1483,556060,-4261.38,4205.17,-4158.52
570,1.40313e+06,5.49399e+06,3.97884e+06,35.2237,75.6732,555978,-4272.28,4146.1,-4206.57
580,1.36036e+06,5.53515e+06,3.93653e+06,34.796,76.1922,555897,-4282.76,4086.56,-4254.12
590,1.31748e+06,5.57572e+06,3.89376e+06,34.3658,76.7055,555815,-4292.81,4026.55,-4301.16
600,1.2745e+06,5.61568e+06,3.85051e+06,33.9331,77.2131,555735,-4302.44,3966.07,-4347.68
610,1.23143e+06,5.65504e+06,3.8068e+06,33.4979,77.7151,555655,-4311.65,3905.12,-4393.69
620,1.18827e+06,5.69378e+06,3.76264e+06,33.0603,78.2118,555575,-4320.43,3843.72,-4439.16
630,1.14503e+06,5.73191e+06,3.71802e+06,32.6204,78.7031,555496,-4328.79,3781.88,-4484.1
640,1.1017e+06,5.76942e+06,3.67296e+06,32.1782,79.1893,555418,-4336.72,3719.6,-4528.51
650,1.05829e+06,5.8063e+06,3.62745e+06,31.7338,79.6703,555341,-4344.22,3656.88,-4572.37
660,1.01481e+06,5.84256e+06,3.58151e+06,31.2872,80.1464,555265,-4351.3,3593.73,-4615.68
670,971268,5.87818e+06,3.53514e+06,30.8386,80.6176,555189,-4357.96,3530.17,-4658.44
680,927657,5.91316e+06,3.48835e+06,30.3879,81.0841,555115,-4364.18,3466.19,-4700.64
690,883985,5.9475e+06,3.44113e+06,29.9352,81.5459,555041,-4369.98,3401.81,-4742.28
700,840258,5.98119e+06,3.3935e+06,29.4806,82.0032,554969,-4375.35,3337.02,-4783.34
710,796480,6.01424e+06,3.34547e+06,29.0242,82.4561,554897,-4380.3,3271.85,-4823.83
720,752654,6.04663e+06,3.29703e+06,28.5659,82.9046,554827,-4384.81,3206.29,-4863.75
730,708785,6.07836e+06,3.24819e+06,28.1058,83.3489,554758,-4388.9,3140.35,-4903.08
740,664877,6.10943e+06,3.19897e+06,27.6439,83.7891,554691,-4392.57,3074.05,-4941.82
750,620935,6.13984e+06,3.14936e+06,27.1804,84.2252,554624,-4395.8,3007.38,-4979.96
760,576963,6.16958e+06,3.09937e+06,26.7152,84.6574,554559,-4398.61,2940.35,-5017.51
770,532964,6.19865e+06,3.04901e+06,26.2485,85.0858,554496,-4400.99,2872.98,-5054.46
780,488944,6.22704e+06,2.99829e+06,25.7802,85.5104,554434,-4402.95,2805.27,-5090.8
790,444907,6.25475e+06,2.9472e+06,25.3103,85.9313,554373,-4404.48,2737.22,-5126.52
800,400856,6.28178e+06,2.89576e+06,24.8391,86.3488,554314,-4405.58,2668.85,-5161.64
810,356796,6.30813e+06,2.84397e+06,24.3663,86.7627,554257,-4406.26,2600.16,-5196.13
820,312732,6.33378e+06,2.79184e+06,23.8922,87.1733,554202,-4406.52,2531.16,-5230
830,268668,6.35875e+06,2.73937e+06,23.4168,87.5806,554148,-4406.34,2461.86,-5263.24
840,224607,6.38302e+06,2.68657e+06,22.94,87.9847,554096,-4405.75,2392.27,-5295.84
850,180554,6.40659e+06,2.63346e+06,22.462,88.3857,554045,-4404.73,2322.38,-5327.81
860,136514,6.42947e+06,2.58002e+06,21.9828,88.7836,553997,-4403.28,2252.22,-5359.14
870,92489.9,6.45164e+06,2.52628e+06,21.5023,89.1787,553950,-4401.41,2181.78,-5389.83
880,48486.8,6.4731e+06,2.47223e+06,21.0207,89.5708,553906,-4399.12,2111.08,-5419.87
890,4508.8,6.49386e+06,2.41788e+06,20.538,89.9602,553863,-4396.41,2040.13,-5449.26
900,-39440,6.5139e+06,2.36324e+06,20.0542,90.3469,553823,-4393.28,1968.92,-5477.99
910,-83355.4,6.53324e+06,2.30832e+06,19.5693,90.731,553784,-4389.73,1897.48,-5506.07
920,-127233,6.55185e+06,2.25312e+06,19.0834,91.1125,553748,-4385.76,1825.8,-5533.48
930,-171069,6.56975e+06,2.19766e+06,18.5966,91.4916,553714,-4381.37,1753.91,-5560.23
940,-214859,6.58693e+06,2.14192e+06,18.1087,91.8683,553682,-4376.56,1681.79,-5586.31
950,-258599,6.60339e+06,2.08593e+06,17.62,92.2426,553652,-4371.33,1609.46,-5611.72
960,-302284,6.61912e+06,2.02969e+06,17.1303,92.6148,553625,-4365.69,1536.94,-5636.45
970,-345911,6.63413e+06,1.9732e+06,16.6398,92.9848,553600,-4359.64,1464.22,-5660.51
980,-389476,6.6484e+06,1.91648e+06,16.1485,93.3527,553577,-4353.17,1391.32,-5683.88
990,-432973,6.66195e+06,1.85953e+06,15.6564,93.7185,553556,-4346.28,1318.25,-5706.58
