0,-3.95058e+06,-1.56606e+06,-5.48204e+06,-52.3882,-158.376,571551,3659.64,-6223.35,-859.833
5960,-3.97975e+06,-1.37662e+06,-5.51171e+06,-52.7893,-160.919,571705,1624.17,-7062,591.35
5970,-3.96332e+06,-1.44716e+06,-5.50547e+06,-52.7046,-159.941,571672,1660.97,-7047.66,657.131
5980,-3.94653e+06,-1.51757e+06,-5.49857e+06,-52.6112,-158.967,571636,1697.59,-7032.53,722.835
5990,-3.92937e+06,-1.58781e+06,-5.49102e+06,-52.5091,-157.997,571596,1734.03,-7016.63,788.453
10,-3.91379e+06,-1.62822e+06,-5.49031e+06,-52.4996,-157.412,571594,3697.2,-6209.78,-794.317
20,-3.87663e+06,-1.69025e+06,-5.49793e+06,-52.6025,-156.442,571634,3734.33,-6195.53,-728.707
30,-3.83911e+06,-1.75213e+06,-5.50488e+06,-52.6967,-155.469,571671,3771.04,-6180.6,-663.01
40,-3.80121e+06,-1.81386e+06,-5.51119e+06,-52.7821,-154.491,571703,3807.33,-6164.99,-597.235
50,-3.76296e+06,-1.87543e+06,-5.51683e+06,-52.8588,-153.509,571733,3843.19,-6148.7,-531.39
60,-3.72435e+06,-1.93683e+06,-5.52181e+06,-52.9267,-152.524,571759,3878.62,-6131.73,-465.482
70,-3.68539e+06,-1.99806e+06,-5.52614e+06,-52.9856,-151.535,571782,3913.61,-6114.09,-399.518
80,-3.64608e+06,-2.05911e+06,-5.5298e+06,-53.0357,-150.545,571801,3948.17,-6095.77,-333.508
90,-3.60643e+06,-2.11997e+06,-5.53281e+06,-53.0767,-149.552,571817,3982.28,-6076.78,-267.457
100,-3.56644e+06,-2.18064e+06,-5.53515e+06,-53.1088,-148.557,571829,4015.95,-6057.12,-201.376
110,-3.52611e+06,-2.24111e+06,-5.53684e+06,-53.1318,-147.561,571838,4049.17,-6036.79,-135.27
120,-3.48546e+06,-2.30138e+06,-5.53786e+06,-53.1458,-146.564,571843,4081.94,-6015.8,-69.1487
130,-3.44447e+06,-2.36143e+06,-5.53822e+06,-53.1507,-145.567,571845,4114.26,-5994.14,-3.01905
140,-3.40317e+06,-2.42126e+06,-5.53792e+06,-53.1466,-144.569,571843,4146.12,-5971.81,63.111
150,-3.36155e+06,-2.48086e+06,-5.53696e+06,-53.1335,-143.572,571838,4177.53,-5948.82,129.234
160,-3.31962e+06,-2.54023e+06,-5.53533e+06,-53.1112,-142.576,571829,4208.47,-5925.17,195.341
170,-3.27739e+06,-2.59936e+06,-5.53305e+06,-53.08,-141.581,571817,4238.95,-5900.87,261.425
180,-3.23485e+06,-2.65824e+06,-5.53011e+06,-53.0398,-140.588,571802,4268.97,-5875.91,327.478
190,-3.19201e+06,-2.71688e+06,-5.5265e+06,-52.9906,-139.597,571783,4298.51,-5850.29,393.493
200,-3.14888e+06,-2.77525e+06,-5.52224e+06,-52.9324,-138.609,571760,4327.59,-5824.03,459.461
210,-3.10546e+06,-2.83335e+06,-5.51731e+06,-52.8654,-137.623,571734,4356.18,-5797.12,525.375
220,-3.06176e+06,-2.89119e+06,-5.51173e+06,-52.7895,-136.641,571705,4384.31,-5769.56,591.226
230,-3.01777e+06,-2.94874e+06,-5.50549e+06,-52.7048,-135.663,571672,4411.95,-5741.35,657.008
240,-2.97352e+06,-3.00601e+06,-5.49859e+06,-52.6114,-134.689,571636,4439.12,-5712.51,722.712
250,-2.92899e+06,-3.06299e+06,-5.49103e+06,-52.5094,-133.719,571596,4465.8,-5683.03,788.33
260,-2.8842e+06,-3.11967e+06,-5.48282e+06,-52.3987,-132.754,571553,4491.99,-5652.91,853.856
270,-2.83916e+06,-3.17605e+06,-5.47396e+06,-52.2795,-131.794,571507,4517.7,-5622.15,919.28
280,-2.79385e+06,-3.23211e+06,-5.46444e+06,-52.1519,-130.84,571457,4542.91,-5590.77,984.595
290,-2.7483e+06,-3.28786e+06,-5.45426e+06,-52.0159,-129.892,571404,4567.64,-5558.76,1049.79
300,-2.7025e+06,-3.34328e+06,-5.44344e+06,-51.8717,-128.95,571348,4591.87,-5526.13,1114.87
310,-2.65646e+06,-3.39838e+06,-5.43197e+06,-51.7193,-128.014,571288,4615.61,-5492.88,1179.81
320,-2.61019e+06,-3.45314e+06,-5.41985e+06,-51.5589,-127.085,571226,4638.84,-5459.01,1244.62
330,-2.56369e+06,-3.50756e+06,-5.40708e+06,-51.3904,-126.163,571159,4661.58,-5424.52,1309.27
340,-2.51696e+06,-3.56163e+06,-5.39366e+06,-51.2141,-125.248,571090,4683.82,-5389.42,1373.77
350,-2.47001e+06,-3.61534e+06,-5.3796e+06,-51.0301,-124.341,571018,4705.55,-5353.72,1438.11
360,-2.42285e+06,-3.6687e+06,-5.3649e+06,-50.8384,-123.441,570942,4726.78,-5317.41,1502.28
370,-2.37548e+06,-3.72169e+06,-5.34956e+06,-50.6392,-122.549,570863,4747.5,-5280.49,1566.27
380,-2.3279e+06,-3.77431e+06,-5.33357e+06,-50.4325,-121.665,570781,4767.72,-5242.99,1630.07
390,-2.28013e+06,-3.82655e+06,-5.31696e+06,-50.2186,-120.789,570696,4787.42,-5204.88,1693.69
400,-2.23216e+06,-3.8784e+06,-5.2997e+06,-49.9975,-119.922,570608,4806.62,-5166.19,1757.1
410,-2.184e+06,-3.92987e+06,-5.28181e+06,-49.7693,-119.063,570518,4825.3,-5126.91,1820.3
420,-2.13565e+06,-3.98094e+06,-5.2633e+06,-49.5342,-118.212,570424,4843.47,-5087.05,1883.29
430,-2.08713e+06,-4.03161e+06,-5.24415e+06,-49.2922,-117.37,570327,4861.12,-5046.61,1946.06
440,-2.03843e+06,-4.08187e+06,-5.22438e+06,-49.0436,-116.537,570227,4878.26,-5005.59,2008.59
450,-1.98957e+06,-4.13172e+06,-5.20398e+06,-48.7884,-115.712,570125,4894.88,-4964.01,2070.89
460,-1.94054e+06,-4.18115e+06,-5.18296e+06,-48.5267,-114.897,570019,4910.98,-4921.85,2132.94
470,-1.89135e+06,-4.23015e+06,-5.16132e+06,-48.2587,-114.09,569911,4926.56,-4879.14,2194.74
480,-1.84201e+06,-4.27873e+06,-5.13907e+06,-47.9845,-113.292,569800,4941.62,-4835.87,2256.28
490,-1.79252e+06,-4.32687e+06,-5.1162e+06,-47.7043,-112.503,569687,4956.16,-4792.04,2317.55
500,-1.74289e+06,-4.37457e+06,-5.09272e+06,-47.418,-111.723,569571,4970.17,-4747.66,2378.54
510,-1.69312e+06,-4.42182e+06,-5.06863e+06,-47.126,-110.952,569452,4983.66,-4702.74,2439.26
520,-1.64322e+06,-4.46862e+06,-5.04393e+06,-46.8282,-110.19,569331,4996.63,-4657.28,2499.69
530,-1.59319e+06,-4.51496e+06,-5.01863e+06,-46.5248,-109.436,569207,5009.07,-4611.28,2559.82
540,-1.54304e+06,-4.56084e+06,-4.99274e+06,-46.2159,-108.692,569081,5020.99,-4564.74,2619.64
550,-1.49277e+06,-4.60625e+06,-4.96624e+06,-45.9017,-107.956,568953,5032.37,-4517.69,2679.16
560,-1.44239e+06,-4.65119e+06,-4.93915e+06,-45.5822,-107.229,568822,5043.24,-4470.11,2738.35
570,-1.39191e+06,-4.69565e+06,-4.91148e+06,-45.2576,-106.511,568689,5053.57,-4422.01,2797.23
580,-1.34132e+06,-4.73963e+06,-4.88321e+06,-44.928,-105.802,568554,5063.37,-4373.4,2855.77
590,-1.29064e+06,-4.78312e+06,-4.85436e+06,-44.5935,-105.101,568416,5072.65,-4324.28,2913.97
600,-1.23987e+06,-4.82612e+06,-4.82493e+06,-44.2542,-104.408,568277,5081.4,-4274.66,2971.83
610,-1.18902e+06,-4.86861e+06,-4.79493e+06,-43.9102,-103.724,568135,5089.61,-4224.54,3029.33
620,-1.13808e+06,-4.9106e+06,-4.76435e+06,-43.5616,-103.048,567991,5097.3,-4173.93,3086.48
630,-1.08707e+06,-4.95209e+06,-4.7332e+06,-43.2086,-102.381,567845,5104.46,-4122.83,3143.26
640,-1.03599e+06,-4.99306e+06,-4.70148e+06,-42.8512,-101.722,567698,5111.08,-4071.25,3199.66
650,-984853,-5.03351e+06,-4.66921e+06,-42.4895,-101.071,567549,5117.18,-4019.2,3255.69
660,-933653,-5.07344e+06,-4.63637e+06,-42.1236,-100.427,567397,5122.74,-3966.67,3311.33
670,-882400,-5.11284e+06,-4.60298e+06,-41.7537,-99.7919,567244,5127.78,-3913.67,3366.58
680,-831099,-5.15171e+06,-4.56904e+06,-41.3798,-99.1643,567090,5132.28,-3860.22,3421.42
690,-779756,-5.19005e+06,-4.53455e+06,-41.0021,-98.5443,566934,5136.25,-3806.3,3475.86
700,-728376,-5.22784e+06,-4.49952e+06,-40.6205,-97.9318,566776,5139.7,-3751.94,3529.89
710,-676964,-5.26508e+06,-4.46396e+06,-40.2353,-97.3267,566617,5142.61,-3697.14,3583.5
720,-625526,-5.30178e+06,-4.42786e+06,-39.8464,-96.7289,566456,5144.99,-3641.89,3636.68
730,-574067,-5.33792e+06,-4.39122e+06,-39.4541,-96.1383,566294,5146.84,-3586.22,3689.43
740,-522591,-5.3735e+06,-4.35407e+06,-39.0583,-95.5547,566131,5148.17,-3530.11,3741.74
750,-471105,-5.40852e+06,-4.31639e+06,-38.6592,-94.9781,565967,5148.96,-3473.59,3793.61
760,-419614,-5.44297e+06,-4.2782e+06,-38.2568,-94.4084,565801,5149.23,-3416.65,3845.02
770,-368123,-5.47685e+06,-4.23949e+06,-37.8512,-93.8453,565634,5148.97,-3359.3,3895.98
780,-316637,-5.51016e+06,-4.20028e+06,-37.4425,-93.2888,565466,5148.18,-3301.54,3946.48
790,-265161,-5.54288e+06,-4.16056e+06,-37.0308,-92.7388,565298,5146.86,-3243.39,3996.5
800,-213702,-5.57502e+06,-4.12035e+06,-36.6161,-92.1952,565128,5145.02,-3184.85,4046.05
810,-162263,-5.60658e+06,-4.07965e+06,-36.1985,-91.6578,564958,5142.65,-3125.92,4095.12
820,-110851,-5.63754e+06,-4.03845e+06,-35.7782,-91.1265,564786,5139.76,-3066.62,4143.7
830,-59469.9,-5.66791e+06,-3.99677e+06,-35.3551,-90.6011,564614,5136.34,-3006.94,4191.79
840,-8125.91,-5.69768e+06,-3.95462e+06,-34.9293,-90.0817,564442,5132.4,-2946.89,4239.38
850,43176.1,-5.72684e+06,-3.91199e+06,-34.5009,-89.568,564268,5127.94,-2886.48,4286.46
860,94430.8,-5.75541e+06,-3.86889e+06,-34.07,-89.06,564095,5122.95,-2825.72,4333.04
870,145633,-5.78336e+06,-3.82533e+06,-33.6366,-88.5575,563921,5117.45,-2764.62,4379.1
880,196778,-5.8107e+06,-3.78131e+06,-33.2008,-88.0604,563746,5111.43,-2703.17,4424.63
890,247860,-5.83742e+06,-3.73684e+06,-32.7627,-87.5687,563571,5104.89,-2641.38,4469.64
900,298873,-5.86352e+06,-3.69192e+06,-32.3223,-87.0821,563396,5097.83,-2579.27,4514.12
910,349814,-5.889e+06,-3.64656e+06,-31.8796,-86.6006,563221,5090.26,-2516.84,4558.06
920,400677,-5.91386e+06,-3.60076e+06,-31.4348,-86.124,563045,5082.17,-2454.09,4601.45
930,451456,-5.93808e+06,-3.55453e+06,-30.9878,-85.6523,562870,5073.57,-2391.03,4644.3
940,502146,-5.96168e+06,-3.50788e+06,-30.5388,-85.1854,562695,5064.46,-2327.68,4686.59
950,552743,-5.98464e+06,-3.4608e+06,-30.0878,-84.7231,562519,5054.84,-2264.02,4728.33
960,603241,-6.00696e+06,-3.41331e+06,-29.6348,-84.2654,562344,5044.71,-2200.08,4769.5
970,653635,-6.02864e+06,-3.36541e+06,-29.1799,-83.8121,562169,5034.08,-2135.86,4810.1
980,703921,-6.04967e+06,-3.31711e+06,-28.7232,-83.3631,561995,5022.93,-2071.37,4850.13
990,754092,-6.07006e+06,-3.26841e+06,-28.2646,-82.9184,561820,5011.29,-2006.61,4889.58
