5960,3.16583e+06,-1.01681e+06,6.08653e+06,61.5002,-17.8061,573925,-6791.56,-97.826,3508.68
0,4.44627e+06,935443,5.24206e+06,49.2573,11.8811,571215,-5154.22,-2864.44,4871.51
5970,3.09773e+06,-1.01768e+06,6.12125e+06,62.1033,-18.1866,574048,-6828.8,-75.8414,3435.84
5980,3.02926e+06,-1.01832e+06,6.15524e+06,62.7055,-18.5807,574169,-6865.18,-53.7946,3362.58
5990,2.96043e+06,-1.01875e+06,6.1885e+06,63.3067,-18.9895,574288,-6900.73,-31.6893,3288.93
10,4.39444e+06,906782,5.29046e+06,49.8717,11.6592,571356,-5210.81,-2867.8,4808.62
20,4.34205e+06,878089,5.33823e+06,50.4858,11.4327,571497,-5266.79,-2870.74,4745.15
30,4.28911e+06,849368,5.38537e+06,51.0994,11.2013,571637,-5322.14,-2873.26,4681.13
40,4.23561e+06,820625,5.43185e+06,51.7127,10.9649,571777,-5376.86,-2875.36,4616.54
50,4.18157e+06,791863,5.47769e+06,52.3256,10.7231,571917,-5430.95,-2877.03,4551.41
60,4.127e+06,763086,5.52288e+06,52.938,10.4757,572057,-5484.39,-2878.29,4485.73
70,4.07189e+06,734298,5.56741e+06,53.55,10.2225,572196,-5537.18,-2879.13,4419.53
80,4.01625e+06,705504,5.61127e+06,54.1616,9.96306,572334,-5589.31,-2879.55,4352.8
90,3.9601e+06,676708,5.65446e+06,54.7727,9.69713,572472,-5640.79,-2879.55,4285.55
100,3.90344e+06,647915,5.69698e+06,55.3833,9.42435,572608,-5691.59,-2879.14,4217.79
110,3.84627e+06,619127,5.73882e+06,55.9934,9.14435,572744,-5741.71,-2878.31,4149.53
120,3.78861e+06,590350,5.77997e+06,56.6029,8.85674,572879,-5791.15,-2877.06,4080.77
130,3.73045e+06,561587,5.82043e+06,57.2118,8.56109,573013,-5839.9,-2875.41,4011.54
140,3.67181e+06,532843,5.8602e+06,57.8202,8.25696,573146,-5887.95,-2873.34,3941.82
150,3.6127e+06,504122,5.89927e+06,58.4279,7.94385,573278,-5935.3,-2870.86,3871.64
160,3.55311e+06,475427,5.93763e+06,59.035,7.62125,573408,-5981.94,-2867.98,3801
170,3.49306e+06,446763,5.97528e+06,59.6414,7.28858,573537,-6027.87,-2864.68,3729.9
180,3.43255e+06,418135,6.01223e+06,60.247,6.94523,573665,-6073.08,-2860.98,3658.37
190,3.3716e+06,389545,6.04845e+06,60.8519,6.59057,573791,-6117.56,-2856.88,3586.4
200,3.31021e+06,360998,6.08395e+06,61.4559,6.22386,573916,-6161.31,-2852.37,3514
210,3.24838e+06,332499,6.11873e+06,62.0591,5.84435,574039,-6204.32,-2847.46,3441.19
220,3.18612e+06,304050,6.15277e+06,62.6614,5.45121,574160,-6246.58,-2842.15,3367.97
230,3.12345e+06,275657,6.18609e+06,63.2627,5.04352,574280,-6288.1,-2836.44,3294.35
240,3.06036e+06,247323,6.21866e+06,63.8629,4.62031,574397,-6328.86,-2830.34,3220.34
250,2.99687e+06,219051,6.25049e+06,64.4621,4.18051,574513,-6368.86,-2823.84,3145.94
260,2.93299e+06,190847,6.28158e+06,65.0601,3.72294,574627,-6408.1,-2816.95,3071.18
270,2.86871e+06,162714,6.31191e+06,65.6568,3.24634,574739,-6446.56,-2809.67,2996.05
280,2.80406e+06,134655,6.3415e+06,66.2521,2.74931,574848,-6484.25,-2802.01,2920.56
290,2.73903e+06,106675,6.37032e+06,66.846,2.23032,574956,-6521.16,-2793.95,2844.73
300,2.67364e+06,78777,6.39839e+06,67.4384,1.6877,575061,-6557.29,-2785.51,2768.56
310,2.60789e+06,50965.7,6.42569e+06,68.029,1.11958,575164,-6592.62,-2776.69,2692.06
320,2.54179e+06,23244.4,6.45223e+06,68.6179,0.52395,575264,-6627.16,-2767.49,2615.24
330,2.47535e+06,-4382.94,6.478e+06,69.2047,-0.10145,575363,-6660.9,-2757.91,2538.12
340,2.40857e+06,-31912.6,6.50299e+06,69.7895,-0.759102,575458,-6693.84,-2747.96,2460.69
350,2.34147e+06,-59340.9,6.52721e+06,70.3719,-1.45176,575551,-6725.96,-2737.63,2382.97
360,2.27406e+06,-86664.1,6.55065e+06,70.9518,-2.18248,575642,-6757.28,-2726.94,2304.97
370,2.20633e+06,-113878,6.57331e+06,71.529,-2.95467,575730,-6787.78,-2715.87,2226.69
380,2.1383e+06,-140980,6.59518e+06,72.1032,-3.77211,575815,-6817.46,-2704.44,2148.16
390,2.06998e+06,-167966,6.61627e+06,72.674,-4.63903,575898,-6846.31,-2692.65,2069.36
400,2.00138e+06,-194832,6.63657e+06,73.2412,-5.56016,575978,-6874.33,-2680.49,1990.33
410,1.9325e+06,-221575,6.65608e+06,73.8044,-6.54081,576054,-6901.53,-2667.98,1911.05
420,1.86335e+06,-248191,6.67479e+06,74.3632,-7.5869,576129,-6927.88,-2655.12,1831.55
430,1.79394e+06,-274676,6.69271e+06,74.917,-8.70512,576200,-6953.4,-2641.9,1751.84
440,1.72429e+06,-301027,6.70983e+06,75.4653,-9.90294,576268,-6978.07,-2628.33,1671.91
450,1.65439e+06,-327242,6.72615e+06,76.0075,-11.1888,576333,-7001.89,-2614.42,1591.79
460,1.58425e+06,-353315,6.74166e+06,76.5428,-12.5722,576396,-7024.87,-2600.16,1511.48
470,1.51389e+06,-379244,6.75637e+06,77.0704,-14.0637,576455,-7046.99,-2585.56,1430.99
480,1.44331e+06,-405025,6.77028e+06,77.5894,-15.6753,576511,-7068.26,-2570.62,1350.33
490,1.37253e+06,-430655,6.78338e+06,78.0985,-17.4202,576564,-7088.67,-2555.35,1269.51
500,1.30154e+06,-456131,6.79567e+06,78.5964,-19.3132,576614,-7108.21,-2539.75,1188.54
510,1.23037e+06,-481449,6.80715e+06,79.0818,-21.3707,576660,-7126.89,-2523.82,1107.43
520,1.15901e+06,-506606,6.81782e+06,79.5527,-23.6103,576704,-7144.71,-2507.56,1026.19
530,1.08748e+06,-531599,6.82767e+06,80.0072,-26.0511,576744,-7161.65,-2490.98,944.828
540,1.01578e+06,-556425,6.83672e+06,80.4429,-28.7131,576781,-7177.72,-2474.09,863.354
550,943925,-581080,6.84494e+06,80.8571,-31.6164,576815,-7192.92,-2456.87,781.778
560,871923,-605561,6.85235e+06,81.2469,-34.7805,576845,-7207.24,-2439.35,700.109
570,799783,-629866,6.85894e+06,81.6087,-38.2221,576872,-7220.68,-2421.51,618.357
580,727512,-653991,6.86472e+06,81.9389,-41.9537,576896,-7233.24,-2403.38,536.532
590,655121,-677932,6.86967e+06,82.2333,-45.9804,576916,-7244.91,-2384.93,454.644
600,582617,-701688,6.87381e+06,82.4879,-50.2969,576933,-7255.7,-2366.19,372.702
610,510010,-725255,6.87713e+06,82.6984,-54.8846,576947,-7265.61,-2347.16,290.715
620,437308,-748630,6.87962e+06,82.8609,-59.7089,576957,-7274.62,-2327.83,208.695
630,364520,-771811,6.8813e+06,82.9721,-64.719,576964,-7282.75,-2308.21,126.649
640,291656,-794794,6.88216e+06,83.0296,-69.849,576968,-7289.99,-2288.31,44.5888
650,218723,-817576,6.88219e+06,83.032,-75.0226,576968,-7296.33,-2268.13,-37.4769
660,145732,-840156,6.88141e+06,82.9792,-80.1595,576965,-7301.78,-2247.68,-119.538
670,72690.7,-862529,6.8798e+06,82.8726,-85.1827,576958,-7306.34,-2226.94,-201.585
680,-391.751,-884694,6.87738e+06,82.7144,-90.0254,576949,-7310,-2205.94,-283.608
690,-73506.3,-906647,6.87413e+06,82.5079,-94.6351,576935,-7312.76,-2184.68,-365.598
700,-146644,-928386,6.87006e+06,82.257,-98.976,576919,-7314.63,-2163.15,-447.544
710,-219796,-949909,6.86518e+06,81.9658,-103.028,576899,-7315.6,-2141.36,-529.438
720,-292953,-971213,6.85948e+06,81.6385,-106.785,576875,-7315.67,-2119.32,-611.269
730,-366106,-992294,6.85295e+06,81.2793,-110.252,576849,-7314.85,-2097.03,-693.027
740,-439247,-1.01315e+06,6.84562e+06,80.8918,-113.439,576819,-7313.12,-2074.49,-774.704
750,-512366,-1.03378e+06,6.83746e+06,80.4796,-116.364,576785,-7310.5,-2051.71,-856.288
760,-585454,-1.05419e+06,6.82849e+06,80.0456,-119.046,576749,-7306.97,-2028.69,-937.772
770,-658502,-1.07436e+06,6.81871e+06,79.5927,-121.505,576709,-7302.55,-2005.44,-1019.14
780,-731502,-1.09429e+06,6.80811e+06,79.1231,-123.762,576666,-7297.23,-1981.95,-1100.4
790,-804444,-1.11399e+06,6.7967e+06,78.6389,-125.834,576620,-7291.01,-1958.24,-1181.52
800,-877319,-1.13346e+06,6.78448e+06,78.142,-127.741,576571,-7283.89,-1934.31,-1262.5
810,-950119,-1.15268e+06,6.77145e+06,77.6338,-129.498,576518,-7275.88,-1910.16,-1343.33
820,-1.02283e+06,-1.17166e+06,6.75761e+06,77.1157,-131.12,576462,-7266.97,-1885.79,-1424
830,-1.09546e+06,-1.1904e+06,6.74297e+06,76.5888,-132.622,576404,-7257.16,-1861.22,-1504.51
840,-1.16797e+06,-1.20888e+06,6.72752e+06,76.0541,-134.014,576342,-7246.46,-1836.44,-1584.84
850,-1.24038e+06,-1.22712e+06,6.71127e+06,75.5124,-135.308,576277,-7234.86,-1811.45,-1664.97
860,-1.31267e+06,-1.24511e+06,6.69422e+06,74.9646,-136.513,576209,-7222.37,-1786.27,-1744.92
870,-1.38483e+06,-1.26285e+06,6.67638e+06,74.4113,-137.638,576138,-7208.98,-1760.9,-1824.65
880,-1.45685e+06,-1.28033e+06,6.65773e+06,73.8529,-138.69,576065,-7194.71,-1735.34,-1904.17
890,-1.52872e+06,-1.29755e+06,6.63829e+06,73.2901,-139.676,575988,-7179.54,-1709.6,-1983.46
900,-1.60043e+06,-1.31452e+06,6.61806e+06,72.7232,-140.602,575909,-7163.49,-1683.67,-2062.52
910,-1.67198e+06,-1.33123e+06,6.59704e+06,72.1527,-141.473,575826,-7146.55,-1657.57,-2141.34
920,-1.74336e+06,-1.34767e+06,6.57524e+06,71.5788,-142.295,575741,-7128.73,-1631.3,-2219.9
930,-1.81456e+06,-1.36385e+06,6.55265e+06,71.0019,-143.071,575654,-7110.02,-1604.86,-2298.19
940,-1.88556e+06,-1.37977e+06,6.52927e+06,70.4222,-143.805,575564,-7090.43,-1578.26,-2376.22
950,-1.95636e+06,-1.39542e+06,6.50512e+06,69.84,-144.501,575471,-7069.96,-1551.5,-2453.96
960,-2.02696e+06,-1.4108e+06,6.4802e+06,69.2554,-145.161,575376,-7048.62,-1524.59,-2531.42
970,-2.09733e+06,-1.42591e+06,6.4545e+06,68.6687,-145.789,575278,-7026.4,-1497.52,-2608.57
980,-2.16748e+06,-1.44075e+06,6.42803e+06,68.08,-146.388,575178,-7003.31,-1470.32,-2685.41
990,-2.23739e+06,-1.45531e+06,6.40079e+06,67.4895,-146.958,575075,-6979.35,-1442.97,-2761.94
