0,3.20243e+06,-3.52438e+06,5.02818e+06,46.7339,-47.7401,558437,6452.17,2260.96,-2518.54
5960,2.91103e+06,-4.55175e+06,4.33396e+06,38.9073,-57.3994,556717,6230.43,393.651,-3761.47
5970,2.97316e+06,-4.54759e+06,4.29609e+06,38.5058,-56.8238,556634,6195.95,438.85,-3813.31
5980,3.03495e+06,-4.54298e+06,4.2577e+06,38.1011,-56.255,556550,6160.79,484.049,-3864.68
5990,3.09638e+06,-4.53791e+06,4.2188e+06,37.6932,-55.6929,556467,6124.97,529.243,-3915.6
10,3.26678e+06,-3.50161e+06,5.00269e+06,46.4278,-46.9871,558367,6416.93,2293.46,-2578.76
20,3.33077e+06,-3.47851e+06,4.97661e+06,46.1163,-46.243,558297,6380.97,2325.73,-2638.67
30,3.3944e+06,-3.45509e+06,4.94992e+06,45.7994,-45.5077,558225,6344.3,2357.78,-2698.27
40,3.45765e+06,-3.43136e+06,4.92264e+06,45.4772,-44.7813,558152,6306.91,2389.61,-2757.55
50,3.52053e+06,-3.4073e+06,4.89477e+06,45.15,-44.0636,558078,6268.82,2421.2,-2816.49
60,3.58303e+06,-3.38293e+06,4.86631e+06,44.8177,-43.3547,558003,6230.03,2452.57,-2875.1
70,3.64513e+06,-3.35825e+06,4.83727e+06,44.4806,-42.6543,557928,6190.54,2483.69,-2933.36
80,3.70684e+06,-3.33326e+06,4.80765e+06,44.1387,-41.9625,557851,6150.36,2514.59,-2991.28
90,3.76814e+06,-3.30796e+06,4.77745e+06,43.7921,-41.2792,557774,6109.49,2545.24,-3048.83
100,3.82902e+06,-3.28236e+06,4.74667e+06,43.4409,-40.6042,557696,6067.93,2575.65,-3106.02
110,3.88949e+06,-3.25645e+06,4.71533e+06,43.0853,-39.9375,557617,6025.69,2605.81,-3162.84
120,3.94953e+06,-3.23024e+06,4.68342e+06,42.7253,-39.279,557537,5982.78,2635.73,-3219.28
130,4.00914e+06,-3.20374e+06,4.65094e+06,42.3611,-38.6286,557457,5939.19,2665.39,-3275.33
140,4.06832e+06,-3.17694e+06,4.61791e+06,41.9928,-37.9862,557377,5894.94,2694.8,-3330.99
150,4.12704e+06,-3.14984e+06,4.58432e+06,41.6204,-37.3516,557295,5850.03,2723.96,-3386.26
160,4.18531e+06,-3.12246e+06,4.55019e+06,41.244,-36.7248,557214,5804.47,2752.86,-3441.11
170,4.24313e+06,-3.09478e+06,4.5155e+06,40.8638,-36.1057,557132,5758.25,2781.5,-3495.56
180,4.30048e+06,-3.06683e+06,4.48028e+06,40.4798,-35.4941,557049,5711.38,2809.87,-3549.58
190,4.35735e+06,-3.03859e+06,4.44451e+06,40.0921,-34.8899,556967,5663.88,2837.98,-3603.18
200,4.41375e+06,-3.01007e+06,4.40822e+06,39.7009,-34.293,556884,5615.74,2865.82,-3656.35
210,4.46967e+06,-2.98127e+06,4.37139e+06,39.3062,-33.7033,556801,5566.96,2893.4,-3709.08
220,4.52509e+06,-2.9522e+06,4.33404e+06,38.908,-33.1207,556717,5517.57,2920.69,-3761.37
230,4.58002e+06,-2.92286e+06,4.29616e+06,38.5066,-32.5451,556634,5467.55,2947.72,-3813.2
240,4.63444e+06,-2.89325e+06,4.25777e+06,38.1019,-31.9763,556551,5416.92,2974.46,-3864.58
250,4.68835e+06,-2.86337e+06,4.21887e+06,37.694,-31.4141,556467,5365.68,3000.93,-3915.5
260,4.74175e+06,-2.83323e+06,4.17947e+06,37.2831,-30.8586,556384,5313.84,3027.11,-3965.94
270,4.79463e+06,-2.80283e+06,4.13956e+06,36.8691,-30.3096,556301,5261.4,3053.01,-4015.91
280,4.84698e+06,-2.77217e+06,4.09915e+06,36.4522,-29.7669,556218,5208.38,3078.63,-4065.4
290,4.89879e+06,-2.74126e+06,4.05825e+06,36.0325,-29.2304,556135,5154.76,3103.95,-4114.4
300,4.95007e+06,-2.71009e+06,4.01686e+06,35.61,-28.7001,556053,5100.57,3128.99,-4162.91
310,5.0008e+06,-2.67868e+06,3.97499e+06,35.1847,-28.1757,555971,5045.8,3153.73,-4210.92
320,5.05098e+06,-2.64702e+06,3.93265e+06,34.7569,-27.6572,555889,4990.47,3178.17,-4258.42
330,5.10061e+06,-2.61512e+06,3.88983e+06,34.3264,-27.1445,555808,4934.57,3202.32,-4305.42
340,5.14967e+06,-2.58297e+06,3.84654e+06,33.8934,-26.6374,555727,4878.12,3226.17,-4351.89
350,5.19817e+06,-2.5506e+06,3.80279e+06,33.458,-26.1359,555647,4821.13,3249.71,-4397.85
360,5.24609e+06,-2.51798e+06,3.75859e+06,33.0202,-25.6397,555568,4763.59,3272.96,-4443.27
370,5.29344e+06,-2.48514e+06,3.71393e+06,32.5801,-25.1489,555489,4705.51,3295.89,-4488.17
380,5.3402e+06,-2.45206e+06,3.66882e+06,32.1377,-24.6632,555411,4646.9,3318.52,-4532.52
390,5.38638e+06,-2.41877e+06,3.62328e+06,31.6931,-24.1826,555334,4587.78,3340.84,-4576.33
400,5.43196e+06,-2.38525e+06,3.5773e+06,31.2464,-23.707,555258,4528.13,3362.85,-4619.6
410,5.47694e+06,-2.35151e+06,3.53089e+06,30.7975,-23.2362,555182,4467.98,3384.55,-4662.3
420,5.52131e+06,-2.31756e+06,3.48406e+06,30.3467,-22.7701,555108,4407.32,3405.93,-4704.45
430,5.56508e+06,-2.28339e+06,3.4368e+06,29.8938,-22.3087,555034,4346.17,3426.99,-4746.04
440,5.60824e+06,-2.24902e+06,3.38914e+06,29.4391,-21.8518,554962,4284.53,3447.73,-4787.05
450,5.65077e+06,-2.21444e+06,3.34106e+06,28.9824,-21.3994,554891,4222.41,3468.16,-4827.49
460,5.69268e+06,-2.17966e+06,3.29259e+06,28.5239,-20.9512,554821,4159.81,3488.26,-4867.35
470,5.73397e+06,-2.14468e+06,3.24372e+06,28.0637,-20.5073,554752,4096.74,3508.04,-4906.62
480,5.77462e+06,-2.1095e+06,3.19446e+06,27.6017,-20.0675,554684,4033.22,3527.49,-4945.31
490,5.81463e+06,-2.07413e+06,3.14481e+06,27.138,-19.6318,554618,3969.24,3546.61,-4983.4
500,5.854e+06,-2.03857e+06,3.09479e+06,26.6727,-19.1999,554553,3904.81,3565.4,-5020.9
510,5.89272e+06,-2.00282e+06,3.0444e+06,26.2058,-18.7719,554490,3839.94,3583.87,-5057.79
520,5.9308e+06,-1.96689e+06,2.99364e+06,25.7374,-18.3476,554428,3774.64,3602,-5094.07
530,5.96822e+06,-1.93078e+06,2.94252e+06,25.2674,-17.927,554368,3708.91,3619.79,-5129.74
540,6.00497e+06,-1.8945e+06,2.89105e+06,24.796,-17.5099,554309,3642.77,3637.26,-5164.8
550,6.04107e+06,-1.85804e+06,2.83923e+06,24.3231,-17.0962,554252,3576.22,3654.38,-5199.23
560,6.0765e+06,-1.82141e+06,2.78706e+06,23.8489,-16.6859,554197,3509.26,3671.17,-5233.04
570,6.11125e+06,-1.78462e+06,2.73457e+06,23.3734,-16.2789,554143,3441.91,3687.61,-5266.23
580,6.14533e+06,-1.74766e+06,2.68174e+06,22.8965,-15.8751,554091,3374.17,3703.72,-5298.78
590,6.17874e+06,-1.71054e+06,2.62859e+06,22.4184,-15.4744,554041,3306.06,3719.48,-5330.69
600,6.21145e+06,-1.67327e+06,2.57513e+06,21.939,-15.0767,553993,3237.57,3734.9,-5361.96
610,6.24349e+06,-1.63585e+06,2.52136e+06,21.4584,-14.682,553946,3168.71,3749.97,-5392.59
620,6.27483e+06,-1.59827e+06,2.46728e+06,20.9767,-14.29,553902,3099.5,3764.69,-5422.57
630,6.30547e+06,-1.56055e+06,2.41291e+06,20.4939,-13.9009,553860,3029.94,3779.07,-5451.9
640,6.33542e+06,-1.52269e+06,2.35825e+06,20.01,-13.5145,553819,2960.04,3793.1,-5480.57
650,6.36467e+06,-1.48469e+06,2.3033e+06,19.525,-13.1306,553781,2889.8,3806.78,-5508.59
660,6.39322e+06,-1.44656e+06,2.24808e+06,19.0391,-12.7493,553745,2819.24,3820.11,-5535.94
670,6.42106e+06,-1.40829e+06,2.19258e+06,18.5521,-12.3705,553711,2748.36,3833.08,-5562.63
680,6.44819e+06,-1.3699e+06,2.13683e+06,18.0642,-11.994,553679,2677.17,3845.7,-5588.64
690,6.4746e+06,-1.33138e+06,2.08081e+06,17.5754,-11.6198,553650,2605.68,3857.97,-5613.99
700,6.5003e+06,-1.29274e+06,2.02455e+06,17.0856,-11.2479,553622,2533.9,3869.88,-5638.66
710,6.52528e+06,-1.25398e+06,1.96804e+06,16.5951,-10.8781,553597,2461.83,3881.43,-5662.66
720,6.54953e+06,-1.21511e+06,1.9113e+06,16.1036,-10.5104,553575,2389.49,3892.62,-5685.97
730,6.57307e+06,-1.17613e+06,1.85432e+06,15.6114,-10.1447,553555,2316.87,3903.46,-5708.6
740,6.59587e+06,-1.13704e+06,1.79713e+06,15.1185,-9.78093,553537,2244,3913.93,-5730.55
750,6.61795e+06,-1.09785e+06,1.73972e+06,14.6247,-9.41905,553521,2170.87,3924.05,-5751.8
760,6.63929e+06,-1.05856e+06,1.68209e+06,14.1303,-9.05896,553509,2097.5,3933.8,-5772.37
770,6.6599e+06,-1.01918e+06,1.62427e+06,13.6352,-8.70061,553498,2023.89,3943.2,-5792.24
780,6.67977e+06,-979702,1.56625e+06,13.1394,-8.34392,553490,1950.06,3952.22,-5811.41
790,6.6989e+06,-940136,1.50805e+06,12.643,-7.98882,553485,1876,3960.89,-5829.89
800,6.71728e+06,-900485,1.44966e+06,12.1461,-7.63526,553482,1801.74,3969.19,-5847.66
810,6.73493e+06,-860754,1.39109e+06,11.6485,-7.28317,553482,1727.27,3977.12,-5864.73
820,6.75183e+06,-820944,1.33236e+06,11.1504,-6.93247,553484,1652.61,3984.69,-5881.1
830,6.76798e+06,-781061,1.27347e+06,10.6517,-6.58311,553489,1577.76,3991.9,-5896.76
840,6.78338e+06,-741108,1.21443e+06,10.1526,-6.23503,553497,1502.74,3998.73,-5911.71
850,6.79804e+06,-701088,1.15524e+06,9.653,-5.88815,553508,1427.54,4005.2,-5925.95
860,6.81193e+06,-661005,1.09592e+06,9.15295,-5.54242,553521,1352.19,4011.3,-5939.48
870,6.82508e+06,-620863,1.03646e+06,8.65248,-5.19777,553537,1276.68,4017.03,-5952.29
880,6.83747e+06,-580666,976872,8.15162,-4.85414,553555,1201.03,4022.39,-5964.39
890,6.8491e+06,-540416,917171,7.65039,-4.51148,553577,1125.25,4027.38,-5975.77
900,6.85997e+06,-500119,857359,7.14881,-4.16971,553601,1049.34,4032,-5986.43
910,6.87009e+06,-459778,797445,6.64691,-3.82879,553628,973.316,4036.26,-5996.38
920,6.87944e+06,-419395,737434,6.14471,-3.48864,553657,897.181,4040.14,-6005.6
930,6.88803e+06,-378976,677335,5.64224,-3.14921,553690,820.946,4043.65,-6014.1
940,6.89586e+06,-338524,617155,5.13952,-2.81044,553725,744.619,4046.78,-6021.88
950,6.90292e+06,-298042,556900,4.63657,-2.47228,553763,668.209,4049.55,-6028.93
960,6.90922e+06,-257534,496579,4.13342,-2.13465,553804,591.725,4051.95,-6035.26
970,6.91476e+06,-217004,436198,3.63009,-1.79751,553848,515.175,4053.97,-6040.87
980,6.91952e+06,-176456,375764,3.1266,-1.46079,553894,438.569,4055.62,-6045.75
990,6.92353e+06,-135893,315285,2.62298,-1.12444,553943,361.914,4056.9,-6049.9
