0,2.9266e+06,-6.28433e+06,-9551.93,-0.0794355,-65.0287,554242,3679.16,1711.37,6059.77
5960,967538,-6.73657e+06,1.3111e+06,10.9702,-81.8268,553472,3947.42,1720.25,5886.86
5970,1.00697e+06,-6.719e+06,1.36989e+06,11.4685,-81.4766,553469,3938.2,1794.78,5870.75
5980,1.0463e+06,-6.70068e+06,1.42851e+06,11.9663,-81.125,553468,3928.62,1869.11,5853.93
5990,1.08554e+06,-6.68162e+06,1.48696e+06,12.4635,-80.772,553470,3918.68,1943.24,5836.41
10,2.96322e+06,-6.26687e+06,51045.1,0.424508,-64.6934,554178,3646.58,1780.88,6059.52
20,2.99953e+06,-6.24871e+06,111636,0.928441,-64.3579,554116,3613.67,1850.23,6058.55
30,3.0355e+06,-6.22986e+06,172213,1.43234,-64.0224,554057,3580.42,1919.41,6056.84
40,3.07113e+06,-6.21033e+06,232770,1.93619,-63.6867,554001,3546.85,1988.41,6054.41
50,3.10643e+06,-6.1901e+06,293299,2.43995,-63.3507,553948,3512.95,2057.23,6051.25
60,3.14139e+06,-6.16918e+06,353793,2.94362,-63.0145,553898,3478.74,2125.85,6047.36
70,3.17601e+06,-6.14758e+06,414244,3.44716,-62.6779,553850,3444.2,2194.27,6042.75
80,3.21027e+06,-6.1253e+06,474645,3.95055,-62.3409,553806,3409.36,2262.48,6037.41
90,3.24419e+06,-6.10233e+06,534989,4.45377,-62.0035,553764,3374.21,2330.47,6031.34
100,3.27776e+06,-6.07869e+06,595269,4.9568,-61.6655,553725,3338.75,2398.24,6024.55
110,3.31097e+06,-6.05437e+06,655477,5.45961,-61.327,553688,3302.99,2465.77,6017.03
120,3.34382e+06,-6.02937e+06,715607,5.96218,-60.9878,553655,3266.94,2533.07,6008.79
130,3.3763e+06,-6.00371e+06,775651,6.46448,-60.6479,553624,3230.59,2600.12,5999.83
140,3.40843e+06,-5.97737e+06,835601,6.96649,-60.3073,553596,3193.96,2666.91,5990.15
150,3.44018e+06,-5.95037e+06,895451,7.4682,-59.9658,553571,3157.04,2733.44,5979.75
160,3.47157e+06,-5.9227e+06,955194,7.96956,-59.6235,553549,3119.84,2799.69,5968.63
170,3.50258e+06,-5.89438e+06,1.01482e+06,8.47056,-59.2802,553529,3082.36,2865.67,5956.79
180,3.53321e+06,-5.86539e+06,1.07433e+06,8.97118,-58.936,553513,3044.61,2931.36,5944.24
190,3.56347e+06,-5.83575e+06,1.1337e+06,9.47139,-58.5906,553499,3006.6,2996.76,5930.97
200,3.59334e+06,-5.80546e+06,1.19294e+06,9.97116,-58.2442,553487,2968.31,3061.86,5916.99
210,3.62283e+06,-5.77451e+06,1.25204e+06,10.4705,-57.8965,553478,2929.77,3126.65,5902.3
220,3.65194e+06,-5.74293e+06,1.31099e+06,10.9693,-57.5476,553472,2890.98,3191.12,5886.89
230,3.68065e+06,-5.71069e+06,1.36978e+06,11.4676,-57.1974,553469,2851.93,3255.27,5870.78
240,3.70898e+06,-5.67782e+06,1.4284e+06,11.9654,-56.8459,553468,2812.63,3319.09,5853.97
250,3.7369e+06,-5.64431e+06,1.48685e+06,12.4626,-56.4928,553470,2773.09,3382.57,5836.45
260,3.76444e+06,-5.61017e+06,1.54513e+06,12.9592,-56.1383,553475,2733.31,3445.7,5818.23
270,3.79157e+06,-5.5754e+06,1.60321e+06,13.4552,-55.7822,553482,2693.3,3508.49,5799.31
280,3.8183e+06,-5.54e+06,1.66111e+06,13.9506,-55.4245,553491,2653.06,3570.91,5779.69
290,3.84463e+06,-5.50398e+06,1.71881e+06,14.4452,-55.065,553503,2612.59,3632.97,5759.38
300,3.87055e+06,-5.46734e+06,1.7763e+06,14.9392,-54.7038,553518,2571.9,3694.65,5738.37
310,3.89607e+06,-5.43009e+06,1.83357e+06,15.4325,-54.3407,553535,2530.99,3755.95,5716.68
320,3.92117e+06,-5.39223e+06,1.89063e+06,15.925,-53.9757,553554,2489.87,3816.86,5694.29
330,3.94586e+06,-5.35375e+06,1.94745e+06,16.4167,-53.6088,553576,2448.54,3877.38,5671.23
340,3.97014e+06,-5.31468e+06,2.00405e+06,16.9075,-53.2397,553600,2407.01,3937.5,5647.48
350,3.994e+06,-5.27501e+06,2.0604e+06,17.3976,-52.8686,553627,2365.27,3997.2,5623.05
360,4.01745e+06,-5.23474e+06,2.11651e+06,17.8868,-52.4952,553655,2323.34,4056.49,5597.95
370,4.04047e+06,-5.19388e+06,2.17236e+06,18.375,-52.1196,553686,2281.22,4115.36,5572.18
380,4.06307e+06,-5.15243e+06,2.22795e+06,18.8623,-51.7416,553720,2238.91,4173.8,5545.73
390,4.08525e+06,-5.1104e+06,2.28327e+06,19.3487,-51.3612,553755,2196.42,4231.8,5518.62
400,4.107e+06,-5.0678e+06,2.33832e+06,19.834,-50.9783,553793,2153.76,4289.36,5490.84
410,4.12832e+06,-5.02462e+06,2.39309e+06,20.3183,-50.5928,553832,2110.92,4346.47,5462.41
420,4.14922e+06,-4.98087e+06,2.44756e+06,20.8015,-50.2047,553874,2067.91,4403.12,5433.32
430,4.16968e+06,-4.93656e+06,2.50175e+06,21.2836,-49.8138,553918,2024.73,4459.31,5403.57
440,4.18971e+06,-4.89168e+06,2.55563e+06,21.7646,-49.4201,553963,1981.4,4515.03,5373.18
450,4.20931e+06,-4.84626e+06,2.60921e+06,22.2444,-49.0234,554011,1937.91,4570.27,5342.14
460,4.22847e+06,-4.80028e+06,2.66247e+06,22.723,-48.6238,554060,1894.27,4625.04,5310.46
470,4.24719e+06,-4.75376e+06,2.71542e+06,23.2003,-48.2212,554112,1850.49,4679.31,5278.14
480,4.26548e+06,-4.7067e+06,2.76803e+06,23.6764,-47.8153,554165,1806.56,4733.09,5245.19
490,4.28332e+06,-4.6591e+06,2.82032e+06,24.1511,-47.4062,554220,1762.5,4786.36,5211.61
500,4.30073e+06,-4.61097e+06,2.87226e+06,24.6245,-46.9938,554276,1718.3,4839.13,5177.4
510,4.31769e+06,-4.56232e+06,2.92386e+06,25.0964,-46.578,554335,1673.98,4891.39,5142.57
520,4.33421e+06,-4.51314e+06,2.97511e+06,25.5669,-46.1587,554394,1629.53,4943.13,5107.12
530,4.35028e+06,-4.46346e+06,3.026e+06,26.0359,-45.7357,554456,1584.97,4994.34,5071.06
540,4.3659e+06,-4.41326e+06,3.07653e+06,26.5034,-45.309,554519,1540.29,5045.02,5034.38
550,4.38108e+06,-4.36256e+06,3.12669e+06,26.9693,-44.8786,554583,1495.5,5095.16,4997.11
560,4.39581e+06,-4.31136e+06,3.17647e+06,27.4335,-44.4443,554649,1450.6,5144.76,4959.23
570,4.4101e+06,-4.25966e+06,3.22587e+06,27.8961,-44.0059,554716,1405.6,5193.81,4920.76
580,4.42393e+06,-4.20748e+06,3.27489e+06,28.357,-43.5635,554784,1360.51,5242.31,4881.7
590,4.43731e+06,-4.15482e+06,3.3235e+06,28.8162,-43.117,554854,1315.33,5290.24,4842.05
600,4.45023e+06,-4.10168e+06,3.37172e+06,29.2735,-42.6661,554925,1270.06,5337.61,4801.82
610,4.46271e+06,-4.04807e+06,3.41954e+06,29.729,-42.2108,554997,1224.71,5384.41,4761.02
620,4.47473e+06,-3.99399e+06,3.46694e+06,30.1825,-41.7511,555070,1179.28,5430.63,4719.64
630,4.48629e+06,-3.93946e+06,3.51393e+06,30.6341,-41.2867,555144,1133.78,5476.27,4677.7
640,4.4974e+06,-3.88447e+06,3.56049e+06,31.0837,-40.8176,555220,1088.21,5521.32,4635.19
650,4.50806e+06,-3.82903e+06,3.60663e+06,31.5312,-40.3438,555296,1042.58,5565.78,4592.13
660,4.51825e+06,-3.77316e+06,3.65234e+06,31.9766,-39.865,555373,996.883,5609.64,4548.52
670,4.52799e+06,-3.71684e+06,3.6976e+06,32.4197,-39.3812,555450,951.135,5652.9,4504.36
680,4.53728e+06,-3.6601e+06,3.74242e+06,32.8607,-38.8922,555529,905.338,5695.55,4459.66
690,4.5461e+06,-3.60293e+06,3.78679e+06,33.2994,-38.398,555608,859.496,5737.58,4414.42
700,4.55446e+06,-3.54535e+06,3.83071e+06,33.7356,-37.8984,555688,813.612,5779,4368.66
710,4.56237e+06,-3.48736e+06,3.87416e+06,34.1695,-37.3933,555769,767.693,5819.79,4322.37
720,4.56982e+06,-3.42896e+06,3.91715e+06,34.6009,-36.8827,555850,721.742,5859.96,4275.57
730,4.57681e+06,-3.37016e+06,3.95967e+06,35.0297,-36.3663,555931,675.764,5899.49,4228.25
740,4.58333e+06,-3.31097e+06,4.00172e+06,35.4559,-35.8441,556013,629.764,5938.39,4180.42
750,4.5894e+06,-3.25139e+06,4.04328e+06,35.8794,-35.3159,556096,583.746,5976.64,4132.09
760,4.59501e+06,-3.19144e+06,4.08436e+06,36.3002,-34.7817,556179,537.715,6014.25,4083.27
770,4.60016e+06,-3.13111e+06,4.12494e+06,36.7181,-34.2413,556262,491.675,6051.2,4033.96
780,4.60484e+06,-3.07042e+06,4.16503e+06,37.1332,-33.6946,556345,445.631,6087.5,3984.16
790,4.60907e+06,-3.00936e+06,4.20462e+06,37.5452,-33.1414,556428,399.587,6123.15,3933.89
800,4.61283e+06,-2.94796e+06,4.24371e+06,37.9542,-32.5817,556512,353.548,6158.12,3883.14
810,4.61614e+06,-2.8862e+06,4.28228e+06,38.3601,-32.0153,556595,307.519,6192.43,3831.93
820,4.61898e+06,-2.82411e+06,4.32035e+06,38.7627,-31.4422,556679,261.503,6226.07,3780.26
830,4.62137e+06,-2.76168e+06,4.35789e+06,39.1621,-30.8621,556762,215.506,6259.03,3728.14
840,4.62329e+06,-2.69893e+06,4.39491e+06,39.5581,-30.275,556845,169.532,6291.31,3675.57
850,4.62476e+06,-2.63586e+06,4.4314e+06,39.9506,-29.6808,556928,123.586,6322.91,3622.56
860,4.62577e+06,-2.57248e+06,4.46736e+06,40.3395,-29.0793,557011,77.671,6353.82,3569.11
870,4.62631e+06,-2.50879e+06,4.50278e+06,40.7249,-28.4704,557094,31.7928,6384.04,3515.24
880,4.6264e+06,-2.4448e+06,4.53766e+06,41.1065,-27.854,557176,-14.0444,6413.56,3460.95
890,4.62603e+06,-2.38052e+06,4.572e+06,41.4842,-27.23,557258,-59.8364,6442.38,3406.24
900,4.62521e+06,-2.31595e+06,4.60578e+06,41.8581,-26.5982,557340,-105.579,6470.51,3351.12
910,4.62392e+06,-2.25111e+06,4.63902e+06,42.2279,-25.9587,557421,-151.267,6497.92,3295.61
920,4.62218e+06,-2.186e+06,4.67169e+06,42.5937,-25.3112,557501,-196.896,6524.63,3239.69
930,4.61998e+06,-2.12062e+06,4.70381e+06,42.9552,-24.6556,557581,-242.462,6550.63,3183.39
940,4.61733e+06,-2.05499e+06,4.73536e+06,43.3124,-23.9919,557660,-287.961,6575.91,3126.71
950,4.61422e+06,-1.9891e+06,4.76634e+06,43.6652,-23.3199,557739,-333.389,6600.47,3069.66
960,4.61066e+06,-1.92298e+06,4.79675e+06,44.0135,-22.6397,557816,-378.74,6624.31,3012.23
970,4.60665e+06,-1.85662e+06,4.82659e+06,44.3571,-21.9509,557893,-424.01,6647.43,2954.45
980,4.60218e+06,-1.79003e+06,4.85584e+06,44.696,-21.2537,557969,-469.196,6669.82,2896.31
990,4.59727e+06,-1.72323e+06,4.88451e+06,45.03,-20.5479,558045,-514.293,6691.48,2837.83
