5960,2.48154e+06,-997709,6.39848e+06,67.4402,-21.9028,575061,-7124.14,71.3307,2768.32
0,3.90264e+06,678142,5.69402e+06,55.3404,9.85757,572599,-5667.1,-2920.19,4222.56
5970,2.41015e+06,-996885,6.42578e+06,68.0308,-22.4709,575164,-7152.98,93.5544,2691.82
5980,2.33848e+06,-995838,6.45231e+06,68.6197,-23.0667,575265,-7180.95,115.808,2615.01
5990,2.26653e+06,-994569,6.47808e+06,69.2066,-23.6922,575363,-7208.04,138.088,2537.88
10,3.84572e+06,648942,5.7359e+06,55.9505,9.57809,572735,-5717.27,-2919.75,4154.34
20,3.7883e+06,619748,5.7771e+06,56.5601,9.29103,572870,-5766.77,-2918.89,4085.62
30,3.73038e+06,590565,5.81761e+06,57.1691,8.99596,573004,-5815.58,-2917.62,4016.41
40,3.67199e+06,561397,5.85743e+06,57.7775,8.69244,573137,-5863.69,-2915.93,3946.73
50,3.61311e+06,532248,5.89654e+06,58.3853,8.37998,573269,-5911.11,-2913.82,3876.58
60,3.55377e+06,503122,5.93496e+06,58.9924,8.05806,573399,-5957.82,-2911.3,3805.97
70,3.49396e+06,474023,5.97266e+06,59.5988,7.72612,573528,-6003.82,-2908.37,3734.91
80,3.43369e+06,444956,6.00965e+06,60.2045,7.38355,573656,-6049.1,-2905.02,3663.41
90,3.37298e+06,415924,6.04593e+06,60.8094,7.0297,573782,-6093.66,-2901.27,3591.47
100,3.31182e+06,386932,6.08148e+06,61.4136,6.66386,573907,-6137.49,-2897.1,3519.1
110,3.25023e+06,357984,6.11631e+06,62.0168,6.28528,574030,-6180.59,-2892.53,3446.32
120,3.18821e+06,329083,6.15041e+06,62.6191,5.89312,574152,-6222.94,-2887.56,3373.12
130,3.12577e+06,300234,6.18377e+06,63.2205,5.48648,574271,-6264.55,-2882.18,3299.53
140,3.06292e+06,271440,6.2164e+06,63.8208,5.0644,574389,-6305.41,-2876.4,3225.55
150,2.99967e+06,242707,6.24828e+06,64.4201,4.6258,574505,-6345.51,-2870.22,3151.18
160,2.93602e+06,214037,6.27942e+06,65.0181,4.16952,574619,-6384.85,-2863.64,3076.44
170,2.87197e+06,185435,6.30981e+06,65.6149,3.6943,574731,-6423.42,-2856.67,3001.33
180,2.80755e+06,156905,6.33944e+06,66.2104,3.19875,574841,-6461.22,-2849.3,2925.87
190,2.74275e+06,128451,6.36832e+06,66.8044,2.68136,574948,-6498.24,-2841.54,2850.06
200,2.67759e+06,100076,6.39645e+06,67.3968,2.14045,575054,-6534.48,-2833.39,2773.92
210,2.61207e+06,71784,6.4238e+06,67.9876,1.57419,575157,-6569.93,-2824.85,2697.44
220,2.54619e+06,43579.8,6.45039e+06,68.5766,0.98056,575257,-6604.59,-2815.93,2620.65
230,2.47998e+06,15466.7,6.47621e+06,69.1636,0.357329,575356,-6638.46,-2806.62,2543.54
240,2.41343e+06,-12551.4,6.50126e+06,69.7485,-0.297972,575452,-6671.52,-2796.93,2466.14
250,2.34655e+06,-40470.7,6.52554e+06,70.3311,-0.988076,575545,-6703.78,-2786.86,2388.44
260,2.27935e+06,-68287.4,6.54903e+06,70.9112,-1.71602,575636,-6735.23,-2776.42,2310.46
270,2.21185e+06,-95997.8,6.57174e+06,71.4886,-2.48517,575724,-6765.86,-2765.6,2232.2
280,2.14404e+06,-123598,6.59367e+06,72.0629,-3.2993,575809,-6795.68,-2754.41,2153.68
290,2.07594e+06,-151085,6.61482e+06,72.634,-4.1626,575892,-6824.68,-2742.85,2074.9
300,2.00755e+06,-178454,6.63517e+06,73.2015,-5.07976,575972,-6852.85,-2730.93,1995.88
310,1.93888e+06,-205702,6.65473e+06,73.765,-6.05604,576049,-6880.19,-2718.64,1916.63
320,1.86995e+06,-232826,6.6735e+06,74.3241,-7.09733,576123,-6906.69,-2705.99,1837.14
330,1.80075e+06,-259821,6.69148e+06,74.8782,-8.21025,576195,-6932.36,-2692.98,1757.44
340,1.7313e+06,-286684,6.70865e+06,75.427,-9.40222,576263,-6957.19,-2679.61,1677.53
350,1.66161e+06,-313412,6.72503e+06,75.9696,-10.6816,576329,-6981.18,-2665.9,1597.42
360,1.59168e+06,-340001,6.7406e+06,76.5055,-12.0578,576391,-7004.31,-2651.83,1517.12
370,1.52153e+06,-366447,6.75537e+06,77.0337,-13.5413,576451,-7026.6,-2637.42,1436.65
380,1.45115e+06,-392748,6.76933e+06,77.5532,-15.1441,576507,-7048.04,-2622.66,1356
390,1.38057e+06,-418900,6.78249e+06,78.0631,-16.8791,576560,-7068.61,-2607.56,1275.19
400,1.30978e+06,-444898,6.79483e+06,78.5619,-18.7613,576610,-7088.33,-2592.12,1194.23
410,1.2388e+06,-470741,6.80637e+06,79.0481,-20.8066,576657,-7107.19,-2576.35,1113.13
420,1.16764e+06,-496424,6.8171e+06,79.5201,-23.0328,576701,-7125.18,-2560.25,1031.9
430,1.0963e+06,-521945,6.82701e+06,79.9758,-25.4589,576741,-7142.3,-2543.81,950.546
440,1.0248e+06,-547299,6.83611e+06,80.4129,-28.1047,576778,-7158.56,-2527.05,869.079
450,953135,-572485,6.84439e+06,80.8288,-30.9904,576812,-7173.94,-2509.97,787.51
460,881323,-597498,6.85186e+06,81.2204,-34.1355,576843,-7188.44,-2492.58,705.847
470,809369,-622335,6.85851e+06,81.5843,-37.5572,576870,-7202.07,-2474.86,624.101
480,737284,-646994,6.86434e+06,81.9168,-41.2681,576894,-7214.83,-2456.83,542.28
490,665076,-671471,6.86935e+06,82.2139,-45.2742,576915,-7226.7,-2438.5,460.396
500,592753,-695763,6.87355e+06,82.4714,-49.5708,576932,-7237.69,-2419.86,378.457
510,520325,-719867,6.87692e+06,82.6851,-54.1403,576946,-7247.79,-2400.91,296.474
520,447800,-743780,6.87948e+06,82.8511,-58.9496,576957,-7257.01,-2381.67,214.455
530,375188,-767500,6.88121e+06,82.966,-63.9486,576964,-7265.34,-2362.14,132.411
540,302496,-791022,6.88212e+06,83.0273,-69.0726,576968,-7272.78,-2342.31,50.3517
550,229735,-814345,6.88222e+06,83.0336,-74.2457,576968,-7279.33,-2322.2,-31.7139
560,156912,-837465,6.88149e+06,82.9847,-79.3878,576965,-7284.99,-2301.8,-113.776
570,84037.9,-860380,6.87994e+06,82.8818,-84.4213,576959,-7289.76,-2281.12,-195.824
580,11120.2,-883087,6.87757e+06,82.7271,-89.2785,576949,-7293.64,-2260.17,-277.849
590,-61831.9,-905582,6.87439e+06,82.5239,-93.906,576936,-7296.62,-2238.94,-359.842
600,-134809,-927864,6.87038e+06,82.2759,-98.2666,576920,-7298.7,-2217.44,-441.791
610,-207803,-949930,6.86555e+06,81.9875,-102.339,576900,-7299.89,-2195.68,-523.689
620,-280804,-971777,6.8599e+06,81.6626,-106.117,576877,-7300.19,-2173.66,-605.524
630,-353804,-993403,6.85344e+06,81.3055,-109.604,576851,-7299.58,-2151.38,-687.288
640,-426793,-1.0148e+06,6.84616e+06,80.9199,-112.81,576821,-7298.08,-2128.85,-768.971
650,-499763,-1.03598e+06,6.83806e+06,80.5093,-115.753,576788,-7295.69,-2106.07,-850.562
660,-572704,-1.05692e+06,6.82915e+06,80.0768,-118.451,576752,-7292.39,-2083.04,-932.053
670,-645607,-1.07764e+06,6.81942e+06,79.6251,-120.926,576712,-7288.2,-2059.77,-1013.43
680,-718465,-1.09812e+06,6.80888e+06,79.1566,-123.195,576669,-7283.12,-2036.26,-1094.69
690,-791267,-1.11836e+06,6.79753e+06,78.6734,-125.28,576623,-7277.13,-2012.53,-1175.83
700,-864005,-1.13837e+06,6.78536e+06,78.1773,-127.198,576574,-7270.25,-1988.56,-1256.82
710,-936669,-1.15813e+06,6.77239e+06,77.6698,-128.965,576522,-7262.47,-1964.37,-1337.66
720,-1.00925e+06,-1.17766e+06,6.75861e+06,77.1524,-130.597,576466,-7253.8,-1939.95,-1418.34
730,-1.08174e+06,-1.19693e+06,6.74402e+06,76.626,-132.106,576408,-7244.23,-1915.32,-1498.86
740,-1.15413e+06,-1.21596e+06,6.72863e+06,76.0918,-133.506,576346,-7233.77,-1890.48,-1579.2
750,-1.22641e+06,-1.23474e+06,6.71244e+06,75.5507,-134.806,576281,-7222.42,-1865.43,-1659.35
760,-1.29858e+06,-1.25327e+06,6.69545e+06,75.0033,-136.017,576214,-7210.17,-1840.17,-1739.31
770,-1.37062e+06,-1.27154e+06,6.67765e+06,74.4503,-137.147,576143,-7197.03,-1814.72,-1819.06
780,-1.44252e+06,-1.28956e+06,6.65907e+06,73.8923,-138.204,576070,-7183.01,-1789.07,-1898.59
790,-1.51427e+06,-1.30732e+06,6.63968e+06,73.3298,-139.195,575993,-7168.09,-1763.23,-1977.9
800,-1.58587e+06,-1.32483e+06,6.61951e+06,72.7631,-140.125,575914,-7152.29,-1737.2,-2056.98
810,-1.65732e+06,-1.34207e+06,6.59854e+06,72.1929,-141,575832,-7135.6,-1710.99,-2135.81
820,-1.72858e+06,-1.35905e+06,6.57679e+06,71.6192,-141.825,575748,-7118.03,-1684.6,-2214.39
830,-1.79967e+06,-1.37576e+06,6.55426e+06,71.0425,-142.604,575660,-7099.57,-1658.04,-2292.7
840,-1.87057e+06,-1.39221e+06,6.53094e+06,70.463,-143.341,575570,-7080.24,-1631.31,-2370.75
850,-1.94127e+06,-1.40839e+06,6.50684e+06,69.8809,-144.039,575477,-7060.03,-1604.42,-2448.51
860,-2.01177e+06,-1.42429e+06,6.48197e+06,69.2965,-144.702,575382,-7038.94,-1577.36,-2525.99
870,-2.08205e+06,-1.43993e+06,6.45633e+06,68.71,-145.333,575285,-7016.98,-1550.15,-2603.16
880,-2.15211e+06,-1.4553e+06,6.42991e+06,68.1214,-145.933,575185,-6994.14,-1522.79,-2680.03
890,-2.22193e+06,-1.47039e+06,6.40273e+06,67.531,-146.505,575082,-6970.44,-1495.28,-2756.58
900,-2.29151e+06,-1.4852e+06,6.37478e+06,66.939,-147.051,574978,-6945.87,-1467.63,-2832.8
910,-2.36085e+06,-1.49974e+06,6.34607e+06,66.3453,-147.574,574871,-6920.44,-1439.84,-2908.68
920,-2.42992e+06,-1.514e+06,6.31661e+06,65.7502,-148.074,574761,-6894.14,-1411.91,-2984.22
930,-2.49873e+06,-1.52798e+06,6.28639e+06,65.1537,-148.554,574650,-6866.99,-1383.86,-3059.41
940,-2.56726e+06,-1.54167e+06,6.25542e+06,64.5559,-149.015,574537,-6838.98,-1355.68,-3134.23
950,-2.6355e+06,-1.55509e+06,6.2237e+06,63.9569,-149.457,574422,-6810.12,-1327.39,-3208.69
960,-2.70346e+06,-1.56822e+06,6.19125e+06,63.3568,-149.883,574304,-6780.41,-1298.98,-3282.76
970,-2.77111e+06,-1.58107e+06,6.15805e+06,62.7557,-150.293,574185,-6749.86,-1270.46,-3356.44
980,-2.83845e+06,-1.59363e+06,6.12412e+06,62.1536,-150.688,574064,-6718.46,-1241.83,-3429.73
990,-2.90547e+06,-1.60591e+06,6.08946e+06,61.5505,-151.07,573942,-6686.22,-1213.1,-3502.6
