0,6.7272e+06,602487,-1.56874e+06,-13.1541,5.11775,556875,-1712.96,4054.51,-5810.85
5960,6.23597e+06,-1.1931e+06,-2.78957e+06,-23.8496,-10.8313,560214,-1404.97,4870.27,-5232.99
5970,6.22158e+06,-1.14432e+06,-2.84173e+06,-24.323,-10.4218,560381,-1471.98,4886.27,-5199.24
5980,6.20653e+06,-1.09538e+06,-2.89355e+06,-24.795,-10.0089,560550,-1538.79,4901.8,-5164.87
5990,6.19081e+06,-1.04628e+06,-2.94502e+06,-25.2655,-9.59268,560720,-1605.4,4916.83,-5129.88
10,6.7097e+06,643008,-1.62675e+06,-13.6493,5.47409,557008,-1787.1,4049.65,-5791.68
20,6.69146e+06,683478,-1.68457e+06,-14.1439,5.83208,557143,-1861.03,4044.4,-5771.81
30,6.67248e+06,723895,-1.74218e+06,-14.6378,6.19178,557280,-1934.75,4038.79,-5751.25
40,6.65276e+06,764253,-1.79959e+06,-15.1309,6.55327,557419,-2008.24,4032.8,-5730
50,6.63231e+06,804549,-1.85678e+06,-15.6233,6.91661,557561,-2081.5,4026.44,-5708.06
60,6.61113e+06,844780,-1.91375e+06,-16.1149,7.28187,557704,-2154.51,4019.7,-5685.44
70,6.58922e+06,884942,-1.97049e+06,-16.6057,7.64913,557849,-2227.27,4012.6,-5662.14
80,6.56659e+06,925031,-2.02699e+06,-17.0957,8.01845,557995,-2299.77,4005.12,-5638.16
90,6.54323e+06,965043,-2.08325e+06,-17.5847,8.38991,558144,-2372.01,3997.27,-5613.51
100,6.51915e+06,1.00497e+06,-2.13926e+06,-18.0729,8.76358,558294,-2443.97,3989.05,-5588.18
110,6.49435e+06,1.04482e+06,-2.19501e+06,-18.5602,9.13953,558446,-2515.65,3980.46,-5562.19
120,6.46884e+06,1.08458e+06,-2.2505e+06,-19.0464,9.51784,558600,-2587.04,3971.5,-5535.52
130,6.44261e+06,1.12425e+06,-2.30572e+06,-19.5317,9.89858,558755,-2658.13,3962.18,-5508.2
140,6.41568e+06,1.16382e+06,-2.36066e+06,-20.0159,10.2818,558912,-2728.91,3952.48,-5480.22
150,6.38803e+06,1.2033e+06,-2.41532e+06,-20.4991,10.6677,559070,-2799.38,3942.42,-5451.58
160,6.35969e+06,1.24267e+06,-2.46969e+06,-20.9812,11.0562,559230,-2869.52,3931.99,-5422.29
170,6.33065e+06,1.28194e+06,-2.52376e+06,-21.4621,11.4474,559390,-2939.34,3921.2,-5392.35
180,6.3009e+06,1.32109e+06,-2.57753e+06,-21.9419,11.8415,559553,-3008.81,3910.04,-5361.77
190,6.27047e+06,1.36014e+06,-2.631e+06,-22.4205,12.2385,559716,-3077.94,3898.52,-5330.54
200,6.23935e+06,1.39906e+06,-2.68414e+06,-22.8978,12.6385,559881,-3146.72,3886.64,-5298.68
210,6.20754e+06,1.43787e+06,-2.73697e+06,-23.3739,13.0416,560047,-3215.14,3874.4,-5266.18
220,6.17505e+06,1.47655e+06,-2.78946e+06,-23.8486,13.4478,560213,-3283.18,3861.79,-5233.06
230,6.14188e+06,1.5151e+06,-2.84163e+06,-24.322,13.8573,560381,-3350.85,3848.83,-5199.31
240,6.10803e+06,1.55352e+06,-2.89345e+06,-24.794,14.2701,560550,-3418.14,3835.51,-5164.93
250,6.07351e+06,1.59181e+06,-2.94492e+06,-25.2646,14.6864,560720,-3485.04,3821.83,-5129.94
260,6.03833e+06,1.62996e+06,-2.99604e+06,-25.7337,15.1061,560890,-3551.53,3807.79,-5094.34
270,6.00249e+06,1.66797e+06,-3.04681e+06,-26.2013,15.5295,561061,-3617.62,3793.4,-5058.13
280,5.96598e+06,1.70583e+06,-3.0972e+06,-26.6673,15.9566,561233,-3683.3,3778.65,-5021.32
290,5.92882e+06,1.74354e+06,-3.14723e+06,-27.1317,16.3875,561406,-3748.56,3763.55,-4983.9
300,5.89101e+06,1.7811e+06,-3.19688e+06,-27.5945,16.8222,561579,-3813.38,3748.1,-4945.9
310,5.85255e+06,1.8185e+06,-3.24615e+06,-28.0556,17.261,561752,-3877.78,3732.3,-4907.3
320,5.81346e+06,1.85574e+06,-3.29502e+06,-28.5149,17.7038,561926,-3941.73,3716.15,-4868.11
330,5.77372e+06,1.89282e+06,-3.34351e+06,-28.9725,18.1509,562101,-4005.23,3699.65,-4828.35
340,5.73335e+06,1.92973e+06,-3.39159e+06,-29.4282,18.6022,562276,-4068.28,3682.81,-4788
350,5.69236e+06,1.96647e+06,-3.43927e+06,-29.8821,19.0579,562451,-4130.86,3665.62,-4747.09
360,5.65074e+06,2.00304e+06,-3.48653e+06,-30.334,19.5181,562626,-4192.97,3648.08,-4705.61
370,5.6085e+06,2.03944e+06,-3.53338e+06,-30.7839,19.9829,562801,-4254.61,3630.21,-4663.57
380,5.56565e+06,2.07565e+06,-3.5798e+06,-31.2318,20.4524,562976,-4315.76,3611.99,-4620.98
390,5.52219e+06,2.11167e+06,-3.62579e+06,-31.6776,20.9268,563152,-4376.42,3593.44,-4577.83
400,5.47812e+06,2.14751e+06,-3.67135e+06,-32.1213,21.406,563327,-4436.59,3574.55,-4534.14
410,5.43346e+06,2.18316e+06,-3.71647e+06,-32.5627,21.8903,563502,-4496.25,3555.32,-4489.9
420,5.3882e+06,2.21862e+06,-3.76115e+06,-33.0019,22.3797,563677,-4555.4,3535.76,-4445.14
430,5.34235e+06,2.25388e+06,-3.80537e+06,-33.4388,22.8743,563851,-4614.04,3515.86,-4399.84
440,5.29592e+06,2.28893e+06,-3.84914e+06,-33.8732,23.3744,564026,-4672.15,3495.63,-4354.02
450,5.24891e+06,2.32379e+06,-3.89245e+06,-34.3053,23.8798,564199,-4729.73,3475.08,-4307.68
460,5.20133e+06,2.35844e+06,-3.9353e+06,-34.7348,24.3909,564373,-4786.78,3454.19,-4260.82
470,5.15318e+06,2.39287e+06,-3.97767e+06,-35.1618,24.9077,564546,-4843.29,3432.98,-4213.46
480,5.10446e+06,2.42709e+06,-4.01956e+06,-35.5861,25.4304,564718,-4899.24,3411.45,-4165.6
490,5.05519e+06,2.4611e+06,-4.06098e+06,-36.0077,25.9589,564889,-4954.65,3389.59,-4117.24
500,5.00537e+06,2.49488e+06,-4.10191e+06,-36.4266,26.4936,565060,-5009.49,3367.41,-4068.4
510,4.95501e+06,2.52845e+06,-4.14234e+06,-36.8425,27.0344,565230,-5063.77,3344.91,-4019.06
520,4.9041e+06,2.56178e+06,-4.18229e+06,-37.2556,27.5815,565399,-5117.48,3322.1,-3969.25
530,4.85266e+06,2.59489e+06,-4.22173e+06,-37.6657,28.135,565567,-5170.6,3298.97,-3918.97
540,4.80069e+06,2.62776e+06,-4.26066e+06,-38.0727,28.695,565734,-5223.15,3275.53,-3868.22
550,4.7482e+06,2.6604e+06,-4.29909e+06,-38.4766,29.2617,565900,-5275.1,3251.78,-3817.02
560,4.69519e+06,2.69279e+06,-4.337e+06,-38.8772,29.8352,566065,-5326.46,3227.71,-3765.35
570,4.64167e+06,2.72495e+06,-4.3744e+06,-39.2745,30.4156,566229,-5377.22,3203.35,-3713.24
580,4.58765e+06,2.75686e+06,-4.41127e+06,-39.6684,31.003,566391,-5427.38,3178.67,-3660.69
590,4.53313e+06,2.78852e+06,-4.44761e+06,-40.0589,31.5975,566552,-5476.92,3153.69,-3607.71
600,4.47811e+06,2.81993e+06,-4.48342e+06,-40.4458,32.1992,566712,-5525.84,3128.41,-3554.29
610,4.42261e+06,2.85109e+06,-4.51869e+06,-40.829,32.8083,566870,-5574.15,3102.84,-3500.45
620,4.36663e+06,2.88199e+06,-4.55343e+06,-41.2085,33.4249,567027,-5621.82,3076.96,-3446.2
630,4.31018e+06,2.91263e+06,-4.58762e+06,-41.5841,34.0491,567182,-5668.87,3050.8,-3391.54
640,4.25326e+06,2.943e+06,-4.62126e+06,-41.9559,34.6809,567336,-5715.28,3024.33,-3336.47
650,4.19587e+06,2.97311e+06,-4.65434e+06,-42.3236,35.3206,567488,-5761.04,2997.58,-3281.01
660,4.13804e+06,3.00295e+06,-4.68688e+06,-42.6872,35.9682,567638,-5806.16,2970.55,-3225.16
670,4.07975e+06,3.03252e+06,-4.71885e+06,-43.0465,36.6238,567786,-5850.62,2943.22,-3168.93
680,4.02103e+06,3.06182e+06,-4.75025e+06,-43.4016,37.2875,567932,-5894.43,2915.61,-3112.32
690,3.96187e+06,3.09083e+06,-4.78109e+06,-43.7522,37.9594,568077,-5937.58,2887.73,-3055.34
700,3.90228e+06,3.11957e+06,-4.81136e+06,-44.0983,38.6396,568219,-5980.06,2859.56,-2998
710,3.84227e+06,3.14802e+06,-4.84105e+06,-44.4397,39.3282,568360,-6021.87,2831.12,-2940.3
720,3.78184e+06,3.17619e+06,-4.87016e+06,-44.7764,40.0253,568498,-6063.01,2802.4,-2882.25
730,3.72101e+06,3.20407e+06,-4.89869e+06,-45.1083,40.7309,568634,-6103.46,2773.41,-2823.87
740,3.65978e+06,3.23166e+06,-4.92664e+06,-45.4352,41.4452,568768,-6143.23,2744.15,-2765.14
750,3.59815e+06,3.25895e+06,-4.954e+06,-45.757,42.1681,568900,-6182.32,2714.63,-2706.09
760,3.53613e+06,3.28595e+06,-4.98076e+06,-46.0736,42.8998,569029,-6220.71,2684.84,-2646.72
770,3.47374e+06,3.31265e+06,-5.00693e+06,-46.3849,43.6402,569156,-6258.4,2654.79,-2587.03
780,3.41097e+06,3.33904e+06,-5.0325e+06,-46.6908,44.3895,569281,-6295.4,2624.49,-2527.04
790,3.34783e+06,3.36514e+06,-5.05747e+06,-46.9912,45.1477,569403,-6331.69,2593.92,-2466.75
800,3.28434e+06,3.39092e+06,-5.08183e+06,-47.2858,45.9148,569523,-6367.27,2563.1,-2406.16
810,3.22049e+06,3.4164e+06,-5.10559e+06,-47.5747,46.6908,569640,-6402.14,2532.04,-2345.3
820,3.1563e+06,3.44156e+06,-5.12874e+06,-47.8577,47.4757,569754,-6436.3,2500.72,-2284.15
830,3.09177e+06,3.46641e+06,-5.15127e+06,-48.1347,48.2695,569866,-6469.73,2469.16,-2222.73
840,3.0269e+06,3.49094e+06,-5.17319e+06,-48.4055,49.0723,569975,-6502.45,2437.35,-2161.05
850,2.96172e+06,3.51516e+06,-5.19449e+06,-48.6701,49.884,570082,-6534.44,2405.3,-2099.11
860,2.89622e+06,3.53905e+06,-5.21517e+06,-48.9282,50.7045,570186,-6565.69,2373.02,-2036.93
870,2.83041e+06,3.56262e+06,-5.23523e+06,-49.1799,51.5337,570286,-6596.22,2340.5,-1974.5
880,2.7643e+06,3.58586e+06,-5.25466e+06,-49.4249,52.3718,570384,-6626.01,2307.75,-1911.84
890,2.69789e+06,3.60877e+06,-5.27347e+06,-49.6631,53.2185,570479,-6655.06,2274.76,-1848.95
900,2.6312e+06,3.63135e+06,-5.29164e+06,-49.8945,54.0737,570572,-6683.37,2241.56,-1785.84
910,2.56423e+06,3.6536e+06,-5.30918e+06,-50.1188,54.9375,570661,-6710.93,2208.13,-1722.53
920,2.49698e+06,3.67551e+06,-5.32609e+06,-50.336,55.8095,570747,-6737.75,2174.47,-1659
930,2.42947e+06,3.69709e+06,-5.34236e+06,-50.546,56.6898,570830,-6763.81,2140.6,-1595.29
940,2.36171e+06,3.71833e+06,-5.358e+06,-50.7486,57.5782,570910,-6789.12,2106.52,-1531.38
950,2.29369e+06,3.73922e+06,-5.37299e+06,-50.9437,58.4744,570987,-6813.68,2072.22,-1467.29
960,2.22544e+06,3.75977e+06,-5.38734e+06,-51.1313,59.3784,571061,-6837.48,2037.71,-1403.03
970,2.15695e+06,3.77997e+06,-5.40105e+06,-51.3111,60.2898,571131,-6860.51,2003,-1338.6
980,2.08823e+06,3.79983e+06,-5.41411e+06,-51.4831,61.2086,571199,-6882.79,1968.08,-1274.01
990,2.0193e+06,3.81933e+06,-5.42653e+06,-51.6472,62.1344,571263,-6904.29,1932.96,-1209.28
