0,-2.01967e+06,-3.73905e+06,-5.48204e+06,-52.3882,-118.376,571551,6803.75,-2414.99,-859.827
5960,-2.16379e+06,-3.61268e+06,-5.51172e+06,-52.7894,-120.919,571705,5783.55,-4365.81,591.354
5970,-2.10586e+06,-3.65616e+06,-5.50548e+06,-52.7047,-119.941,571672,5802.52,-4331.17,657.135
5980,-2.04774e+06,-3.6993e+06,-5.49858e+06,-52.6113,-118.967,571636,5820.85,-4296.04,722.839
5990,-1.98944e+06,-3.74208e+06,-5.49102e+06,-52.5092,-117.997,571596,5838.55,-4260.43,788.458
10,-1.95153e+06,-3.76302e+06,-5.49032e+06,-52.4997,-117.412,571594,6823.79,-2380.46,-794.31
20,-1.8832e+06,-3.78665e+06,-5.49793e+06,-52.6025,-116.442,571634,6843.08,-2345.67,-728.7
30,-1.81467e+06,-3.80994e+06,-5.50489e+06,-52.6967,-115.468,571671,6861.6,-2310.63,-663.004
40,-1.74597e+06,-3.83287e+06,-5.51119e+06,-52.7822,-114.49,571704,6879.36,-2275.35,-597.229
50,-1.67709e+06,-3.85544e+06,-5.51683e+06,-52.8589,-113.509,571733,6896.36,-2239.82,-531.383
60,-1.60804e+06,-3.87766e+06,-5.52182e+06,-52.9267,-112.523,571759,6912.59,-2204.05,-465.475
70,-1.53884e+06,-3.89952e+06,-5.52614e+06,-52.9857,-111.535,571782,6928.06,-2168.04,-399.512
80,-1.46948e+06,-3.92102e+06,-5.52981e+06,-53.0357,-110.545,571801,6942.76,-2131.8,-333.501
90,-1.39999e+06,-3.94216e+06,-5.53281e+06,-53.0768,-109.552,571817,6956.68,-2095.33,-267.451
100,-1.33035e+06,-3.96293e+06,-5.53516e+06,-53.1088,-108.557,571829,6969.84,-2058.62,-201.369
110,-1.26059e+06,-3.98333e+06,-5.53684e+06,-53.1318,-107.561,571838,6982.22,-2021.7,-135.264
120,-1.19071e+06,-4.00336e+06,-5.53786e+06,-53.1458,-106.564,571843,6993.83,-1984.55,-69.142
130,-1.12072e+06,-4.02302e+06,-5.53822e+06,-53.1508,-105.567,571845,7004.66,-1947.18,-3.01224
140,-1.05062e+06,-4.0423e+06,-5.53792e+06,-53.1467,-104.569,571843,7014.72,-1909.59,63.1178
150,-980428,-4.06121e+06,-5.53696e+06,-53.1335,-103.572,571838,7024,-1871.8,129.24
160,-910145,-4.07974e+06,-5.53534e+06,-53.1113,-102.576,571829,7032.51,-1833.79,195.348
170,-839781,-4.09789e+06,-5.53305e+06,-53.0801,-101.581,571817,7040.23,-1795.58,261.432
180,-769343,-4.11565e+06,-5.53011e+06,-53.0398,-100.588,571802,7047.18,-1757.17,327.485
190,-698840,-4.13303e+06,-5.5265e+06,-52.9906,-99.5972,571783,7053.35,-1718.56,393.5
200,-628279,-4.15002e+06,-5.52224e+06,-52.9325,-98.6087,571760,7058.74,-1679.75,459.468
210,-557669,-4.16662e+06,-5.51731e+06,-52.8654,-97.6233,571734,7063.35,-1640.75,525.382
220,-487016,-4.18283e+06,-5.51173e+06,-52.7896,-96.6412,571705,7067.17,-1601.56,591.233
230,-416328,-4.19865e+06,-5.50549e+06,-52.7049,-95.6628,571672,7070.22,-1562.18,657.015
240,-345614,-4.21408e+06,-5.49859e+06,-52.6115,-94.6886,571636,7072.49,-1522.63,722.719
250,-274881,-4.2291e+06,-5.49104e+06,-52.5094,-93.7189,571596,7073.98,-1482.89,788.337
260,-204138,-4.24373e+06,-5.48282e+06,-52.3988,-92.754,571553,7074.68,-1442.98,853.863
270,-133391,-4.25796e+06,-5.47396e+06,-52.2796,-91.7943,571507,7074.61,-1402.9,919.287
280,-62648.3,-4.27179e+06,-5.46444e+06,-52.152,-90.8402,571457,7073.75,-1362.65,984.602
290,8081.5,-4.28522e+06,-5.45427e+06,-52.016,-89.8919,571404,7072.12,-1322.24,1049.8
300,78791.1,-4.29824e+06,-5.44344e+06,-51.8718,-88.9498,571348,7069.7,-1281.67,1114.88
310,149473,-4.31085e+06,-5.43197e+06,-51.7194,-88.0141,571288,7066.51,-1240.94,1179.82
320,220118,-4.32305e+06,-5.41985e+06,-51.5589,-87.0852,571226,7062.54,-1200.05,1244.62
330,290720,-4.33485e+06,-5.40708e+06,-51.3905,-86.1632,571159,7057.79,-1159.02,1309.28
340,361271,-4.34623e+06,-5.39366e+06,-51.2142,-85.2483,571090,7052.27,-1117.84,1373.78
350,431763,-4.35721e+06,-5.3796e+06,-51.0301,-84.3409,571018,7045.96,-1076.51,1438.12
360,502188,-4.36776e+06,-5.3649e+06,-50.8384,-83.4412,570942,7038.89,-1035.05,1502.29
370,572538,-4.37791e+06,-5.34956e+06,-50.6392,-82.5492,570863,7031.03,-993.458,1566.28
380,642805,-4.38763e+06,-5.33358e+06,-50.4325,-81.6652,570781,7022.41,-951.731,1630.08
390,712983,-4.39694e+06,-5.31696e+06,-50.2186,-80.7894,570696,7013.01,-909.876,1693.69
400,783063,-4.40583e+06,-5.2997e+06,-49.9975,-79.9219,570608,7002.84,-867.898,1757.11
410,853037,-4.4143e+06,-5.28182e+06,-49.7693,-79.0627,570518,6991.91,-825.799,1820.31
420,922898,-4.42234e+06,-5.2633e+06,-49.5342,-78.2121,570424,6980.2,-783.585,1883.3
430,992638,-4.42997e+06,-5.24415e+06,-49.2922,-77.3702,570327,6967.73,-741.259,1946.06
440,1.06225e+06,-4.43717e+06,-5.22438e+06,-49.0436,-76.5369,570227,6954.49,-698.824,2008.6
450,1.13172e+06,-4.44395e+06,-5.20398e+06,-48.7884,-75.7124,570125,6940.49,-656.284,2070.89
460,1.20106e+06,-4.4503e+06,-5.18296e+06,-48.5267,-74.8967,570019,6925.73,-613.644,2132.95
470,1.27024e+06,-4.45622e+06,-5.16132e+06,-48.2587,-74.0899,569911,6910.21,-570.908,2194.74
480,1.33926e+06,-4.46171e+06,-5.13907e+06,-47.9845,-73.292,569801,6893.93,-528.078,2256.28
490,1.40811e+06,-4.46678e+06,-5.1162e+06,-47.7043,-72.503,569687,6876.9,-485.159,2317.55
500,1.47679e+06,-4.47142e+06,-5.09272e+06,-47.418,-71.7229,569571,6859.11,-442.156,2378.55
510,1.54529e+06,-4.47562e+06,-5.06863e+06,-47.126,-70.9518,569452,6840.57,-399.071,2439.27
520,1.6136e+06,-4.4794e+06,-5.04393e+06,-46.8282,-70.1896,569331,6821.28,-355.91,2499.69
530,1.68171e+06,-4.48274e+06,-5.01863e+06,-46.5248,-69.4363,569207,6801.24,-312.675,2559.82
540,1.74962e+06,-4.48565e+06,-4.99274e+06,-46.2159,-68.6918,569081,6780.46,-269.371,2619.65
550,1.81732e+06,-4.48813e+06,-4.96624e+06,-45.9017,-67.9561,568953,6758.93,-226.003,2679.16
560,1.8848e+06,-4.49017e+06,-4.93915e+06,-45.5822,-67.2292,568822,6736.67,-182.573,2738.36
570,1.95205e+06,-4.49178e+06,-4.91148e+06,-45.2576,-66.511,568689,6713.67,-139.086,2797.24
580,2.01907e+06,-4.49295e+06,-4.88321e+06,-44.928,-65.8015,568554,6689.93,-95.5461,2855.78
590,2.08585e+06,-4.49369e+06,-4.85436e+06,-44.5935,-65.1006,568416,6665.47,-51.9573,2913.98
600,2.15238e+06,-4.49399e+06,-4.82493e+06,-44.2542,-64.4081,568277,6640.27,-8.32369,2971.84
610,2.21865e+06,-4.49386e+06,-4.79493e+06,-43.9102,-63.7241,568135,6614.35,35.3507,3029.34
620,2.28466e+06,-4.49328e+06,-4.76435e+06,-43.5616,-63.0484,567991,6587.71,79.0617,3086.49
630,2.3504e+06,-4.49227e+06,-4.7332e+06,-43.2086,-62.381,567845,6560.34,122.805,3143.27
640,2.41586e+06,-4.49083e+06,-4.70148e+06,-42.8512,-61.7217,567698,6532.26,166.577,3199.67
650,2.48104e+06,-4.48894e+06,-4.66921e+06,-42.4895,-61.0705,567549,6503.47,210.374,3255.7
660,2.54593e+06,-4.48662e+06,-4.63637e+06,-42.1236,-60.4273,567397,6473.97,254.19,3311.34
670,2.61052e+06,-4.48386e+06,-4.60298e+06,-41.7537,-59.7919,567244,6443.76,298.023,3366.58
680,2.6748e+06,-4.48066e+06,-4.56904e+06,-41.3798,-59.1642,567090,6412.85,341.868,3421.43
690,2.73877e+06,-4.47702e+06,-4.53455e+06,-41.0021,-58.5442,566934,6381.24,385.72,3475.87
700,2.80243e+06,-4.47295e+06,-4.49952e+06,-40.6205,-57.9317,566776,6348.94,429.576,3529.9
710,2.86575e+06,-4.46843e+06,-4.46396e+06,-40.2353,-57.3266,566617,6315.94,473.432,3583.5
720,2.92874e+06,-4.46348e+06,-4.42785e+06,-39.8464,-56.7288,566456,6282.25,517.282,3636.69
730,2.99139e+06,-4.45808e+06,-4.39122e+06,-39.4541,-56.1382,566294,6247.88,561.124,3689.44
740,3.0537e+06,-4.45225e+06,-4.35407e+06,-39.0583,-55.5547,566131,6212.83,604.953,3741.75
750,3.11565e+06,-4.44599e+06,-4.31639e+06,-38.6591,-54.9781,565967,6177.11,648.764,3793.61
760,3.17724e+06,-4.43928e+06,-4.2782e+06,-38.2567,-54.4083,565801,6140.71,692.554,3845.03
770,3.23846e+06,-4.43213e+06,-4.23949e+06,-37.8512,-53.8453,565634,6103.65,736.318,3895.99
780,3.29931e+06,-4.42455e+06,-4.20028e+06,-37.4425,-53.2888,565466,6065.92,780.052,3946.48
790,3.35978e+06,-4.41653e+06,-4.16056e+06,-37.0307,-52.7388,565298,6027.53,823.752,3996.51
800,3.41986e+06,-4.40808e+06,-4.12035e+06,-36.6161,-52.1951,565128,5988.49,867.413,4046.06
810,3.47954e+06,-4.39919e+06,-4.07964e+06,-36.1985,-51.6577,564958,5948.8,911.032,4095.13
820,3.53883e+06,-4.38986e+06,-4.03845e+06,-35.7782,-51.1264,564786,5908.46,954.604,4143.71
830,3.59771e+06,-4.38009e+06,-3.99677e+06,-35.355,-50.6011,564614,5867.48,998.125,4191.8
840,3.65618e+06,-4.3699e+06,-3.95462e+06,-34.9293,-50.0817,564442,5825.87,1041.59,4239.39
850,3.71422e+06,-4.35926e+06,-3.91199e+06,-34.5009,-49.568,564268,5783.62,1085,4286.47
860,3.77185e+06,-4.3482e+06,-3.86889e+06,-34.07,-49.06,564095,5740.74,1128.34,4333.04
870,3.82904e+06,-4.3367e+06,-3.82533e+06,-33.6366,-48.5575,563921,5697.25,1171.61,4379.1
880,3.88579e+06,-4.32476e+06,-3.78131e+06,-33.2008,-48.0604,563746,5653.14,1214.81,4424.64
890,3.9421e+06,-4.3124e+06,-3.73684e+06,-32.7627,-47.5686,563571,5608.41,1257.94,4469.65
900,3.99795e+06,-4.29961e+06,-3.69192e+06,-32.3222,-47.082,563396,5563.08,1300.98,4514.13
910,4.05336e+06,-4.28638e+06,-3.64655e+06,-31.8796,-46.6005,563221,5517.15,1343.94,4558.06
920,4.1083e+06,-4.27273e+06,-3.60076e+06,-31.4347,-46.124,563045,5470.62,1386.81,4601.46
930,4.16277e+06,-4.25864e+06,-3.55453e+06,-30.9878,-45.6523,562870,5423.5,1429.59,4644.31
940,4.21676e+06,-4.24414e+06,-3.50787e+06,-30.5388,-45.1854,562695,5375.8,1472.27,4686.6
950,4.27028e+06,-4.2292e+06,-3.4608e+06,-30.0877,-44.7231,562519,5327.51,1514.84,4728.34
960,4.32331e+06,-4.21384e+06,-3.41331e+06,-29.6348,-44.2653,562344,5278.66,1557.31,4769.51
970,4.37585e+06,-4.19805e+06,-3.36541e+06,-29.1799,-43.812,562169,5229.23,1599.67,4810.11
980,4.42789e+06,-4.18185e+06,-3.31711e+06,-28.7231,-43.3631,561995,5179.24,1641.92,4850.14
990,4.47943e+06,-4.16522e+06,-3.26841e+06,-28.2646,-42.9183,561820,5128.69,1684.04,4889.59
