0,3.92966e+06,-4.86378e+06,2.98438e+06,25.6521,-51.0637,554417,5115.7,992.797,-5100.6
5960,2.63923e+06,-6.15392e+06,1.7866e+06,15.0279,-66.787,553534,4499.27,256.269,-5734.51
5970,2.68407e+06,-6.15103e+06,1.72915e+06,14.534,-66.4254,553519,4467.93,323.15,-5755.63
5980,2.72859e+06,-6.14746e+06,1.67149e+06,14.0395,-66.0657,553506,4436.16,390.038,-5776.07
5990,2.77279e+06,-6.14322e+06,1.61363e+06,13.5442,-65.7076,553496,4403.95,456.926,-5795.81
10,3.98059e+06,-4.85359e+06,2.9332e+06,25.1819,-50.6437,554357,5069.99,1043.34,-5136.16
20,4.03106e+06,-4.84291e+06,2.88166e+06,24.7102,-50.2272,554299,5023.75,1093.84,-5171.1
30,4.08106e+06,-4.83172e+06,2.82978e+06,24.2371,-49.8142,554242,4976.98,1144.26,-5205.42
40,4.1306e+06,-4.82002e+06,2.77755e+06,23.7626,-49.4045,554187,4929.69,1194.63,-5239.12
50,4.17966e+06,-4.80783e+06,2.725e+06,23.2868,-48.9981,554133,4881.89,1244.91,-5272.19
60,4.22823e+06,-4.79513e+06,2.67211e+06,22.8097,-48.5949,554082,4833.58,1295.13,-5304.62
70,4.27633e+06,-4.78192e+06,2.61891e+06,22.3314,-48.1947,554032,4784.76,1345.25,-5336.42
80,4.32393e+06,-4.76822e+06,2.56539e+06,21.8518,-47.7976,553984,4735.44,1395.29,-5367.57
90,4.37103e+06,-4.75402e+06,2.51156e+06,21.371,-47.4033,553938,4685.64,1445.24,-5398.08
100,4.41764e+06,-4.73932e+06,2.45743e+06,20.8891,-47.0119,553894,4635.34,1495.08,-5427.95
110,4.46374e+06,-4.72412e+06,2.403e+06,20.4061,-46.6233,553852,4584.57,1544.82,-5457.16
120,4.50933e+06,-4.70842e+06,2.34829e+06,19.922,-46.2373,553812,4533.32,1594.46,-5485.71
130,4.5544e+06,-4.69223e+06,2.29329e+06,19.4369,-45.854,553774,4481.6,1643.97,-5513.6
140,4.59896e+06,-4.67554e+06,2.23802e+06,18.9507,-45.4731,553739,4429.42,1693.37,-5540.84
150,4.64299e+06,-4.65836e+06,2.18247e+06,18.4636,-45.0947,553705,4376.78,1742.64,-5567.4
160,4.68649e+06,-4.64069e+06,2.12667e+06,17.9755,-44.7186,553674,4323.69,1791.78,-5593.3
170,4.72946e+06,-4.62253e+06,2.07061e+06,17.4865,-44.3449,553645,4270.15,1840.79,-5618.52
180,4.77189e+06,-4.60387e+06,2.0143e+06,16.9966,-43.9733,553618,4216.18,1889.65,-5643.07
190,4.81378e+06,-4.58473e+06,1.95775e+06,16.5059,-43.6039,553593,4161.78,1938.37,-5666.95
200,4.85513e+06,-4.56511e+06,1.90097e+06,16.0143,-43.2366,553571,4106.95,1986.93,-5690.14
210,4.89592e+06,-4.545e+06,1.84395e+06,15.522,-42.8713,553551,4051.7,2035.34,-5712.64
220,4.93616e+06,-4.5244e+06,1.78672e+06,15.0288,-42.5078,553534,3996.04,2083.58,-5734.46
230,4.97584e+06,-4.50332e+06,1.72927e+06,14.535,-42.1463,553519,3939.97,2131.66,-5755.59
240,5.01496e+06,-4.48177e+06,1.67161e+06,14.0404,-41.7865,553506,3883.5,2179.57,-5776.03
250,5.05351e+06,-4.45973e+06,1.61375e+06,13.5452,-41.4285,553496,3826.64,2227.3,-5795.77
260,5.09149e+06,-4.43722e+06,1.55569e+06,13.0493,-41.0721,553489,3769.39,2274.84,-5814.82
270,5.1289e+06,-4.41424e+06,1.49745e+06,12.5528,-40.7173,553484,3711.76,2322.2,-5833.17
280,5.16572e+06,-4.39078e+06,1.43903e+06,12.0557,-40.364,553482,3653.76,2369.36,-5850.82
290,5.20197e+06,-4.36685e+06,1.38044e+06,11.5581,-40.0121,553482,3595.39,2416.33,-5867.76
300,5.23763e+06,-4.34245e+06,1.32168e+06,11.0598,-39.6617,553485,3536.66,2463.09,-5884
310,5.2727e+06,-4.31759e+06,1.26276e+06,10.5611,-39.3126,553491,3477.58,2509.65,-5899.53
320,5.30718e+06,-4.29226e+06,1.20369e+06,10.0619,-38.9647,553499,3418.15,2555.99,-5914.35
330,5.34107e+06,-4.26647e+06,1.14448e+06,9.5622,-38.618,553510,3358.38,2602.11,-5928.46
340,5.37435e+06,-4.24022e+06,1.08513e+06,9.06208,-38.2725,553523,3298.28,2648.01,-5941.86
350,5.40703e+06,-4.21351e+06,1.02564e+06,8.56154,-37.9281,553540,3237.86,2693.68,-5954.54
360,5.4391e+06,-4.18635e+06,966037,8.0606,-37.5846,553559,3177.11,2739.11,-5966.51
370,5.47057e+06,-4.15873e+06,906315,7.55931,-37.2421,553581,3116.05,2784.31,-5977.76
380,5.50142e+06,-4.13066e+06,846484,7.05767,-36.9005,553605,3054.69,2829.26,-5988.3
390,5.53166e+06,-4.10215e+06,786552,6.55571,-36.5597,553633,2993.03,2873.97,-5998.11
400,5.56128e+06,-4.07318e+06,726525,6.05346,-36.2197,553663,2931.07,2918.42,-6007.2
410,5.59028e+06,-4.04378e+06,666410,5.55094,-35.8804,553696,2868.84,2962.61,-6015.57
420,5.61866e+06,-4.01393e+06,606216,5.04818,-35.5418,553732,2806.32,3006.54,-6023.22
430,5.64641e+06,-3.98365e+06,545949,4.54519,-35.2037,553770,2743.54,3050.2,-6030.14
440,5.67353e+06,-3.95293e+06,485616,4.04201,-34.8662,553812,2680.5,3093.59,-6036.34
450,5.70002e+06,-3.92178e+06,425224,3.53865,-34.5291,553856,2617.2,3136.7,-6041.81
460,5.72587e+06,-3.8902e+06,364782,3.03513,-34.1925,553903,2553.65,3179.52,-6046.56
470,5.75109e+06,-3.85819e+06,304296,2.53149,-33.8562,553953,2489.86,3222.06,-6050.57
480,5.77567e+06,-3.82576e+06,243773,2.02774,-33.5202,554005,2425.84,3264.31,-6053.87
490,5.79961e+06,-3.7929e+06,183221,1.52392,-33.1844,554061,2361.59,3306.26,-6056.43
500,5.8229e+06,-3.75963e+06,122647,1.02003,-32.8488,554119,2297.12,3347.91,-6058.27
510,5.84555e+06,-3.72595e+06,62058.3,0.516099,-32.5134,554180,2232.44,3389.25,-6059.38
520,5.86755e+06,-3.69185e+06,1462.07,0.0121588,-32.178,554244,2167.56,3430.28,-6059.76
530,5.8889e+06,-3.65734e+06,-59134.3,-0.491772,-31.8426,554311,2102.48,3471,-6059.41
540,5.9096e+06,-3.62243e+06,-119724,-0.995672,-31.5072,554380,2037.21,3511.39,-6058.34
550,5.92964e+06,-3.58712e+06,-180299,-1.49952,-31.1717,554453,1971.75,3551.46,-6056.54
560,5.94903e+06,-3.5514e+06,-240852,-2.00328,-30.836,554528,1906.13,3591.2,-6054.01
570,5.96776e+06,-3.51529e+06,-301376,-2.50695,-30.5001,554605,1840.33,3630.61,-6050.75
580,5.98584e+06,-3.47879e+06,-361864,-3.01049,-30.1639,554686,1774.38,3669.68,-6046.77
590,6.00325e+06,-3.4419e+06,-422309,-3.51389,-29.8273,554769,1708.27,3708.41,-6042.06
600,6.02e+06,-3.40462e+06,-482703,-4.01711,-29.4904,554855,1642.02,3746.78,-6036.62
610,6.03609e+06,-3.36697e+06,-543039,-4.52015,-29.153,554944,1575.63,3784.81,-6030.46
620,6.05152e+06,-3.32893e+06,-603310,-5.02296,-28.8151,555035,1509.11,3822.48,-6023.58
630,6.06627e+06,-3.29052e+06,-663508,-5.52554,-28.4767,555129,1442.47,3859.8,-6015.97
640,6.08036e+06,-3.25174e+06,-723626,-6.02785,-28.1376,555226,1375.71,3896.74,-6007.64
650,6.09379e+06,-3.21258e+06,-783658,-6.52988,-27.7978,555325,1308.84,3933.32,-5998.59
660,6.10654e+06,-3.17307e+06,-843596,-7.0316,-27.4572,555427,1241.88,3969.53,-5988.82
670,6.11862e+06,-3.1332e+06,-903432,-7.53298,-27.1159,555531,1174.82,4005.36,-5978.33
680,6.13004e+06,-3.09296e+06,-963160,-8.034,-26.7736,555638,1107.68,4040.8,-5967.13
690,6.14078e+06,-3.05238e+06,-1.02277e+06,-8.53464,-26.4305,555747,1040.46,4075.87,-5955.2
700,6.15085e+06,-3.01145e+06,-1.08226e+06,-9.03488,-26.0863,555859,973.166,4110.54,-5942.57
710,6.16024e+06,-2.97017e+06,-1.14162e+06,-9.53468,-25.7411,555973,905.813,4144.82,-5929.22
720,6.16896e+06,-2.92855e+06,-1.20084e+06,-10.034,-25.3948,556090,838.404,4178.7,-5915.16
730,6.17701e+06,-2.8866e+06,-1.25992e+06,-10.5329,-25.0473,556209,770.948,4212.18,-5900.39
740,6.18438e+06,-2.84431e+06,-1.31885e+06,-11.0312,-24.6986,556330,703.452,4245.26,-5884.91
750,6.19108e+06,-2.8017e+06,-1.37762e+06,-11.5291,-24.3485,556454,635.924,4277.93,-5868.72
760,6.1971e+06,-2.75875e+06,-1.43622e+06,-12.0263,-23.9971,556580,568.37,4310.18,-5851.84
770,6.20245e+06,-2.71549e+06,-1.49465e+06,-12.523,-23.6443,556708,500.799,4342.02,-5834.25
780,6.20712e+06,-2.67192e+06,-1.5529e+06,-13.0191,-23.29,556839,433.218,4373.44,-5815.96
790,6.21111e+06,-2.62803e+06,-1.61097e+06,-13.5145,-22.934,556971,365.634,4404.43,-5796.97
800,6.21443e+06,-2.58383e+06,-1.66884e+06,-14.0093,-22.5765,557106,298.055,4435,-5777.29
810,6.21707e+06,-2.53933e+06,-1.72651e+06,-14.5033,-22.2173,557242,230.489,4465.13,-5756.92
820,6.21904e+06,-2.49453e+06,-1.78398e+06,-14.9967,-21.8563,557381,162.942,4494.83,-5735.86
830,6.22033e+06,-2.44943e+06,-1.84123e+06,-15.4893,-21.4935,557522,95.423,4524.09,-5714.11
840,6.22095e+06,-2.40405e+06,-1.89826e+06,-15.9811,-21.1287,557664,27.9385,4552.91,-5691.67
850,6.22089e+06,-2.35838e+06,-1.95506e+06,-16.4721,-20.762,557809,-39.5038,4581.28,-5668.56
860,6.22016e+06,-2.31242e+06,-2.01162e+06,-16.9623,-20.3933,557955,-106.896,4609.21,-5644.76
870,6.21875e+06,-2.26619e+06,-2.06795e+06,-17.4516,-20.0224,558103,-174.232,4636.68,-5620.29
880,6.21667e+06,-2.21969e+06,-2.12403e+06,-17.9401,-19.6493,558253,-241.503,4663.69,-5595.15
890,6.21392e+06,-2.17292e+06,-2.17985e+06,-18.4276,-19.274,558405,-308.703,4690.25,-5569.33
900,6.2105e+06,-2.12589e+06,-2.23541e+06,-18.9141,-18.8964,558558,-375.823,4716.35,-5542.85
910,6.20641e+06,-2.0786e+06,-2.29071e+06,-19.3996,-18.5163,558713,-442.857,4741.98,-5515.71
920,6.20164e+06,-2.03105e+06,-2.34572e+06,-19.8842,-18.1337,558869,-509.797,4767.14,-5487.91
930,6.19621e+06,-1.98326e+06,-2.40046e+06,-20.3676,-17.7486,559027,-576.636,4791.83,-5459.45
940,6.19011e+06,-1.93522e+06,-2.45491e+06,-20.85,-17.3608,559186,-643.366,4816.05,-5430.33
950,6.18334e+06,-1.88694e+06,-2.50907e+06,-21.3313,-16.9703,559347,-709.981,4839.79,-5400.57
960,6.17591e+06,-1.83842e+06,-2.56292e+06,-21.8114,-16.577,559508,-776.473,4863.05,-5370.16
970,6.16781e+06,-1.78968e+06,-2.61647e+06,-22.2903,-16.1808,559672,-842.834,4885.82,-5339.11
980,6.15905e+06,-1.74071e+06,-2.6697e+06,-22.7679,-15.7817,559836,-909.058,4908.11,-5307.42
990,6.14963e+06,-1.69152e+06,-2.72261e+06,-23.2444,-15.3794,560001,-975.138,4929.91,-5275.1
