5960,-3.79203e+06,3.34907e+06,-4.76258e+06,-43.4461,138.55,580165,4915.25,-2158.71,-5435.19
0,-5.78052e+06,1.46101e+06,-3.56652e+06,-31.0427,165.816,575114,4097.01,521.698,-6434.22
5970,-3.74267e+06,3.32725e+06,-4.81664e+06,-44.0615,138.363,580418,4956.55,-2205.32,-5378.22
5980,-3.6929e+06,3.30496e+06,-4.87014e+06,-44.6766,138.173,580671,4997.2,-2251.73,-5320.63
5990,-3.64273e+06,3.28221e+06,-4.92305e+06,-45.2915,137.98,580924,5037.18,-2297.93,-5262.4
10,-5.73921e+06,1.46611e+06,-3.63065e+06,-31.6625,165.67,575358,4165.87,498.362,-6391.35
20,-5.69721e+06,1.47097e+06,-3.69435e+06,-32.2822,165.523,575603,4234.21,474.869,-6347.73
30,-5.65453e+06,1.4756e+06,-3.7576e+06,-32.9016,165.374,575849,4302,451.223,-6303.35
40,-5.61117e+06,1.48e+06,-3.82041e+06,-33.5209,165.224,576096,4369.25,427.425,-6258.22
50,-5.56714e+06,1.48415e+06,-3.88277e+06,-34.14,165.073,576345,4435.93,403.481,-6212.35
60,-5.52245e+06,1.48807e+06,-3.94466e+06,-34.7589,164.919,576595,4502.06,379.394,-6165.74
70,-5.4771e+06,1.49174e+06,-4.00608e+06,-35.3776,164.765,576846,4567.61,355.168,-6118.41
80,-5.4311e+06,1.49517e+06,-4.06702e+06,-35.9962,164.608,577097,4632.58,330.806,-6070.35
90,-5.38445e+06,1.49835e+06,-4.12748e+06,-36.6145,164.449,577349,4696.96,306.311,-6021.57
100,-5.33716e+06,1.50129e+06,-4.18745e+06,-37.2326,164.289,577602,4760.74,281.689,-5972.08
110,-5.28924e+06,1.50399e+06,-4.24692e+06,-37.8505,164.127,577856,4823.92,256.943,-5921.88
120,-5.24069e+06,1.50643e+06,-4.30589e+06,-38.4681,163.963,578110,4886.49,232.076,-5870.98
130,-5.19151e+06,1.50863e+06,-4.36434e+06,-39.0856,163.796,578364,4948.44,207.092,-5819.39
140,-5.14172e+06,1.51057e+06,-4.42227e+06,-39.7028,163.628,578619,5009.77,181.995,-5767.11
150,-5.09132e+06,1.51227e+06,-4.47968e+06,-40.3198,163.457,578873,5070.46,156.789,-5714.15
160,-5.04031e+06,1.51371e+06,-4.53656e+06,-40.9365,163.284,579128,5130.5,131.479,-5660.51
170,-4.98871e+06,1.5149e+06,-4.59289e+06,-41.553,163.108,579383,5189.91,106.067,-5606.2
180,-4.93652e+06,1.51583e+06,-4.64868e+06,-42.1692,162.93,579638,5248.65,80.558,-5551.24
190,-4.88374e+06,1.51651e+06,-4.70391e+06,-42.7852,162.749,579892,5306.74,54.9558,-5495.61
200,-4.83039e+06,1.51693e+06,-4.75859e+06,-43.4009,162.566,580146,5364.15,29.2645,-5439.34
210,-4.77646e+06,1.51709e+06,-4.8127e+06,-44.0164,162.379,580400,5420.89,3.488,-5382.42
220,-4.72197e+06,1.517e+06,-4.86623e+06,-44.6315,162.19,580653,5476.95,-22.3697,-5324.87
230,-4.66692e+06,1.51665e+06,-4.91919e+06,-45.2464,161.997,580905,5532.31,-48.3044,-5266.69
240,-4.61133e+06,1.51603e+06,-4.97157e+06,-45.861,161.801,581157,5586.99,-74.3122,-5207.89
250,-4.55519e+06,1.51516e+06,-5.02335e+06,-46.4752,161.602,581408,5640.96,-100.389,-5148.47
260,-4.49851e+06,1.51403e+06,-5.07453e+06,-47.0892,161.399,581658,5694.22,-126.531,-5088.45
270,-4.4413e+06,1.51263e+06,-5.12512e+06,-47.7028,161.192,581907,5746.76,-152.733,-5027.83
280,-4.38358e+06,1.51097e+06,-5.17509e+06,-48.3161,160.981,582155,5798.59,-178.992,-4966.62
290,-4.32533e+06,1.50905e+06,-5.22445e+06,-48.929,160.767,582401,5849.69,-205.303,-4904.82
300,-4.26658e+06,1.50686e+06,-5.27318e+06,-49.5416,160.548,582647,5900.06,-231.663,-4842.44
310,-4.20733e+06,1.50442e+06,-5.32129e+06,-50.1538,160.324,582891,5949.69,-258.067,-4779.49
320,-4.14759e+06,1.5017e+06,-5.36877e+06,-50.7657,160.096,583133,5998.57,-284.511,-4715.98
330,-4.08737e+06,1.49873e+06,-5.41561e+06,-51.3771,159.863,583374,6046.7,-310.991,-4651.91
340,-4.02666e+06,1.49548e+06,-5.46181e+06,-51.9882,159.625,583613,6094.08,-337.502,-4587.3
350,-3.96549e+06,1.49198e+06,-5.50736e+06,-52.5988,159.382,583850,6140.7,-364.04,-4522.14
360,-3.90385e+06,1.4882e+06,-5.55225e+06,-53.2089,159.132,584085,6186.55,-390.602,-4456.46
370,-3.84176e+06,1.48416e+06,-5.59648e+06,-53.8186,158.877,584318,6231.63,-417.183,-4390.25
380,-3.77922e+06,1.47986e+06,-5.64005e+06,-54.4278,158.616,584550,6275.93,-443.778,-4323.52
390,-3.71624e+06,1.47529e+06,-5.68295e+06,-55.0366,158.348,584779,6319.45,-470.383,-4256.29
400,-3.65283e+06,1.47045e+06,-5.72518e+06,-55.6448,158.073,585006,6362.18,-496.995,-4188.55
410,-3.589e+06,1.46535e+06,-5.76672e+06,-56.2525,157.79,585230,6404.12,-523.609,-4120.32
420,-3.52475e+06,1.45998e+06,-5.80758e+06,-56.8596,157.5,585452,6445.26,-550.22,-4051.61
430,-3.4601e+06,1.45434e+06,-5.84775e+06,-57.4661,157.202,585671,6485.61,-576.825,-3982.42
440,-3.39504e+06,1.44844e+06,-5.88723e+06,-58.072,156.895,585888,6525.14,-603.418,-3912.77
450,-3.3296e+06,1.44227e+06,-5.92601e+06,-58.6772,156.579,586102,6563.87,-629.996,-3842.65
460,-3.26377e+06,1.43584e+06,-5.96408e+06,-59.2818,156.254,586314,6601.78,-656.555,-3772.08
470,-3.19756e+06,1.42914e+06,-6.00145e+06,-59.8856,155.918,586522,6638.87,-683.09,-3701.07
480,-3.13099e+06,1.42218e+06,-6.0381e+06,-60.4887,155.571,586727,6675.13,-709.597,-3629.63
490,-3.06406e+06,1.41495e+06,-6.07404e+06,-61.091,155.213,586930,6710.57,-736.071,-3557.76
500,-2.99678e+06,1.40746e+06,-6.10926e+06,-61.6924,154.843,587129,6745.18,-762.509,-3485.47
510,-2.92916e+06,1.3997e+06,-6.14375e+06,-62.293,154.459,587325,6778.95,-788.905,-3412.78
520,-2.86121e+06,1.39168e+06,-6.17751e+06,-62.8926,154.062,587518,6811.89,-815.256,-3339.68
530,-2.79293e+06,1.3834e+06,-6.21054e+06,-63.4912,153.65,587707,6843.98,-841.558,-3266.19
540,-2.72433e+06,1.37485e+06,-6.24283e+06,-64.0887,153.222,587893,6875.22,-867.806,-3192.32
550,-2.65543e+06,1.36604e+06,-6.27439e+06,-64.6851,152.777,588076,6905.62,-893.995,-3118.08
560,-2.58622e+06,1.35697e+06,-6.30519e+06,-65.2803,152.314,588254,6935.16,-920.122,-3043.46
570,-2.51673e+06,1.34764e+06,-6.33525e+06,-65.8742,151.832,588430,6963.84,-946.182,-2968.5
580,-2.44695e+06,1.33805e+06,-6.36456e+06,-66.4667,151.329,588601,6991.67,-972.171,-2893.18
590,-2.37689e+06,1.3282e+06,-6.39312e+06,-67.0577,150.804,588769,7018.63,-998.084,-2817.53
600,-2.30658e+06,1.31809e+06,-6.42091e+06,-67.6471,150.254,588932,7044.73,-1023.92,-2741.54
610,-2.236e+06,1.30772e+06,-6.44795e+06,-68.2348,149.679,589092,7069.96,-1049.67,-2665.24
620,-2.16518e+06,1.29709e+06,-6.47422e+06,-68.8206,149.075,589248,7094.31,-1075.33,-2588.62
630,-2.09412e+06,1.28621e+06,-6.49972e+06,-69.4044,148.442,589400,7117.8,-1100.9,-2511.7
640,-2.02283e+06,1.27507e+06,-6.52445e+06,-69.9861,147.775,589547,7140.4,-1126.37,-2434.48
650,-1.95131e+06,1.26368e+06,-6.54841e+06,-70.5653,147.073,589691,7162.13,-1151.74,-2356.98
660,-1.87959e+06,1.25204e+06,-6.57159e+06,-71.142,146.331,589830,7182.98,-1177.01,-2279.21
670,-1.80766e+06,1.24014e+06,-6.59399e+06,-71.7159,145.548,589965,7202.94,-1202.17,-2201.17
680,-1.73553e+06,1.228e+06,-6.61561e+06,-72.2867,144.718,590095,7222.02,-1227.21,-2122.87
690,-1.66322e+06,1.2156e+06,-6.63645e+06,-72.854,143.838,590221,7240.21,-1252.13,-2044.32
700,-1.59073e+06,1.20295e+06,-6.6565e+06,-73.4177,142.902,590343,7257.51,-1276.94,-1965.53
710,-1.51807e+06,1.19006e+06,-6.67576e+06,-73.9772,141.906,590460,7273.93,-1301.61,-1886.51
720,-1.44525e+06,1.17692e+06,-6.69423e+06,-74.5322,140.843,590572,7289.44,-1326.16,-1807.27
730,-1.37228e+06,1.16354e+06,-6.7119e+06,-75.0822,139.706,590680,7304.07,-1350.57,-1727.82
740,-1.29917e+06,1.14991e+06,-6.72878e+06,-75.6265,138.488,590784,7317.8,-1374.85,-1648.17
750,-1.22593e+06,1.13604e+06,-6.74487e+06,-76.1645,137.179,590882,7330.63,-1398.98,-1568.33
760,-1.15256e+06,1.12193e+06,-6.76015e+06,-76.6954,135.772,590976,7342.57,-1422.96,-1488.3
770,-1.07908e+06,1.10758e+06,-6.77463e+06,-77.2185,134.253,591065,7353.6,-1446.79,-1408.1
780,-1.00549e+06,1.093e+06,-6.78831e+06,-77.7326,132.612,591150,7363.74,-1470.47,-1327.73
790,-931810,1.07817e+06,-6.80119e+06,-78.2366,130.835,591229,7372.97,-1493.99,-1247.21
800,-858038,1.06312e+06,-6.81326e+06,-78.7292,128.907,591304,7381.3,-1517.34,-1166.55
810,-784187,1.04783e+06,-6.82452e+06,-79.2088,126.811,591373,7388.73,-1540.53,-1085.74
820,-710266,1.03231e+06,-6.83497e+06,-79.6736,124.529,591438,7395.26,-1563.55,-1004.81
830,-636284,1.01656e+06,-6.84461e+06,-80.1216,122.043,591498,7400.88,-1586.39,-923.764
840,-562251,1.00058e+06,-6.85344e+06,-80.5502,119.333,591553,7405.6,-1609.05,-842.608
850,-488175,984377,-6.86146e+06,-80.9569,116.378,591603,7409.42,-1631.53,-761.354
860,-414065,967950,-6.86867e+06,-81.3384,113.16,591647,7412.33,-1653.82,-680.011
870,-339931,951302,-6.87506e+06,-81.6914,109.663,591687,7414.33,-1675.92,-598.588
880,-265781,934433,-6.88064e+06,-82.012,105.877,591722,7415.44,-1697.83,-517.096
890,-191624,917346,-6.88541e+06,-82.2962,101.799,591752,7415.64,-1719.53,-435.543
900,-117471,900043,-6.88935e+06,-82.54,97.436,591776,7414.93,-1741.03,-353.939
910,-43328.3,882525,-6.89249e+06,-82.739,92.8107,591796,7413.32,-1762.33,-272.294
920,30793.3,864796,-6.8948e+06,-82.8898,87.9607,591810,7410.81,-1783.42,-190.617
930,104885,846858,-6.8963e+06,-82.989,82.9397,591819,7407.39,-1804.29,-108.917
940,178939,828711,-6.89698e+06,-83.0346,77.8155,591824,7403.08,-1824.95,-27.2055
950,252944,810359,-6.89684e+06,-83.0254,72.6649,591823,7397.86,-1845.38,54.5097
960,326893,791804,-6.89589e+06,-82.9618,67.5669,591817,7391.75,-1865.59,136.218
970,400777,773048,-6.89412e+06,-82.845,62.5961,591806,7384.73,-1885.56,217.911
980,474585,754094,-6.89153e+06,-82.6778,57.8159,591789,7376.82,-1905.31,299.579
990,548310,734943,-6.88813e+06,-82.4633,53.2749,591768,7368.01,-1924.82,381.211
