0,5.84229e+06,3.38908e+06,-1.56873e+06,-13.154,30.1177,556875,-3265.97,2950.71,-5810.86
5960,6.15594e+06,1.55412e+06,-2.78956e+06,-23.8495,14.1687,560214,-3331.59,3820.2,-5232.99
5970,6.12228e+06,1.59225e+06,-2.84172e+06,-24.3229,14.5782,560381,-3399.09,3806.38,-5199.24
5980,6.08796e+06,1.63025e+06,-2.89355e+06,-24.7949,14.9911,560550,-3466.21,3792.21,-5164.87
5990,6.05296e+06,1.66809e+06,-2.94502e+06,-25.2655,15.4073,560720,-3532.92,3777.69,-5129.88
10,5.80931e+06,3.4184e+06,-1.62674e+06,-13.6493,30.4741,557008,-3331.11,2914.97,-5791.68
20,5.77567e+06,3.44737e+06,-1.68456e+06,-14.1439,30.8321,557143,-3395.9,2878.97,-5771.81
30,5.74139e+06,3.47598e+06,-1.74218e+06,-14.6377,31.1918,557280,-3460.34,2842.73,-5751.25
40,5.70646e+06,3.50423e+06,-1.79958e+06,-15.1309,31.5533,557419,-3524.41,2806.24,-5730
50,5.6709e+06,3.53211e+06,-1.85678e+06,-15.6233,31.9166,557560,-3588.12,2769.51,-5708.06
60,5.6347e+06,3.55962e+06,-1.91374e+06,-16.1149,32.2819,557704,-3651.44,2732.55,-5685.44
70,5.59787e+06,3.58676e+06,-1.97048e+06,-16.6057,32.6491,557849,-3714.38,2695.36,-5662.14
80,5.56042e+06,3.61352e+06,-2.02698e+06,-17.0956,33.0184,557995,-3776.94,2657.94,-5638.16
90,5.52234e+06,3.63991e+06,-2.08324e+06,-17.5847,33.3899,558144,-3839.09,2620.3,-5613.51
100,5.48364e+06,3.66593e+06,-2.13925e+06,-18.0729,33.7636,558294,-3900.83,2582.44,-5588.18
110,5.44432e+06,3.69156e+06,-2.195e+06,-18.5601,34.1395,558446,-3962.17,2544.36,-5562.19
120,5.4044e+06,3.71682e+06,-2.25049e+06,-19.0464,34.5178,558600,-4023.08,2506.07,-5535.53
130,5.36386e+06,3.74168e+06,-2.30571e+06,-19.5317,34.8986,558755,-4083.57,2467.58,-5508.2
140,5.32273e+06,3.76617e+06,-2.36065e+06,-20.0159,35.2818,558912,-4143.62,2428.88,-5480.22
150,5.28099e+06,3.79026e+06,-2.41531e+06,-20.4991,35.6677,559070,-4203.23,2389.98,-5451.58
160,5.23866e+06,3.81396e+06,-2.46968e+06,-20.9811,36.0562,559230,-4262.4,2350.88,-5422.29
170,5.19575e+06,3.83728e+06,-2.52376e+06,-21.4621,36.4474,559390,-4321.11,2311.6,-5392.35
180,5.15224e+06,3.8602e+06,-2.57753e+06,-21.9419,36.8415,559553,-4379.36,2272.13,-5361.77
190,5.10816e+06,3.88272e+06,-2.63099e+06,-22.4204,37.2385,559716,-4437.15,2232.47,-5330.54
200,5.0635e+06,3.90484e+06,-2.68414e+06,-22.8978,37.6385,559881,-4494.46,2192.63,-5298.68
210,5.01827e+06,3.92657e+06,-2.73696e+06,-23.3738,38.0416,560047,-4551.29,2152.62,-5266.18
220,4.97248e+06,3.9479e+06,-2.78946e+06,-23.8486,38.4478,560213,-4607.64,2112.44,-5233.06
230,4.92612e+06,3.96882e+06,-2.84162e+06,-24.322,38.8573,560381,-4663.49,2072.09,-5199.31
240,4.87921e+06,3.98934e+06,-2.89344e+06,-24.794,39.2701,560550,-4718.84,2031.58,-5164.94
250,4.83175e+06,4.00945e+06,-2.94492e+06,-25.2645,39.6864,560720,-4773.68,1990.91,-5129.95
260,4.78374e+06,4.02916e+06,-2.99604e+06,-25.7336,40.1061,560890,-4828.02,1950.09,-5094.35
270,4.73519e+06,4.04845e+06,-3.0468e+06,-26.2012,40.5295,561061,-4881.83,1909.11,-5058.14
280,4.6861e+06,4.06734e+06,-3.0972e+06,-26.6672,40.9566,561233,-4935.13,1867.99,-5021.32
290,4.63649e+06,4.08581e+06,-3.14723e+06,-27.1317,41.3875,561406,-4987.89,1826.73,-4983.91
300,4.58635e+06,4.10387e+06,-3.19688e+06,-27.5944,41.8222,561579,-5040.11,1785.33,-4945.9
310,4.53569e+06,4.12152e+06,-3.24614e+06,-28.0555,42.261,561752,-5091.79,1743.79,-4907.3
320,4.48451e+06,4.13875e+06,-3.29502e+06,-28.5149,42.7038,561926,-5142.93,1702.13,-4868.12
330,4.43283e+06,4.15556e+06,-3.3435e+06,-28.9724,43.1509,562101,-5193.51,1660.34,-4828.35
340,4.38065e+06,4.17195e+06,-3.39158e+06,-29.4282,43.6022,562276,-5243.53,1618.43,-4788.01
350,4.32796e+06,4.18793e+06,-3.43926e+06,-29.882,44.0579,562451,-5292.98,1576.4,-4747.1
360,4.27479e+06,4.20348e+06,-3.48652e+06,-30.3339,44.5181,562626,-5341.87,1534.26,-4705.62
370,4.22113e+06,4.21861e+06,-3.53337e+06,-30.7839,44.9829,562801,-5390.18,1492.01,-4663.58
380,4.16699e+06,4.23332e+06,-3.57979e+06,-31.2318,45.4524,562976,-5437.9,1449.66,-4620.98
390,4.11237e+06,4.2476e+06,-3.62579e+06,-31.6776,45.9267,563152,-5485.04,1407.21,-4577.83
400,4.05729e+06,4.26146e+06,-3.67135e+06,-32.1212,46.406,563327,-5531.58,1364.66,-4534.14
410,4.00174e+06,4.2749e+06,-3.71647e+06,-32.5627,46.8903,563502,-5577.53,1322.02,-4489.91
420,3.94574e+06,4.2879e+06,-3.76115e+06,-33.0019,47.3797,563677,-5622.87,1279.29,-4445.14
430,3.88929e+06,4.30048e+06,-3.80537e+06,-33.4387,47.8743,563851,-5667.6,1236.47,-4399.84
440,3.83239e+06,4.31263e+06,-3.84914e+06,-33.8732,48.3743,564026,-5711.72,1193.58,-4354.02
450,3.77506e+06,4.32435e+06,-3.89245e+06,-34.3052,48.8798,564199,-5755.22,1150.62,-4307.68
460,3.71729e+06,4.33564e+06,-3.93529e+06,-34.7348,49.3909,564373,-5798.1,1107.58,-4260.83
470,3.6591e+06,4.34651e+06,-3.97766e+06,-35.1617,49.9077,564546,-5840.35,1064.48,-4213.47
480,3.60048e+06,4.35693e+06,-4.01956e+06,-35.5861,50.4303,564718,-5881.96,1021.31,-4165.61
490,3.54146e+06,4.36693e+06,-4.06097e+06,-36.0077,50.9589,564889,-5922.94,978.087,-4117.25
500,3.48203e+06,4.3765e+06,-4.1019e+06,-36.4265,51.4935,565060,-5963.27,934.809,-4068.4
510,3.4222e+06,4.38563e+06,-4.14234e+06,-36.8425,52.0343,565230,-6002.95,891.481,-4019.07
520,3.36197e+06,4.39433e+06,-4.18228e+06,-37.2556,52.5814,565399,-6041.98,848.108,-3969.26
530,3.30136e+06,4.40259e+06,-4.22172e+06,-37.6657,53.135,565567,-6080.36,804.693,-3918.98
540,3.24037e+06,4.41042e+06,-4.26066e+06,-38.0727,53.695,565734,-6118.07,761.242,-3868.23
550,3.179e+06,4.41781e+06,-4.29909e+06,-38.4765,54.2617,565900,-6155.12,717.757,-3817.02
560,3.11727e+06,4.42477e+06,-4.337e+06,-38.8771,54.8352,566065,-6191.5,674.244,-3765.36
570,3.05517e+06,4.4313e+06,-4.37439e+06,-39.2745,55.4156,566229,-6227.21,630.705,-3713.25
580,2.99272e+06,4.43739e+06,-4.41126e+06,-39.6684,56.0029,566391,-6262.23,587.147,-3660.7
590,2.92993e+06,4.44304e+06,-4.44761e+06,-40.0588,56.5974,566552,-6296.58,543.572,-3607.71
600,2.8668e+06,4.44826e+06,-4.48342e+06,-40.4457,57.1992,566712,-6330.24,499.985,-3554.3
610,2.80333e+06,4.45304e+06,-4.51869e+06,-40.829,57.8083,566870,-6363.21,456.39,-3500.46
620,2.73953e+06,4.45739e+06,-4.55342e+06,-41.2085,58.4249,567027,-6395.48,412.791,-3446.21
630,2.67542e+06,4.4613e+06,-4.58761e+06,-41.5841,59.0491,567182,-6427.06,369.193,-3391.54
640,2.611e+06,4.46477e+06,-4.62125e+06,-41.9558,59.6809,567336,-6457.94,325.599,-3336.48
650,2.54627e+06,4.46781e+06,-4.65434e+06,-42.3235,60.3206,567488,-6488.11,282.014,-3281.02
660,2.48124e+06,4.47041e+06,-4.68687e+06,-42.6871,60.9682,567638,-6517.57,238.441,-3225.17
670,2.41592e+06,4.47258e+06,-4.71884e+06,-43.0465,61.6238,567786,-6546.32,194.885,-3168.93
680,2.35031e+06,4.47431e+06,-4.75025e+06,-43.4015,62.2875,567932,-6574.36,151.35,-3112.32
690,2.28443e+06,4.4756e+06,-4.78109e+06,-43.7522,62.9594,568077,-6601.68,107.84,-3055.34
700,2.21828e+06,4.47647e+06,-4.81136e+06,-44.0982,63.6396,568219,-6628.28,64.3586,-2998
710,2.15187e+06,4.47689e+06,-4.84105e+06,-44.4397,64.3282,568360,-6654.15,20.9107,-2940.3
720,2.0852e+06,4.47688e+06,-4.87016e+06,-44.7764,65.0253,568498,-6679.29,-22.5,-2882.26
730,2.01829e+06,4.47644e+06,-4.89869e+06,-45.1083,65.7309,568634,-6703.71,-65.8694,-2823.87
740,1.95113e+06,4.47557e+06,-4.92664e+06,-45.4352,66.4451,568768,-6727.39,-109.194,-2765.15
750,1.88374e+06,4.47426e+06,-4.95399e+06,-45.757,67.1681,568900,-6750.33,-152.468,-2706.1
760,1.81613e+06,4.47252e+06,-4.98076e+06,-46.0736,67.8997,569029,-6772.54,-195.69,-2646.72
770,1.74829e+06,4.47034e+06,-5.00693e+06,-46.3849,68.6402,569156,-6794,-238.854,-2587.04
780,1.68025e+06,4.46774e+06,-5.0325e+06,-46.6908,69.3895,569281,-6814.72,-281.957,-2527.05
790,1.612e+06,4.46471e+06,-5.05747e+06,-46.9911,70.1477,569403,-6834.7,-324.995,-2466.75
800,1.54356e+06,4.46124e+06,-5.08183e+06,-47.2858,70.9147,569523,-6853.92,-367.963,-2406.17
810,1.47493e+06,4.45735e+06,-5.10559e+06,-47.5747,71.6907,569640,-6872.39,-410.858,-2345.3
820,1.40611e+06,4.45302e+06,-5.12874e+06,-47.8577,72.4757,569754,-6890.11,-453.676,-2284.15
830,1.33713e+06,4.44827e+06,-5.15127e+06,-48.1347,73.2695,569866,-6907.08,-496.413,-2222.74
840,1.26797e+06,4.4431e+06,-5.17319e+06,-48.4055,74.0723,569975,-6923.29,-539.065,-2161.05
850,1.19866e+06,4.43749e+06,-5.19449e+06,-48.6701,74.8839,570082,-6938.73,-581.627,-2099.12
860,1.1292e+06,4.43146e+06,-5.21517e+06,-48.9282,75.7044,570186,-6953.42,-624.097,-2036.93
870,1.0596e+06,4.42501e+06,-5.23523e+06,-49.1798,76.5337,570286,-6967.34,-666.471,-1974.5
880,989859,4.41813e+06,-5.25466e+06,-49.4248,77.3717,570384,-6980.5,-708.744,-1911.84
890,919992,4.41084e+06,-5.27346e+06,-49.6631,78.2184,570479,-6992.89,-750.912,-1848.95
900,850004,4.40312e+06,-5.29164e+06,-49.8944,79.0737,570572,-7004.51,-792.973,-1785.85
910,779904,4.39498e+06,-5.30918e+06,-50.1188,79.9374,570661,-7015.36,-834.921,-1722.53
920,709700,4.38642e+06,-5.32609e+06,-50.336,80.8095,570747,-7025.44,-876.753,-1659.01
930,639398,4.37744e+06,-5.34236e+06,-50.546,81.6898,570830,-7034.75,-918.466,-1595.29
940,569008,4.36805e+06,-5.35799e+06,-50.7486,82.5781,570910,-7043.29,-960.056,-1531.38
950,498536,4.35824e+06,-5.37299e+06,-50.9437,83.4743,570987,-7051.05,-1001.52,-1467.3
960,427990,4.34802e+06,-5.38734e+06,-51.1313,84.3783,571061,-7058.03,-1042.85,-1403.03
970,357378,4.33739e+06,-5.40105e+06,-51.3111,85.2898,571131,-7064.24,-1084.05,-1338.61
980,286708,4.32634e+06,-5.41411e+06,-51.4831,86.2085,571199,-7069.67,-1125.11,-1274.02
990,215987,4.31488e+06,-5.42653e+06,-51.6472,87.1344,571263,-7074.32,-1166.02,-1209.28
