0,6.69898e+06,-1.78369e+06,-9544.49,-0.0793735,-14.9098,554256,1042.29,3921.57,-6059.75
5960,5.78934e+06,-3.57655e+06,-1.32965e+06,-11.1227,-31.707,556353,1209.24,4133.85,-5881.99
5970,5.80112e+06,-3.53501e+06,-1.38839e+06,-11.6204,-31.3567,556477,1146.24,4174.51,-5865.68
5980,5.81227e+06,-3.49306e+06,-1.44696e+06,-12.1176,-31.005,556603,1083.16,4214.76,-5848.66
5990,5.82278e+06,-3.45071e+06,-1.50536e+06,-12.6141,-30.6519,556732,1020.01,4254.6,-5830.94
10,6.70904e+06,-1.74438e+06,-70140.1,-0.583301,-14.5744,554323,968.059,3941.14,-6059.27
20,6.71835e+06,-1.70487e+06,-130727,-1.08719,-14.239,554393,893.745,3960.35,-6058.07
30,6.72691e+06,-1.66517e+06,-191299,-1.59102,-13.9035,554466,819.355,3979.2,-6056.13
40,6.73473e+06,-1.62529e+06,-251847,-2.09477,-13.5677,554542,744.897,3997.68,-6053.47
50,6.74181e+06,-1.58522e+06,-312366,-2.59842,-13.2318,554620,670.38,4015.79,-6050.08
60,6.74814e+06,-1.54497e+06,-372846,-3.10194,-12.8955,554701,595.811,4033.54,-6045.97
70,6.75373e+06,-1.50455e+06,-433282,-3.6053,-12.5589,554785,521.199,4050.9,-6041.12
80,6.75856e+06,-1.46396e+06,-493666,-4.1085,-12.2219,554871,446.553,4067.9,-6035.56
90,6.76266e+06,-1.42319e+06,-553991,-4.61149,-11.8844,554960,371.881,4084.52,-6029.27
100,6.766e+06,-1.38227e+06,-614249,-5.11427,-11.5464,555052,297.192,4100.75,-6022.25
110,6.7686e+06,-1.34118e+06,-674433,-5.6168,-11.2078,555146,222.494,4116.61,-6014.51
120,6.77045e+06,-1.29994e+06,-734537,-6.11906,-10.8686,555244,147.795,4132.09,-6006.05
130,6.77156e+06,-1.25854e+06,-794552,-6.62103,-10.5287,555343,73.1033,4147.18,-5996.87
140,6.77191e+06,-1.21699e+06,-854472,-7.12269,-10.188,555445,-1.57183,4161.88,-5986.97
150,6.77152e+06,-1.1753e+06,-914289,-7.62401,-9.84648,555550,-76.2224,4176.2,-5976.35
160,6.77039e+06,-1.13347e+06,-973996,-8.12496,-9.50409,555658,-150.84,4190.13,-5965.01
170,6.76851e+06,-1.0915e+06,-1.03359e+06,-8.62553,-9.16076,555767,-225.416,4203.66,-5952.96
180,6.76588e+06,-1.0494e+06,-1.09305e+06,-9.12569,-8.81643,555880,-299.943,4216.81,-5940.19
190,6.76251e+06,-1.00717e+06,-1.15239e+06,-9.62541,-8.47103,555994,-374.411,4229.56,-5926.72
200,6.75839e+06,-964810,-1.21158e+06,-10.1247,-8.1245,556111,-448.813,4241.91,-5912.53
210,6.75353e+06,-922331,-1.27064e+06,-10.6234,-7.77678,556231,-523.141,4253.86,-5897.63
220,6.74793e+06,-879735,-1.32953e+06,-11.1217,-7.42782,556353,-597.385,4265.42,-5882.02
230,6.74159e+06,-837025,-1.38827e+06,-11.6194,-7.07753,556477,-671.537,4276.57,-5865.71
240,6.7345e+06,-794205,-1.44685e+06,-12.1166,-6.72587,556603,-745.59,4287.33,-5848.69
250,6.72668e+06,-751279,-1.50525e+06,-12.6132,-6.37276,556732,-819.535,4297.68,-5830.98
260,6.71811e+06,-708253,-1.56346e+06,-13.1091,-6.01814,556863,-893.364,4307.62,-5812.56
270,6.70881e+06,-665129,-1.62149e+06,-13.6044,-5.66195,556995,-967.068,4317.16,-5793.45
280,6.69877e+06,-621911,-1.67933e+06,-14.0991,-5.30411,557130,-1040.64,4326.29,-5773.64
290,6.688e+06,-578604,-1.73696e+06,-14.593,-4.94457,557268,-1114.07,4335.01,-5753.14
300,6.67649e+06,-535212,-1.79439e+06,-15.0862,-4.58324,557407,-1187.35,4343.33,-5731.96
310,6.66425e+06,-491739,-1.8516e+06,-15.5787,-4.22007,557548,-1260.48,4351.23,-5710.08
320,6.65128e+06,-448189,-1.90859e+06,-16.0704,-3.85499,557691,-1333.43,4358.72,-5687.52
330,6.63758e+06,-404566,-1.96535e+06,-16.5612,-3.48791,557835,-1406.22,4365.8,-5664.28
340,6.62316e+06,-360875,-2.02187e+06,-17.0513,-3.11878,557982,-1478.82,4372.46,-5640.37
350,6.60801e+06,-317119,-2.07815e+06,-17.5404,-2.74752,558130,-1551.24,4378.71,-5615.77
360,6.59213e+06,-273302,-2.13419e+06,-18.0287,-2.37406,558281,-1623.45,4384.54,-5590.51
370,6.57554e+06,-229430,-2.18996e+06,-18.516,-1.99832,558432,-1695.46,4389.95,-5564.57
380,6.55822e+06,-185505,-2.24547e+06,-19.0024,-1.62023,558586,-1767.26,4394.95,-5537.97
390,6.54019e+06,-141532,-2.30072e+06,-19.4877,-1.23971,558741,-1838.84,4399.52,-5510.71
400,6.52145e+06,-97516.1,-2.35569e+06,-19.9721,-0.856688,558898,-1910.18,4403.68,-5482.78
410,6.50199e+06,-53460.4,-2.41037e+06,-20.4553,-0.471084,559056,-1981.29,4407.42,-5454.2
420,6.48182e+06,-9369.35,-2.46477e+06,-20.9375,-0.0828199,559215,-2052.15,4410.73,-5424.97
430,6.46095e+06,34752.7,-2.51887e+06,-21.4186,0.308184,559376,-2122.76,4413.63,-5395.09
440,6.43937e+06,78901.5,-2.57267e+06,-21.8984,0.70201,559538,-2193.11,4416.1,-5364.57
450,6.41709e+06,123073,-2.62616e+06,-22.3771,1.09874,559701,-2263.19,4418.14,-5333.4
460,6.39411e+06,167263,-2.67933e+06,-22.8546,1.49845,559866,-2332.99,4419.77,-5301.59
470,6.37043e+06,211467,-2.73219e+06,-23.3307,1.90124,560031,-2402.51,4420.97,-5269.16
480,6.34606e+06,255681,-2.78471e+06,-23.8056,2.30718,560198,-2471.74,4421.74,-5236.09
490,6.321e+06,299900,-2.83691e+06,-24.2791,2.71636,560366,-2540.67,4422.09,-5202.39
500,6.29525e+06,344121,-2.88876e+06,-24.7512,3.12888,560535,-2609.29,4422.01,-5168.08
510,6.26881e+06,388339,-2.94027e+06,-25.2219,3.54481,560704,-2677.59,4421.51,-5133.14
520,6.24169e+06,432549,-2.99142e+06,-25.6912,3.96426,560875,-2745.58,4420.58,-5097.6
530,6.2139e+06,476749,-3.04222e+06,-26.1589,4.3873,561046,-2813.23,4419.23,-5061.44
540,6.18543e+06,520932,-3.09265e+06,-26.6251,4.81405,561217,-2880.55,4417.44,-5024.68
550,6.15629e+06,565096,-3.14271e+06,-27.0896,5.24457,561390,-2947.52,4415.23,-4987.32
560,6.12648e+06,609235,-3.19239e+06,-27.5526,5.67899,561563,-3014.15,4412.6,-4949.37
570,6.09601e+06,653346,-3.24169e+06,-28.0138,6.11738,561737,-3080.41,4409.53,-4910.82
580,6.06488e+06,697424,-3.29061e+06,-28.4733,6.55986,561911,-3146.31,4406.04,-4871.69
590,6.03308e+06,741465,-3.33913e+06,-28.931,7.00651,562085,-3211.83,4402.12,-4831.98
600,6.00064e+06,785465,-3.38724e+06,-29.3869,7.45744,562260,-3276.98,4397.77,-4791.69
610,5.96755e+06,829419,-3.43496e+06,-29.841,7.91275,562435,-3341.74,4392.99,-4750.83
620,5.93381e+06,873323,-3.48226e+06,-30.2931,8.37254,562610,-3406.1,4387.79,-4709.4
630,5.89943e+06,917173,-3.52914e+06,-30.7432,8.83693,562785,-3470.06,4382.16,-4667.41
640,5.86441e+06,960964,-3.5756e+06,-31.1912,9.306,562960,-3533.61,4376.1,-4624.86
650,5.82875e+06,1.00469e+06,-3.62164e+06,-31.6372,9.77988,563136,-3596.75,4369.61,-4581.77
660,5.79247e+06,1.04835e+06,-3.66724e+06,-32.0811,10.2587,563311,-3659.47,4362.7,-4538.12
670,5.75557e+06,1.09195e+06,-3.7124e+06,-32.5227,10.7425,563486,-3721.76,4355.36,-4493.94
680,5.71804e+06,1.13546e+06,-3.75712e+06,-32.9621,11.2314,563661,-3783.61,4347.59,-4449.22
690,5.6799e+06,1.1789e+06,-3.80138e+06,-33.3992,11.7256,563836,-3845.02,4339.4,-4403.97
700,5.64114e+06,1.22225e+06,-3.84519e+06,-33.8339,12.2251,564010,-3905.98,4330.78,-4358.2
710,5.60178e+06,1.26551e+06,-3.88854e+06,-34.2662,12.7301,564184,-3966.48,4321.74,-4311.9
720,5.56181e+06,1.30868e+06,-3.93143e+06,-34.696,13.2407,564357,-4026.53,4312.27,-4265.1
730,5.52125e+06,1.35175e+06,-3.97384e+06,-35.1232,13.757,564530,-4086.1,4302.38,-4217.78
740,5.48009e+06,1.39473e+06,-4.01578e+06,-35.5477,14.2791,564702,-4145.2,4292.06,-4169.96
750,5.43835e+06,1.43759e+06,-4.05724e+06,-35.9696,14.8071,564874,-4203.82,4281.32,-4121.65
760,5.39602e+06,1.48035e+06,-4.09821e+06,-36.3887,15.3412,565044,-4261.96,4270.16,-4072.85
770,5.35311e+06,1.52299e+06,-4.1387e+06,-36.8049,15.8814,565214,-4319.6,4258.57,-4023.56
780,5.30963e+06,1.56552e+06,-4.17868e+06,-37.2183,16.4279,565384,-4376.73,4246.57,-3973.79
790,5.26558e+06,1.60792e+06,-4.21817e+06,-37.6286,16.9808,565552,-4433.37,4234.14,-3923.55
800,5.22096e+06,1.6502e+06,-4.25715e+06,-38.0359,17.5403,565719,-4489.49,4221.3,-3872.85
810,5.17579e+06,1.69235e+06,-4.29563e+06,-38.44,18.1064,565885,-4545.09,4208.03,-3821.68
820,5.13006e+06,1.73436e+06,-4.33359e+06,-38.841,18.6793,566050,-4600.18,4194.35,-3770.06
830,5.08379e+06,1.77623e+06,-4.37103e+06,-39.2386,19.259,566214,-4654.73,4180.25,-3717.99
840,5.03697e+06,1.81796e+06,-4.40794e+06,-39.6328,19.8457,566376,-4708.74,4165.73,-3665.48
850,4.98962e+06,1.85955e+06,-4.44433e+06,-40.0236,20.4396,566538,-4762.22,4150.8,-3612.53
860,4.94173e+06,1.90098e+06,-4.48019e+06,-40.4108,21.0407,566698,-4815.14,4135.46,-3559.16
870,4.89331e+06,1.94225e+06,-4.51552e+06,-40.7944,21.6491,566856,-4867.52,4119.7,-3505.36
880,4.84438e+06,1.98337e+06,-4.5503e+06,-41.1742,22.265,567013,-4919.34,4103.53,-3451.14
890,4.79493e+06,2.02432e+06,-4.58454e+06,-41.5502,22.8885,567168,-4970.59,4086.95,-3396.52
900,4.74497e+06,2.06511e+06,-4.61823e+06,-41.9223,23.5197,567322,-5021.28,4069.95,-3341.49
910,4.69451e+06,2.10572e+06,-4.65137e+06,-42.2904,24.1586,567474,-5071.39,4052.56,-3286.06
920,4.64354e+06,2.14616e+06,-4.68395e+06,-42.6544,24.8055,567624,-5120.92,4034.75,-3230.25
930,4.59209e+06,2.18641e+06,-4.71597e+06,-43.0141,25.4603,567773,-5169.87,4016.54,-3174.05
940,4.54015e+06,2.22649e+06,-4.74743e+06,-43.3695,26.1233,567919,-5218.23,3997.92,-3117.47
950,4.48773e+06,2.26637e+06,-4.77832e+06,-43.7206,26.7945,568064,-5266,3978.9,-3060.52
960,4.43483e+06,2.30606e+06,-4.80864e+06,-44.0671,27.4739,568206,-5313.16,3959.48,-3003.21
970,4.38147e+06,2.34556e+06,-4.83838e+06,-44.409,28.1618,568347,-5359.72,3939.65,-2945.55
980,4.32764e+06,2.38485e+06,-4.86755e+06,-44.7461,28.8581,568486,-5405.67,3919.43,-2887.53
990,4.27336e+06,2.42395e+06,-4.89613e+06,-45.0784,29.5629,568622,-5451.01,3898.82,-2829.18
