0,2.92405e+06,3.76359e+06,-5.03937e+06,-46.7733,52.1553,569309,-3339.22,5954.13,2510.65
5960,3.98587e+06,3.64971e+06,-4.34717e+06,-38.9851,42.4791,566101,-1463.11,6062.46,3751.31
5970,3.97105e+06,3.71013e+06,-4.3094e+06,-38.5854,43.0545,565936,-1501.56,6020.92,3803.1
5980,3.95584e+06,3.77013e+06,-4.27111e+06,-38.1824,43.623,565770,-1539.89,5978.71,3854.43
5990,3.94025e+06,3.8297e+06,-4.23232e+06,-37.7762,44.1848,565603,-1578.1,5935.84,3905.3
10,2.89053e+06,3.82293e+06,-5.01396e+06,-46.4689,52.907,569185,-3365.06,5914.01,2570.73
20,2.85675e+06,3.88187e+06,-4.98795e+06,-46.1591,53.6498,569058,-3390.56,5873.22,2630.5
30,2.82272e+06,3.9404e+06,-4.96135e+06,-45.8439,54.3839,568929,-3415.72,5831.77,2689.96
40,2.78844e+06,3.9985e+06,-4.93415e+06,-45.5235,55.1092,568798,-3440.54,5789.67,2749.1
50,2.75391e+06,4.05619e+06,-4.90637e+06,-45.1979,55.8258,568665,-3465.01,5746.91,2807.91
60,2.71914e+06,4.11344e+06,-4.878e+06,-44.8674,56.5338,568529,-3489.14,5703.51,2866.39
70,2.68413e+06,4.17026e+06,-4.84904e+06,-44.532,57.2332,568391,-3512.92,5659.45,2924.53
80,2.64888e+06,4.22663e+06,-4.81951e+06,-44.1919,57.9241,568251,-3536.35,5614.76,2982.32
90,2.61341e+06,4.28255e+06,-4.7894e+06,-43.847,58.6066,568109,-3559.42,5569.44,3039.76
100,2.5777e+06,4.33801e+06,-4.75871e+06,-43.4976,59.2807,567965,-3582.14,5523.48,3096.84
110,2.54176e+06,4.39302e+06,-4.72746e+06,-43.1438,59.9467,567819,-3604.5,5476.9,3153.55
120,2.50561e+06,4.44755e+06,-4.69564e+06,-42.7856,60.6045,567671,-3626.51,5429.7,3209.89
130,2.46924e+06,4.50161e+06,-4.66326e+06,-42.4231,61.2542,567521,-3648.16,5381.89,3265.85
140,2.43265e+06,4.55518e+06,-4.63033e+06,-42.0565,61.896,567370,-3669.44,5333.46,3321.41
150,2.39585e+06,4.60827e+06,-4.59684e+06,-41.6859,62.53,567216,-3690.36,5284.43,3376.59
160,2.35884e+06,4.66087e+06,-4.5628e+06,-41.3113,63.1563,567062,-3710.92,5234.8,3431.36
170,2.32163e+06,4.71297e+06,-4.52821e+06,-40.9328,63.7749,566905,-3731.11,5184.57,3485.73
180,2.28422e+06,4.76456e+06,-4.49308e+06,-40.5506,64.3861,566747,-3750.93,5133.75,3539.68
190,2.24661e+06,4.81564e+06,-4.45742e+06,-40.1647,64.9898,566588,-3770.38,5082.35,3593.21
200,2.20881e+06,4.8662e+06,-4.42122e+06,-39.7752,65.5863,566427,-3789.47,5030.37,3646.31
210,2.17083e+06,4.91625e+06,-4.38449e+06,-39.3822,66.1756,566265,-3808.18,4977.82,3698.98
220,2.13265e+06,4.96576e+06,-4.34724e+06,-38.9858,66.7579,566101,-3826.51,4924.7,3751.21
230,2.0943e+06,5.01474e+06,-4.30947e+06,-38.5861,67.3332,565936,-3844.47,4871.02,3803
240,2.05576e+06,5.06318e+06,-4.27118e+06,-38.1831,67.9017,565771,-3862.06,4816.79,3854.33
250,2.01706e+06,5.11107e+06,-4.23239e+06,-37.7769,68.4636,565604,-3879.26,4762,3905.21
260,1.97818e+06,5.15842e+06,-4.19308e+06,-37.3677,69.0189,565436,-3896.09,4706.67,3955.62
270,1.93914e+06,5.2052e+06,-4.15328e+06,-36.9554,69.5677,565267,-3912.54,4650.8,4005.56
280,1.89993e+06,5.25143e+06,-4.11297e+06,-36.5402,70.1102,565097,-3928.6,4594.4,4055.02
290,1.86057e+06,5.29709e+06,-4.07218e+06,-36.1222,70.6465,564926,-3944.28,4537.47,4104
300,1.82105e+06,5.34218e+06,-4.03089e+06,-35.7013,71.1767,564755,-3959.58,4480.02,4152.49
310,1.78138e+06,5.38669e+06,-3.98913e+06,-35.2777,71.701,564583,-3974.5,4422.06,4200.49
320,1.74156e+06,5.43062e+06,-3.94689e+06,-34.8515,72.2193,564410,-3989.02,4363.59,4247.99
330,1.7016e+06,5.47396e+06,-3.90417e+06,-34.4226,72.732,564237,-4003.16,4304.62,4294.98
340,1.6615e+06,5.51671e+06,-3.86099e+06,-33.9912,73.239,564063,-4016.91,4245.15,4341.46
350,1.62126e+06,5.55886e+06,-3.81734e+06,-33.5574,73.7405,563889,-4030.28,4185.2,4387.42
360,1.58089e+06,5.60041e+06,-3.77324e+06,-33.1212,74.2366,563714,-4043.25,4124.76,4432.86
370,1.5404e+06,5.64135e+06,-3.72869e+06,-32.6826,74.7274,563539,-4055.83,4063.85,4477.78
380,1.49978e+06,5.68168e+06,-3.68369e+06,-32.2418,75.2131,563364,-4068.02,4002.46,4522.16
390,1.45904e+06,5.7214e+06,-3.63825e+06,-31.7987,75.6937,563189,-4079.81,3940.62,4566
400,1.41818e+06,5.76049e+06,-3.59237e+06,-31.3535,76.1693,563014,-4091.22,3878.32,4609.29
410,1.37722e+06,5.79896e+06,-3.54606e+06,-30.9062,76.6401,562838,-4102.23,3815.57,4652.04
420,1.33614e+06,5.8368e+06,-3.49933e+06,-30.4568,77.1062,562663,-4112.84,3752.38,4694.23
430,1.29496e+06,5.87401e+06,-3.45218e+06,-30.0054,77.5677,562487,-4123.06,3688.75,4735.86
440,1.25368e+06,5.91058e+06,-3.40462e+06,-29.5521,78.0246,562312,-4132.88,3624.7,4776.93
450,1.2123e+06,5.9465e+06,-3.35664e+06,-29.0968,78.4771,562137,-4142.3,3560.22,4817.43
460,1.17084e+06,5.98178e+06,-3.30827e+06,-28.6398,78.9253,561963,-4151.33,3495.33,4857.35
470,1.12928e+06,6.01641e+06,-3.2595e+06,-28.1809,79.3693,561789,-4159.96,3430.04,4896.7
480,1.08764e+06,6.05038e+06,-3.21034e+06,-27.7203,79.8091,561615,-4168.19,3364.34,4935.46
490,1.04592e+06,6.08369e+06,-3.16079e+06,-27.258,80.245,561441,-4176.02,3298.25,4973.63
500,1.00412e+06,6.11634e+06,-3.11087e+06,-26.794,80.6769,561269,-4183.46,3231.78,5011.2
510,962249,6.14833e+06,-3.06057e+06,-26.3284,81.105,561096,-4190.49,3164.92,5048.18
520,920311,6.17964e+06,-3.00991e+06,-25.8612,81.5294,560925,-4197.12,3097.7,5084.56
530,878308,6.21028e+06,-2.95888e+06,-25.3925,81.9502,560754,-4203.35,3030.11,5120.32
540,836246,6.24024e+06,-2.9075e+06,-24.9224,82.3674,560584,-4209.19,2962.17,5155.48
550,794126,6.26952e+06,-2.85577e+06,-24.4507,82.7811,560415,-4214.62,2893.87,5190.02
560,751955,6.29812e+06,-2.8037e+06,-23.9777,83.1915,560247,-4219.65,2825.24,5223.94
570,709735,6.32603e+06,-2.7513e+06,-23.5034,83.5986,560080,-4224.27,2756.27,5257.24
580,667471,6.35324e+06,-2.69856e+06,-23.0276,84.0025,559914,-4228.5,2686.98,5289.91
590,625166,6.37976e+06,-2.6455e+06,-22.5507,84.4033,559749,-4232.33,2617.37,5321.94
600,582826,6.40559e+06,-2.59212e+06,-22.0724,84.8011,559585,-4235.75,2547.44,5353.34
610,540453,6.43071e+06,-2.53844e+06,-21.593,85.196,559422,-4238.77,2477.22,5384.1
620,498052,6.45513e+06,-2.48444e+06,-21.1123,85.588,559261,-4241.39,2406.7,5414.22
630,455627,6.47884e+06,-2.43015e+06,-20.6305,85.9773,559101,-4243.61,2335.89,5443.68
640,413181,6.50185e+06,-2.37557e+06,-20.1477,86.3638,558942,-4245.43,2264.81,5472.5
650,370720,6.52414e+06,-2.32071e+06,-19.6637,86.7478,558785,-4246.84,2193.45,5500.66
660,328246,6.54572e+06,-2.26556e+06,-19.1787,87.1292,558629,-4247.86,2121.82,5528.17
670,285764,6.56657e+06,-2.21015e+06,-18.6927,87.5082,558475,-4248.47,2049.95,5555.01
680,243278,6.58671e+06,-2.15446e+06,-18.2057,87.8848,558323,-4248.69,1977.82,5581.19
690,200792,6.60613e+06,-2.09852e+06,-17.7178,88.259,558172,-4248.5,1905.45,5606.69
700,158310,6.62482e+06,-2.04233e+06,-17.229,88.6311,558023,-4247.91,1832.86,5631.53
710,115835,6.64279e+06,-1.9859e+06,-16.7393,89.001,557875,-4246.92,1760.04,5655.7
720,73372.6,6.66002e+06,-1.92922e+06,-16.2487,89.3688,557730,-4245.54,1687,5679.18
730,30926,6.67653e+06,-1.87232e+06,-15.7573,89.7346,557586,-4243.75,1613.76,5701.99
740,-11500.9,6.6923e+06,-1.81518e+06,-15.2651,90.0985,557444,-4241.57,1540.31,5724.11
750,-53903.9,6.70733e+06,-1.75784e+06,-14.7722,90.4605,557305,-4238.98,1466.68,5745.55
760,-96279,6.72163e+06,-1.70028e+06,-14.2785,90.8206,557167,-4236,1392.86,5766.3
770,-138622,6.73519e+06,-1.64251e+06,-13.7841,91.1791,557031,-4232.63,1318.87,5786.36
780,-180930,6.74801e+06,-1.58455e+06,-13.289,91.5359,556897,-4228.85,1244.71,5805.72
790,-223198,6.76008e+06,-1.5264e+06,-12.7933,91.8911,556766,-4224.68,1170.4,5824.39
800,-265422,6.77141e+06,-1.46807e+06,-12.2969,92.2447,556636,-4220.12,1095.93,5842.36
810,-307599,6.782e+06,-1.40956e+06,-11.8,92.5969,556509,-4215.16,1021.33,5859.63
820,-349724,6.79184e+06,-1.35088e+06,-11.3025,92.9477,556384,-4209.81,946.587,5876.2
830,-391794,6.80093e+06,-1.29203e+06,-10.8044,93.2971,556261,-4204.07,871.722,5892.06
840,-433804,6.80927e+06,-1.23304e+06,-10.3058,93.6453,556141,-4197.93,796.742,5907.22
850,-475751,6.81687e+06,-1.17389e+06,-9.80671,93.9922,556023,-4191.4,721.654,5921.66
860,-517630,6.82371e+06,-1.11461e+06,-9.30715,94.338,555907,-4184.48,646.466,5935.4
870,-559439,6.82979e+06,-1.05519e+06,-8.80715,94.6827,555794,-4177.18,571.188,5948.43
880,-601173,6.83513e+06,-995640,-8.30672,95.0264,555684,-4169.48,495.827,5960.74
890,-642827,6.83971e+06,-935974,-7.8059,95.3691,555575,-4161.4,420.392,5972.34
900,-684399,6.84354e+06,-876196,-7.30471,95.711,555470,-4152.93,344.891,5983.22
910,-725884,6.84661e+06,-816312,-6.80317,96.0519,555366,-4144.07,269.333,5993.38
920,-767279,6.84892e+06,-756331,-6.30131,96.3921,555266,-4134.83,193.727,6002.82
930,-808580,6.85048e+06,-696259,-5.79914,96.7316,555168,-4125.21,118.081,6011.54
940,-849782,6.85128e+06,-636103,-5.29671,97.0704,555072,-4115.21,42.4038,6019.54
950,-890882,6.85133e+06,-575870,-4.79401,97.4086,554979,-4104.82,-33.2967,6026.82
960,-931877,6.85062e+06,-515569,-4.29109,97.7463,554889,-4094.06,-109.012,6033.38
970,-972762,6.84915e+06,-455205,-3.78797,98.0835,554802,-4082.92,-184.732,6039.21
980,-1.01353e+06,6.84692e+06,-394787,-3.28466,98.4202,554717,-4071.4,-260.451,6044.31
990,-1.05419e+06,6.84394e+06,-334322,-2.78119,98.7566,554635,-4059.5,-336.157,6048.69
