5960,885270,6.24007e+06,-2.9225e+06,-25.0122,81.9254,572839,1019.01,-3328.86,-6810.28
0,-2.14973e+06,6.43328e+06,-1.49642e+06,-12.5155,108.477,568916,1876.51,-1073.65,-7341.53
5970,895383,6.20641e+06,-2.99043e+06,-25.6335,81.7907,573064,1003.56,-3404,-6775.03
5980,905340,6.172e+06,-3.058e+06,-26.2547,81.6551,573292,987.886,-3478.71,-6738.98
5990,915140,6.13684e+06,-3.12521e+06,-26.8757,81.5184,573521,971.986,-3552.97,-6702.12
10,-2.13084e+06,6.42215e+06,-1.56974e+06,-13.139,108.356,569080,1900.26,-1152.6,-7323.23
20,-2.11172e+06,6.41023e+06,-1.64288e+06,-13.7624,108.233,569248,1923.66,-1231.43,-7304.05
30,-2.09237e+06,6.39752e+06,-1.71582e+06,-14.3857,108.111,569419,1946.72,-1310.15,-7284.01
40,-2.07279e+06,6.38402e+06,-1.78856e+06,-15.0089,107.988,569594,1969.43,-1388.74,-7263.09
50,-2.05298e+06,6.36974e+06,-1.86108e+06,-15.632,107.864,569773,1991.8,-1467.2,-7241.31
60,-2.03295e+06,6.35468e+06,-1.93338e+06,-16.2551,107.74,569954,2013.81,-1545.5,-7218.67
70,-2.01271e+06,6.33883e+06,-2.00545e+06,-16.878,107.616,570140,2035.46,-1623.66,-7195.16
80,-1.99224e+06,6.32221e+06,-2.07728e+06,-17.5009,107.491,570328,2056.76,-1701.64,-7170.8
90,-1.97157e+06,6.3048e+06,-2.14887e+06,-18.1236,107.365,570520,2077.71,-1779.45,-7145.59
100,-1.95069e+06,6.28662e+06,-2.22019e+06,-18.7463,107.239,570715,2098.29,-1857.08,-7119.52
110,-1.92961e+06,6.26766e+06,-2.29125e+06,-19.3689,107.112,570913,2118.5,-1934.51,-7092.61
120,-1.90832e+06,6.24793e+06,-2.36204e+06,-19.9913,106.984,571114,2138.35,-2011.73,-7064.85
130,-1.88684e+06,6.22743e+06,-2.43255e+06,-20.6136,106.856,571318,2157.84,-2088.74,-7036.25
140,-1.86517e+06,6.20616e+06,-2.50276e+06,-21.2358,106.727,571525,2176.95,-2165.53,-7006.82
150,-1.8433e+06,6.18412e+06,-2.57268e+06,-21.8579,106.598,571734,2195.7,-2242.08,-6976.55
160,-1.82125e+06,6.16132e+06,-2.64229e+06,-22.4799,106.467,571947,2214.07,-2318.39,-6945.45
170,-1.79902e+06,6.13775e+06,-2.71159e+06,-23.1018,106.336,572162,2232.06,-2394.44,-6913.52
180,-1.77661e+06,6.11343e+06,-2.78056e+06,-23.7235,106.204,572380,2249.68,-2470.23,-6880.78
190,-1.75403e+06,6.08835e+06,-2.8492e+06,-24.3451,106.072,572600,2266.92,-2545.75,-6847.21
200,-1.73128e+06,6.06251e+06,-2.9175e+06,-24.9666,105.938,572823,2283.78,-2620.99,-6812.83
210,-1.70836e+06,6.03593e+06,-2.98546e+06,-25.5879,105.803,573048,2300.26,-2695.93,-6777.64
220,-1.68527e+06,6.0086e+06,-3.05305e+06,-26.2091,105.668,573275,2316.36,-2770.57,-6741.65
230,-1.66203e+06,5.98052e+06,-3.12029e+06,-26.8302,105.531,573505,2332.07,-2844.91,-6704.86
240,-1.63863e+06,5.9517e+06,-3.18715e+06,-27.4511,105.393,573736,2347.4,-2918.92,-6667.26
250,-1.61508e+06,5.92214e+06,-3.25363e+06,-28.0718,105.255,573970,2362.34,-2992.61,-6628.88
260,-1.59139e+06,5.89185e+06,-3.31972e+06,-28.6924,105.115,574205,2376.89,-3065.95,-6589.71
270,-1.56755e+06,5.86082e+06,-3.38542e+06,-29.3129,104.974,574443,2391.05,-3138.95,-6549.76
280,-1.54357e+06,5.82907e+06,-3.45071e+06,-29.9332,104.832,574682,2404.82,-3211.6,-6509.03
290,-1.51945e+06,5.79659e+06,-3.5156e+06,-30.5533,104.688,574923,2418.2,-3283.87,-6467.53
300,-1.49521e+06,5.76339e+06,-3.58006e+06,-31.1732,104.544,575165,2431.19,-3355.78,-6425.26
310,-1.47083e+06,5.72948e+06,-3.6441e+06,-31.793,104.398,575409,2443.78,-3427.29,-6382.23
320,-1.44633e+06,5.69485e+06,-3.70771e+06,-32.4126,104.25,575654,2455.98,-3498.42,-6338.45
330,-1.42171e+06,5.65951e+06,-3.77087e+06,-33.0321,104.101,575901,2467.78,-3569.14,-6293.91
340,-1.39698e+06,5.62347e+06,-3.83358e+06,-33.6513,103.951,576149,2479.19,-3639.46,-6248.62
350,-1.37213e+06,5.58672e+06,-3.89584e+06,-34.2704,103.799,576398,2490.2,-3709.35,-6202.6
360,-1.34717e+06,5.54928e+06,-3.95763e+06,-34.8892,103.645,576648,2500.81,-3778.81,-6155.84
370,-1.32211e+06,5.51115e+06,-4.01895e+06,-35.5079,103.49,576898,2511.03,-3847.84,-6108.35
380,-1.29695e+06,5.47233e+06,-4.0798e+06,-36.1264,103.333,577150,2520.85,-3916.42,-6060.14
390,-1.2717e+06,5.43282e+06,-4.14015e+06,-36.7446,103.174,577403,2530.26,-3984.55,-6011.21
400,-1.24635e+06,5.39264e+06,-4.20002e+06,-37.3627,103.014,577656,2539.28,-4052.22,-5961.57
410,-1.22091e+06,5.35178e+06,-4.25938e+06,-37.9805,102.851,577909,2547.9,-4119.41,-5911.23
420,-1.19539e+06,5.31025e+06,-4.31824e+06,-38.5982,102.686,578163,2556.12,-4186.12,-5860.18
430,-1.16979e+06,5.26806e+06,-4.37658e+06,-39.2156,102.52,578418,2563.94,-4252.35,-5808.44
440,-1.14412e+06,5.2252e+06,-4.43441e+06,-39.8327,102.351,578672,2571.36,-4318.08,-5756.02
450,-1.11837e+06,5.1817e+06,-4.4917e+06,-40.4497,102.179,578927,2578.38,-4383.3,-5702.91
460,-1.09255e+06,5.13754e+06,-4.54846e+06,-41.0663,102.006,579182,2584.99,-4448.01,-5649.13
470,-1.06667e+06,5.09274e+06,-4.60468e+06,-41.6828,101.83,579437,2591.21,-4512.2,-5594.69
480,-1.04073e+06,5.0473e+06,-4.66036e+06,-42.299,101.651,579691,2597.03,-4575.86,-5539.58
490,-1.01473e+06,5.00122e+06,-4.71547e+06,-42.9149,101.469,579946,2602.45,-4638.99,-5483.82
500,-988679,4.95452e+06,-4.77003e+06,-43.5306,101.285,580200,2607.46,-4701.57,-5427.41
510,-962581,4.90719e+06,-4.82402e+06,-44.1459,101.098,580453,2612.08,-4763.59,-5370.36
520,-936439,4.85925e+06,-4.87743e+06,-44.761,100.908,580706,2616.3,-4825.06,-5312.67
530,-910257,4.81069e+06,-4.93027e+06,-45.3758,100.715,580958,2620.12,-4885.95,-5254.36
540,-884038,4.76153e+06,-4.98252e+06,-45.9903,100.518,581210,2623.54,-4946.27,-5195.43
550,-857787,4.71177e+06,-5.03418e+06,-46.6045,100.318,581461,2626.56,-5006.01,-5135.89
560,-831508,4.66141e+06,-5.08524e+06,-47.2184,100.114,581711,2629.18,-5065.15,-5075.74
570,-805205,4.61047e+06,-5.13569e+06,-47.832,99.9066,581959,2631.41,-5123.7,-5014.99
580,-778881,4.55894e+06,-5.18553e+06,-48.4452,99.6952,582207,2633.24,-5181.63,-4953.65
590,-752541,4.50684e+06,-5.23476e+06,-49.0581,99.4797,582453,2634.68,-5238.96,-4891.73
600,-726189,4.45416e+06,-5.28337e+06,-49.6706,99.2598,582698,2635.72,-5295.67,-4829.23
610,-699828,4.40093e+06,-5.33134e+06,-50.2827,99.0354,582942,2636.36,-5351.74,-4766.16
620,-673463,4.34713e+06,-5.37869e+06,-50.8945,98.8063,583184,2636.62,-5407.19,-4702.54
630,-647097,4.29279e+06,-5.42539e+06,-51.5058,98.5723,583424,2636.48,-5461.99,-4638.35
640,-620734,4.23789e+06,-5.47145e+06,-52.1168,98.333,583663,2635.95,-5516.14,-4573.62
650,-594379,4.18246e+06,-5.51687e+06,-52.7273,98.0883,583900,2635.03,-5569.64,-4508.36
660,-568035,4.1265e+06,-5.56162e+06,-53.3373,97.8378,584134,2633.72,-5622.47,-4442.56
670,-541706,4.07002e+06,-5.60571e+06,-53.947,97.5813,584367,2632.03,-5674.64,-4376.24
680,-515396,4.01301e+06,-5.64914e+06,-54.5561,97.3185,584598,2629.95,-5726.12,-4309.41
690,-489108,3.9555e+06,-5.6919e+06,-55.1647,97.049,584827,2627.48,-5776.93,-4242.07
700,-462847,3.89748e+06,-5.73398e+06,-55.7728,96.7725,585053,2624.63,-5827.05,-4174.23
710,-436617,3.83896e+06,-5.77538e+06,-56.3804,96.4885,585277,2621.4,-5876.48,-4105.89
720,-410420,3.77995e+06,-5.8161e+06,-56.9873,96.1968,585498,2617.78,-5925.2,-4037.08
730,-384262,3.72046e+06,-5.85613e+06,-57.5937,95.8968,585717,2613.79,-5973.22,-3967.79
740,-358146,3.66049e+06,-5.89545e+06,-58.1995,95.5881,585934,2609.42,-6020.52,-3898.04
750,-332075,3.60005e+06,-5.93408e+06,-58.8046,95.2702,586147,2604.67,-6067.1,-3827.83
760,-306053,3.53915e+06,-5.97201e+06,-59.409,94.9424,586358,2599.55,-6112.96,-3757.17
770,-280085,3.47779e+06,-6.00923e+06,-60.0127,94.6044,586566,2594.05,-6158.09,-3686.07
780,-254173,3.41599e+06,-6.04573e+06,-60.6156,94.2554,586770,2588.19,-6202.48,-3614.53
790,-228322,3.35374e+06,-6.08152e+06,-61.2177,93.8947,586972,2581.95,-6246.13,-3542.57
800,-202536,3.29107e+06,-6.11658e+06,-61.819,93.5216,587171,2575.35,-6289.03,-3470.2
810,-176817,3.22797e+06,-6.15092e+06,-62.4193,93.1353,587366,2568.38,-6331.18,-3397.42
820,-151169,3.16445e+06,-6.18453e+06,-63.0187,92.735,587558,2561.05,-6372.57,-3324.24
830,-125597,3.10052e+06,-6.2174e+06,-63.6171,92.3197,587747,2553.35,-6413.19,-3250.67
840,-100103,3.03618e+06,-6.24954e+06,-64.2144,91.8884,587932,2545.3,-6453.05,-3176.72
850,-74691.8,2.97146e+06,-6.28094e+06,-64.8105,91.4399,588114,2536.89,-6492.13,-3102.4
860,-49366.4,2.90634e+06,-6.31159e+06,-65.4055,90.9731,588292,2528.12,-6530.44,-3027.71
870,-24130.4,2.84085e+06,-6.34149e+06,-65.9991,90.4867,588466,2519,-6567.95,-2952.67
880,1012.67,2.77499e+06,-6.37064e+06,-66.5913,89.9791,588637,2509.53,-6604.68,-2877.28
890,26059.3,2.70876e+06,-6.39903e+06,-67.1819,89.4488,588803,2499.72,-6640.62,-2801.56
900,51006,2.64218e+06,-6.42667e+06,-67.771,88.8941,588966,2489.55,-6675.76,-2725.5
910,75849.3,2.57525e+06,-6.45354e+06,-68.3583,88.3129,589125,2479.04,-6710.09,-2649.13
920,100586,2.50798e+06,-6.47965e+06,-68.9437,87.7033,589280,2468.19,-6743.62,-2572.45
930,125212,2.44038e+06,-6.50499e+06,-69.5271,87.0628,589431,2457.01,-6776.34,-2495.46
940,149725,2.37245e+06,-6.52956e+06,-70.1083,86.3889,589578,2445.48,-6808.24,-2418.19
950,174121,2.30421e+06,-6.55336e+06,-70.687,85.6786,589720,2433.62,-6839.32,-2340.63
960,198396,2.23567e+06,-6.57637e+06,-71.2631,84.9288,589858,2421.43,-6869.58,-2262.8
970,222549,2.16683e+06,-6.59861e+06,-71.8364,84.1359,589992,2408.92,-6899.01,-2184.7
980,246574,2.09769e+06,-6.62007e+06,-72.4065,83.2959,590122,2396.07,-6927.61,-2106.35
990,270469,2.02828e+06,-6.64074e+06,-72.9731,82.4045,590247,2382.91,-6955.37,-2027.75
