5960,157155,-5.07858e+06,-4.7393e+06,-43.1831,-88.2276,580046,-1473.71,-5136.83,5459.34
0,1.99262e+06,-3.41606e+06,-5.7134e+06,-55.4743,-59.7446,584934,1412.61,-6210.49,4207.61
5970,142371,-5.12963e+06,-4.68443e+06,-42.5673,-88.4102,579792,-1482.93,-5074.4,5515.38
5980,127497,-5.18006e+06,-4.629e+06,-41.9512,-88.5901,579537,-1491.87,-5011.35,5570.78
5990,112534,-5.22986e+06,-4.57301e+06,-41.3349,-88.7673,579282,-1500.55,-4947.7,5625.51
10,2.00658e+06,-3.47797e+06,-5.67099e+06,-54.866,-60.0176,584707,1380.01,-6171.89,4275.2
20,2.02022e+06,-3.53949e+06,-5.6279e+06,-54.2571,-60.2838,584477,1347.29,-6132.51,4342.3
30,2.03353e+06,-3.60062e+06,-5.58414e+06,-53.6477,-60.5435,584245,1314.48,-6092.36,4408.88
40,2.04651e+06,-3.66134e+06,-5.53972e+06,-53.0379,-60.797,584011,1281.57,-6051.43,4474.94
50,2.05916e+06,-3.72164e+06,-5.49465e+06,-52.4276,-61.0446,583775,1248.56,-6009.74,4540.48
60,2.07148e+06,-3.78153e+06,-5.44892e+06,-51.8169,-61.2866,583537,1215.47,-5967.29,4605.49
70,2.08347e+06,-3.84099e+06,-5.40254e+06,-51.2057,-61.5233,583298,1182.3,-5924.09,4669.95
80,2.09512e+06,-3.90001e+06,-5.35552e+06,-50.5942,-61.7549,583056,1149.04,-5880.13,4733.86
90,2.10645e+06,-3.95859e+06,-5.30786e+06,-49.9822,-61.9816,582813,1115.72,-5835.43,4797.21
100,2.11744e+06,-4.01671e+06,-5.25957e+06,-49.3699,-62.2038,582569,1082.32,-5789.99,4860
110,2.12809e+06,-4.07438e+06,-5.21066e+06,-48.7572,-62.4215,582323,1048.87,-5743.81,4922.22
120,2.13841e+06,-4.13159e+06,-5.16113e+06,-48.1442,-62.635,582076,1015.35,-5696.9,4983.86
130,2.1484e+06,-4.18832e+06,-5.11099e+06,-47.5308,-62.8444,581828,981.784,-5649.27,5044.91
140,2.15805e+06,-4.24457e+06,-5.06024e+06,-46.9171,-63.05,581579,948.169,-5600.91,5105.36
150,2.16736e+06,-4.30033e+06,-5.00888e+06,-46.303,-63.252,581328,914.51,-5551.85,5165.21
160,2.17634e+06,-4.35561e+06,-4.95693e+06,-45.6887,-63.4504,581077,880.814,-5502.07,5224.46
170,2.18498e+06,-4.41037e+06,-4.90439e+06,-45.074,-63.6454,580825,847.084,-5451.59,5283.08
180,2.19328e+06,-4.46463e+06,-4.85127e+06,-44.4591,-63.8371,580572,813.327,-5400.41,5341.09
190,2.20124e+06,-4.51838e+06,-4.79758e+06,-43.8438,-64.0258,580319,779.546,-5348.55,5398.46
200,2.20887e+06,-4.5716e+06,-4.74331e+06,-43.2283,-64.2115,580065,745.747,-5295.99,5455.2
210,2.21616e+06,-4.6243e+06,-4.68847e+06,-42.6125,-64.3943,579811,711.936,-5242.76,5511.29
220,2.22311e+06,-4.67646e+06,-4.63308e+06,-41.9965,-64.5744,579556,678.116,-5188.85,5566.73
230,2.22972e+06,-4.72807e+06,-4.57714e+06,-41.3801,-64.7518,579301,644.292,-5134.28,5621.52
240,2.236e+06,-4.77914e+06,-4.52065e+06,-40.7636,-64.9267,579046,610.471,-5079.05,5675.64
250,2.24193e+06,-4.82965e+06,-4.46363e+06,-40.1468,-65.0992,578791,576.656,-5023.16,5729.09
260,2.24753e+06,-4.8796e+06,-4.40607e+06,-39.5297,-65.2694,578537,542.853,-4966.63,5781.86
270,2.25279e+06,-4.92898e+06,-4.34799e+06,-38.9124,-65.4373,578282,509.066,-4909.45,5833.95
280,2.25771e+06,-4.97779e+06,-4.2894e+06,-38.2949,-65.603,578028,475.301,-4851.64,5885.35
290,2.26229e+06,-5.02601e+06,-4.23029e+06,-37.6772,-65.7667,577774,441.562,-4793.21,5936.05
300,2.26654e+06,-5.07365e+06,-4.17068e+06,-37.0592,-65.9283,577520,407.854,-4734.15,5986.05
310,2.27045e+06,-5.12069e+06,-4.11057e+06,-36.4411,-66.0881,577267,374.183,-4674.48,6035.34
320,2.27403e+06,-5.16714e+06,-4.04997e+06,-35.8227,-66.246,577015,340.552,-4614.2,6083.92
330,2.27726e+06,-5.21298e+06,-3.98889e+06,-35.2041,-66.4021,576764,306.967,-4553.32,6131.78
340,2.28017e+06,-5.2582e+06,-3.92734e+06,-34.5854,-66.5565,576513,273.433,-4491.85,6178.91
350,2.28273e+06,-5.30281e+06,-3.86532e+06,-33.9664,-66.7093,576264,239.955,-4429.8,6225.31
360,2.28496e+06,-5.3468e+06,-3.80284e+06,-33.3473,-66.8605,576015,206.536,-4367.16,6270.97
370,2.28686e+06,-5.39015e+06,-3.7399e+06,-32.7279,-67.0101,575768,173.183,-4303.96,6315.89
380,2.28843e+06,-5.43287e+06,-3.67652e+06,-32.1084,-67.1583,575522,139.899,-4240.19,6360.06
390,2.28966e+06,-5.47495e+06,-3.6127e+06,-31.4887,-67.305,575277,106.691,-4175.87,6403.47
400,2.29056e+06,-5.51639e+06,-3.54845e+06,-30.8688,-67.4504,575034,73.561,-4111,6446.13
410,2.29113e+06,-5.55717e+06,-3.48378e+06,-30.2488,-67.5944,574792,40.5156,-4045.59,6488.02
420,2.29137e+06,-5.5973e+06,-3.4187e+06,-29.6286,-67.7372,574552,7.55893,-3979.65,6529.14
430,2.29128e+06,-5.63676e+06,-3.3532e+06,-29.0082,-67.8788,574314,-25.3043,-3913.19,6569.49
440,2.29087e+06,-5.67556e+06,-3.28731e+06,-28.3877,-68.0192,574077,-58.0694,-3846.21,6609.06
450,2.29012e+06,-5.71369e+06,-3.22102e+06,-27.767,-68.1584,573842,-90.7318,-3778.72,6647.84
460,2.28905e+06,-5.75113e+06,-3.15435e+06,-27.1462,-68.2966,573610,-123.287,-3710.73,6685.84
470,2.28766e+06,-5.7879e+06,-3.08731e+06,-26.5252,-68.4337,573379,-155.73,-3642.25,6723.04
480,2.28594e+06,-5.82398e+06,-3.0199e+06,-25.9041,-68.5698,573151,-188.056,-3573.28,6759.44
490,2.2839e+06,-5.85936e+06,-2.95212e+06,-25.2828,-68.7049,572924,-220.262,-3503.84,6795.04
500,2.28153e+06,-5.89405e+06,-2.884e+06,-24.6614,-68.839,572700,-252.342,-3433.93,6829.83
510,2.27885e+06,-5.92804e+06,-2.81553e+06,-24.0399,-68.9723,572479,-284.292,-3363.57,6863.81
520,2.27585e+06,-5.96132e+06,-2.74672e+06,-23.4182,-69.1047,572260,-316.107,-3292.75,6896.98
530,2.27253e+06,-5.99389e+06,-2.67759e+06,-22.7964,-69.2363,572043,-347.783,-3221.49,6929.32
540,2.26889e+06,-6.02575e+06,-2.60814e+06,-22.1745,-69.367,571829,-379.316,-3149.8,6960.84
550,2.26494e+06,-6.05689e+06,-2.53838e+06,-21.5524,-69.497,571618,-410.701,-3077.69,6991.53
560,2.26068e+06,-6.0873e+06,-2.46831e+06,-20.9303,-69.6262,571410,-441.934,-3005.16,7021.39
570,2.2561e+06,-6.11699e+06,-2.39795e+06,-20.308,-69.7547,571204,-473.01,-2932.22,7050.42
580,2.25122e+06,-6.14595e+06,-2.32731e+06,-19.6856,-69.8826,571002,-503.926,-2858.89,7078.6
590,2.24603e+06,-6.17417e+06,-2.25638e+06,-19.0631,-70.0097,570802,-534.677,-2785.16,7105.95
600,2.24053e+06,-6.20165e+06,-2.18519e+06,-18.4405,-70.1363,570606,-565.258,-2711.06,7132.44
610,2.23472e+06,-6.22839e+06,-2.11374e+06,-17.8178,-70.2622,570412,-595.666,-2636.59,7158.09
620,2.22861e+06,-6.25438e+06,-2.04203e+06,-17.195,-70.3876,570222,-625.896,-2561.75,7182.89
630,2.2222e+06,-6.27962e+06,-1.97008e+06,-16.5721,-70.5124,570035,-655.944,-2486.56,7206.83
640,2.2155e+06,-6.30411e+06,-1.8979e+06,-15.9491,-70.6367,569851,-685.807,-2411.03,7229.91
650,2.20849e+06,-6.32784e+06,-1.82549e+06,-15.326,-70.7604,569671,-715.48,-2335.17,7252.13
660,2.20119e+06,-6.35081e+06,-1.75286e+06,-14.7028,-70.8837,569494,-744.958,-2258.98,7273.49
670,2.19359e+06,-6.37302e+06,-1.68002e+06,-14.0796,-71.0066,569321,-774.239,-2182.47,7293.98
680,2.1857e+06,-6.39446e+06,-1.60698e+06,-13.4562,-71.129,569151,-803.318,-2105.66,7313.6
690,2.17752e+06,-6.41513e+06,-1.53375e+06,-12.8328,-71.251,568985,-832.19,-2028.56,7332.34
700,2.16906e+06,-6.43503e+06,-1.46034e+06,-12.2093,-71.3726,568823,-860.854,-1951.16,7350.22
710,2.16031e+06,-6.45416e+06,-1.38675e+06,-11.5857,-71.4938,568664,-889.303,-1873.49,7367.21
720,2.15127e+06,-6.4725e+06,-1.31299e+06,-10.9621,-71.6147,568509,-917.535,-1795.55,7383.33
730,2.14196e+06,-6.49007e+06,-1.23908e+06,-10.3384,-71.7352,568358,-945.546,-1717.36,7398.57
740,2.13236e+06,-6.50685e+06,-1.16503e+06,-9.71459,-71.8555,568210,-973.332,-1638.91,7412.93
750,2.12249e+06,-6.52284e+06,-1.09083e+06,-9.09076,-71.9754,568067,-1000.89,-1560.22,7426.4
760,2.11235e+06,-6.53805e+06,-1.0165e+06,-8.46686,-72.0951,567927,-1028.21,-1481.31,7438.98
770,2.10193e+06,-6.55247e+06,-942052,-7.84292,-72.2146,567792,-1055.3,-1402.18,7450.68
780,2.09124e+06,-6.56609e+06,-867491,-7.21891,-72.3338,567660,-1082.15,-1322.83,7461.48
790,2.08029e+06,-6.57892e+06,-792825,-6.59487,-72.4528,567533,-1108.76,-1243.29,7471.4
800,2.06907e+06,-6.59096e+06,-718065,-5.97077,-72.5716,567409,-1135.12,-1163.56,7480.42
810,2.05759e+06,-6.6022e+06,-643220,-5.34663,-72.6903,567290,-1161.23,-1083.65,7488.56
820,2.04584e+06,-6.61263e+06,-568297,-4.72245,-72.8088,567175,-1187.09,-1003.56,7495.79
830,2.03384e+06,-6.62227e+06,-493307,-4.09823,-72.9271,567064,-1212.69,-923.322,7502.13
840,2.02159e+06,-6.6311e+06,-418257,-3.47398,-73.0454,566957,-1238.03,-842.93,7507.58
850,2.00908e+06,-6.63912e+06,-343158,-2.8497,-73.1635,566854,-1263.11,-762.397,7512.13
860,1.99633e+06,-6.64635e+06,-268018,-2.22539,-73.2816,566756,-1287.92,-681.734,7515.78
870,1.98333e+06,-6.65276e+06,-192845,-1.60105,-73.3996,566662,-1312.46,-600.952,7518.53
880,1.97008e+06,-6.65836e+06,-117650,-0.976696,-73.5175,566572,-1336.73,-520.059,7520.39
890,1.95659e+06,-6.66316e+06,-42440.4,-0.352318,-73.6355,566486,-1360.72,-439.066,7521.34
900,1.94287e+06,-6.66715e+06,32774.1,0.272076,-73.7534,566405,-1384.44,-357.984,7521.4
910,1.92891e+06,-6.67032e+06,107985,0.896483,-73.8713,566328,-1407.87,-276.823,7520.56
920,1.91471e+06,-6.67268e+06,183182,1.5209,-73.9893,566255,-1431.02,-195.591,7518.82
930,1.90029e+06,-6.67423e+06,258358,2.14533,-74.1073,566187,-1453.88,-114.301,7516.18
940,1.88563e+06,-6.67497e+06,333503,2.76976,-74.2254,566123,-1476.45,-32.9611,7512.65
950,1.87076e+06,-6.67489e+06,408608,3.39419,-74.3435,566063,-1498.72,48.4174,7508.21
960,1.85566e+06,-6.674e+06,483665,4.01862,-74.4618,566008,-1520.7,129.825,7502.88
970,1.84035e+06,-6.67229e+06,558663,4.64304,-74.5801,565957,-1542.39,211.251,7496.65
980,1.82481e+06,-6.66977e+06,633595,5.26746,-74.6986,565910,-1563.77,292.685,7489.52
990,1.80907e+06,-6.66644e+06,708451,5.89186,-74.8173,565867,-1584.84,374.117,7481.5
