0,4.65449e+06,-1.0062e+06,5.02819e+06,46.734,-12.1984,558431,-1275.25,6716.86,2518.54
5960,4.09171e+06,-1.30601e+06,5.43155e+06,51.8363,-17.7023,559600,779.375,7153.72,1130.4
5970,4.09931e+06,-1.2344e+06,5.44253e+06,51.9829,-16.7583,559633,741.01,7167.75,1065.14
5980,4.10653e+06,-1.16266e+06,5.45285e+06,52.1213,-15.8081,559665,702.577,7180.98,999.743
5990,4.11336e+06,-1.09079e+06,5.46252e+06,52.2513,-14.8519,559695,664.079,7193.41,934.232
10,4.64151e+06,-938959,5.05307e+06,47.0345,-11.4364,558500,-1320.85,6730.35,2458.02
20,4.62807e+06,-871592,5.07735e+06,47.3293,-10.6654,558567,-1366.28,6743.1,2397.2
30,4.61418e+06,-804100,5.10101e+06,47.6183,-9.8855,558633,-1411.52,6755.11,2336.1
40,4.59984e+06,-736492,5.12407e+06,47.9012,-9.09656,558698,-1456.58,6766.38,2274.71
50,4.58505e+06,-668775,5.14651e+06,48.1781,-8.29864,558761,-1501.45,6776.92,2213.05
60,4.56981e+06,-600956,5.16833e+06,48.4488,-7.49173,558823,-1546.12,6786.71,2151.13
70,4.55413e+06,-533043,5.18953e+06,48.7132,-6.67588,558884,-1590.59,6795.75,2088.95
80,4.538e+06,-465044,5.21011e+06,48.9711,-5.85111,558943,-1634.86,6804.05,2026.52
90,4.52143e+06,-396965,5.23006e+06,49.2225,-5.01749,559000,-1678.93,6811.61,1963.85
100,4.50442e+06,-328814,5.24938e+06,49.4671,-4.17508,559057,-1722.78,6818.41,1900.95
110,4.48698e+06,-260599,5.26808e+06,49.705,-3.32395,559111,-1766.42,6824.47,1837.81
120,4.4691e+06,-192328,5.28614e+06,49.9358,-2.4642,559164,-1809.83,6829.78,1774.46
130,4.45078e+06,-124006,5.30356e+06,50.1596,-1.59595,559215,-1853.03,6834.33,1710.9
140,4.43204e+06,-55643.5,5.32036e+06,50.3762,-0.719301,559265,-1895.99,6838.14,1647.13
150,4.41286e+06,12753.7,5.33651e+06,50.5855,0.165591,559313,-1938.73,6841.19,1583.16
160,4.39326e+06,81177.7,5.35202e+06,50.7874,1.05858,559359,-1981.22,6843.49,1519
170,4.37324e+06,149621,5.36689e+06,50.9817,1.95949,559404,-2023.48,6845.03,1454.67
180,4.35279e+06,218076,5.38111e+06,51.1683,2.86813,559447,-2065.5,6845.83,1390.16
190,4.33193e+06,286535,5.39469e+06,51.3472,3.78431,559488,-2107.27,6845.86,1325.48
200,4.31065e+06,354990,5.40762e+06,51.5182,4.70779,559527,-2148.78,6845.14,1260.64
210,4.28895e+06,423435,5.4199e+06,51.6811,5.63836,559564,-2190.05,6843.67,1195.65
220,4.26685e+06,491861,5.43153e+06,51.836,6.57575,559600,-2231.05,6841.44,1130.52
230,4.24433e+06,560261,5.44251e+06,51.9827,7.51969,559633,-2271.79,6838.45,1065.26
240,4.22141e+06,628627,5.45284e+06,52.1211,8.4699,559665,-2312.26,6834.71,999.868
250,4.19809e+06,696952,5.46251e+06,52.2511,9.42608,559695,-2352.47,6830.21,934.356
260,4.17437e+06,765229,5.47152e+06,52.3726,10.3879,559722,-2392.4,6824.96,868.733
270,4.15024e+06,833449,5.47988e+06,52.4856,11.3551,559748,-2432.05,6818.95,803.006
280,4.12573e+06,901605,5.48758e+06,52.59,12.3272,559772,-2471.43,6812.19,737.183
290,4.10082e+06,969690,5.49463e+06,52.6856,13.3039,559794,-2510.52,6804.67,671.272
300,4.07552e+06,1.0377e+06,5.50101e+06,52.7724,14.2849,559814,-2549.32,6796.4,605.28
310,4.04983e+06,1.10562e+06,5.50673e+06,52.8505,15.2698,559831,-2587.82,6787.38,539.217
320,4.02376e+06,1.17344e+06,5.51179e+06,52.9196,16.2582,559847,-2626.04,6777.6,473.089
330,3.99731e+06,1.24116e+06,5.51619e+06,52.9798,17.2496,559861,-2663.96,6767.07,406.904
340,3.97048e+06,1.30878e+06,5.51993e+06,53.0309,18.2436,559873,-2701.57,6755.79,340.671
350,3.94328e+06,1.37628e+06,5.52301e+06,53.0731,19.2399,559882,-2738.88,6743.76,274.397
360,3.91571e+06,1.44365e+06,5.52542e+06,53.1062,20.238,559890,-2775.88,6730.98,208.09
370,3.88776e+06,1.51089e+06,5.52717e+06,53.1302,21.2375,559895,-2812.57,6717.45,141.758
380,3.85946e+06,1.578e+06,5.52825e+06,53.1451,22.238,559899,-2848.94,6703.17,75.4096
390,3.83079e+06,1.64496e+06,5.52867e+06,53.1509,23.2389,559900,-2885,6688.15,9.052
400,3.80176e+06,1.71176e+06,5.52843e+06,53.1476,24.2399,559900,-2920.73,6672.38,-57.3067
410,3.77237e+06,1.7784e+06,5.52753e+06,53.1352,25.2405,559897,-2956.14,6655.87,-123.659
420,3.74264e+06,1.84487e+06,5.52596e+06,53.1136,26.2403,559892,-2991.23,6638.62,-189.996
430,3.71255e+06,1.91117e+06,5.52373e+06,53.083,27.2388,559885,-3025.98,6620.63,-256.31
440,3.68212e+06,1.97728e+06,5.52083e+06,53.0433,28.2356,559876,-3060.4,6601.9,-322.594
450,3.65134e+06,2.04321e+06,5.51728e+06,52.9946,29.2303,559865,-3094.48,6582.43,-388.839
460,3.62023e+06,2.10893e+06,5.51306e+06,52.9369,30.2225,559852,-3128.22,6562.23,-455.037
470,3.58878e+06,2.17445e+06,5.50818e+06,52.8702,31.2117,559837,-3161.62,6541.29,-521.182
480,3.557e+06,2.23975e+06,5.50263e+06,52.7946,32.1976,559820,-3194.67,6519.62,-587.264
490,3.52489e+06,2.30484e+06,5.49643e+06,52.7101,33.1797,559801,-3227.38,6497.23,-653.276
500,3.49245e+06,2.36969e+06,5.48957e+06,52.6169,34.1576,559780,-3259.73,6474.11,-719.209
510,3.45969e+06,2.43432e+06,5.48205e+06,52.5149,35.1311,559757,-3291.73,6450.26,-785.057
520,3.42662e+06,2.4987e+06,5.47387e+06,52.4043,36.0996,559731,-3323.37,6425.69,-850.811
530,3.39323e+06,2.56283e+06,5.46503e+06,52.2851,37.0629,559704,-3354.66,6400.4,-916.464
540,3.35953e+06,2.6267e+06,5.45554e+06,52.1574,38.0207,559675,-3385.58,6374.39,-982.006
550,3.32552e+06,2.69031e+06,5.44539e+06,52.0213,38.9725,559644,-3416.14,6347.67,-1047.43
560,3.2912e+06,2.75365e+06,5.43459e+06,51.8768,39.9182,559611,-3446.33,6320.23,-1112.73
570,3.25659e+06,2.81672e+06,5.42314e+06,51.7242,40.8574,559577,-3476.15,6292.09,-1177.9
580,3.22168e+06,2.87949e+06,5.41103e+06,51.5634,41.7899,559540,-3505.59,6263.24,-1242.93
590,3.18648e+06,2.94198e+06,5.39828e+06,51.3946,42.7153,559502,-3534.67,6233.68,-1307.8
600,3.15099e+06,3.00416e+06,5.38488e+06,51.2179,43.6335,559461,-3563.36,6203.42,-1372.53
610,3.11522e+06,3.06604e+06,5.37083e+06,51.0333,44.5442,559419,-3591.68,6172.47,-1437.08
620,3.07916e+06,3.12761e+06,5.35614e+06,50.8411,45.4473,559375,-3619.61,6140.82,-1501.47
630,3.04282e+06,3.18886e+06,5.3408e+06,50.6413,46.3424,559330,-3647.16,6108.48,-1565.67
640,3.00622e+06,3.24978e+06,5.32483e+06,50.434,47.2295,559282,-3674.33,6075.45,-1629.69
650,2.96934e+06,3.31036e+06,5.30821e+06,50.2194,48.1084,559233,-3701.1,6041.73,-1693.52
660,2.9322e+06,3.37061e+06,5.29096e+06,49.9975,48.979,559182,-3727.48,6007.33,-1757.14
670,2.89479e+06,3.43051e+06,5.27307e+06,49.7686,49.8411,559130,-3753.47,5972.26,-1820.55
680,2.85713e+06,3.49005e+06,5.25455e+06,49.5327,50.6946,559076,-3779.07,5936.51,-1883.74
690,2.81921e+06,3.54924e+06,5.23539e+06,49.2899,51.5394,559020,-3804.27,5900.08,-1946.71
700,2.78104e+06,3.60805e+06,5.21561e+06,49.0403,52.3754,558963,-3829.06,5862.99,-2009.45
710,2.74263e+06,3.66649e+06,5.1952e+06,48.7842,53.2026,558905,-3853.46,5825.24,-2071.94
720,2.70398e+06,3.72455e+06,5.17417e+06,48.5216,54.0209,558845,-3877.45,5786.83,-2134.19
730,2.66508e+06,3.78223e+06,5.15252e+06,48.2526,54.8302,558783,-3901.04,5747.76,-2196.18
740,2.62596e+06,3.83951e+06,5.13025e+06,47.9773,55.6306,558720,-3924.22,5708.04,-2257.91
750,2.5866e+06,3.89639e+06,5.10736e+06,47.696,56.422,558656,-3947,5667.67,-2319.37
760,2.54702e+06,3.95286e+06,5.08387e+06,47.4087,57.2044,558590,-3969.36,5626.66,-2380.55
770,2.50721e+06,4.00892e+06,5.05975e+06,47.1155,57.9777,558524,-3991.31,5585.01,-2441.45
780,2.46719e+06,4.06456e+06,5.03504e+06,46.8165,58.7422,558456,-4012.84,5542.73,-2502.06
790,2.42696e+06,4.11977e+06,5.00971e+06,46.512,59.4976,558386,-4033.96,5499.81,-2562.36
800,2.38652e+06,4.17455e+06,4.98379e+06,46.2019,60.2442,558316,-4054.67,5456.27,-2622.36
810,2.34587e+06,4.22889e+06,4.95727e+06,45.8865,60.9818,558245,-4074.95,5412.11,-2682.05
820,2.30502e+06,4.28279e+06,4.93015e+06,45.5657,61.7106,558172,-4094.81,5367.33,-2741.41
830,2.26397e+06,4.33624e+06,4.90244e+06,45.2399,62.4307,558098,-4114.25,5321.93,-2800.45
840,2.22273e+06,4.38923e+06,4.87414e+06,44.909,63.142,558024,-4133.27,5275.93,-2859.15
850,2.18131e+06,4.44175e+06,4.84526e+06,44.5732,63.8447,557949,-4151.86,5229.33,-2917.51
860,2.1397e+06,4.49381e+06,4.81579e+06,44.2325,64.5389,557872,-4170.03,5182.13,-2975.52
870,2.09791e+06,4.54539e+06,4.78575e+06,43.8872,65.2245,557795,-4187.77,5134.34,-3033.17
880,2.05595e+06,4.5965e+06,4.75513e+06,43.5373,65.9017,557717,-4205.08,5085.96,-3090.46
890,2.01381e+06,4.64711e+06,4.72394e+06,43.1829,66.5707,557639,-4221.96,5037,-3147.38
900,1.97151e+06,4.69723e+06,4.69219e+06,42.8241,67.2314,557559,-4238.41,4987.46,-3203.92
910,1.92904e+06,4.74686e+06,4.65987e+06,42.461,67.884,557479,-4254.43,4937.34,-3260.08
920,1.88642e+06,4.79598e+06,4.62699e+06,42.0938,68.5286,557399,-4270.01,4886.67,-3315.85
930,1.84364e+06,4.84459e+06,4.59355e+06,41.7224,69.1653,557318,-4285.16,4835.42,-3371.22
940,1.80072e+06,4.89269e+06,4.55956e+06,41.3472,69.7942,557236,-4299.88,4783.63,-3426.19
950,1.75765e+06,4.94026e+06,4.52503e+06,40.968,70.4154,557154,-4314.16,4731.28,-3480.75
960,1.71444e+06,4.98731e+06,4.48995e+06,40.585,71.0291,557072,-4328,4678.39,-3534.89
970,1.67109e+06,5.03383e+06,4.45433e+06,40.1984,71.6353,556989,-4341.4,4624.96,-3588.61
980,1.62761e+06,5.07981e+06,4.41818e+06,39.8081,72.2341,556906,-4354.36,4570.99,-3641.9
990,1.584e+06,5.12525e+06,4.3815e+06,39.4143,72.8258,556823,-4366.89,4516.5,-3694.75
