0,-3.49392e+06,-3.23562e+06,5.02819e+06,46.734,-137.198,558431,6233.59,-2808.02,2518.52
5960,-3.41672e+06,-2.60265e+06,5.43155e+06,51.8363,-142.702,559600,5412.95,-4741.63,1130.38
5970,-3.36242e+06,-2.64995e+06,5.44253e+06,51.9829,-141.758,559633,5446.45,-4718.25,1065.11
5980,-3.30779e+06,-2.69701e+06,5.45285e+06,52.1213,-140.808,559665,5479.33,-4694.36,999.721
5990,-3.25284e+06,-2.74383e+06,5.46252e+06,52.2513,-139.852,559695,5511.6,-4669.95,934.209
10,-3.4314e+06,-3.26355e+06,5.05307e+06,47.0345,-136.436,558500,6270.79,-2778.4,2458
20,-3.36851e+06,-3.29118e+06,5.07734e+06,47.3293,-135.665,558567,6307.29,-2748.5,2397.18
30,-3.30526e+06,-3.31852e+06,5.10101e+06,47.6182,-134.885,558633,6343.08,-2718.33,2336.08
40,-3.24165e+06,-3.34555e+06,5.12407e+06,47.9012,-134.096,558698,6378.16,-2687.89,2274.69
50,-3.1777e+06,-3.37227e+06,5.1465e+06,48.1781,-133.298,558761,6412.52,-2657.17,2213.03
60,-3.1134e+06,-3.39869e+06,5.16832e+06,48.4488,-132.492,558823,6446.17,-2626.19,2151.11
70,-3.04877e+06,-3.4248e+06,5.18953e+06,48.7132,-131.676,558884,6479.09,-2594.95,2088.93
80,-2.98382e+06,-3.45059e+06,5.2101e+06,48.9711,-130.851,558943,6511.28,-2563.45,2026.51
90,-2.91855e+06,-3.47606e+06,5.23005e+06,49.2224,-130.017,559000,6542.74,-2531.69,1963.83
100,-2.85297e+06,-3.50122e+06,5.24938e+06,49.4671,-129.175,559057,6573.47,-2499.67,1900.93
110,-2.78708e+06,-3.52606e+06,5.26807e+06,49.7049,-128.324,559111,6603.46,-2467.4,1837.8
120,-2.7209e+06,-3.55057e+06,5.28613e+06,49.9358,-127.464,559164,6632.71,-2434.88,1774.44
130,-2.65443e+06,-3.57475e+06,5.30356e+06,50.1596,-126.596,559215,6661.21,-2402.11,1710.88
140,-2.58768e+06,-3.59861e+06,5.32035e+06,50.3762,-125.719,559265,6688.97,-2369.09,1647.11
150,-2.52066e+06,-3.62213e+06,5.3365e+06,50.5854,-124.834,559313,6715.99,-2335.84,1583.14
160,-2.45336e+06,-3.64533e+06,5.35201e+06,50.7873,-123.941,559359,6742.24,-2302.34,1518.99
170,-2.38581e+06,-3.66818e+06,5.36688e+06,50.9816,-123.04,559404,6767.75,-2268.61,1454.65
180,-2.31801e+06,-3.6907e+06,5.3811e+06,51.1682,-122.132,559447,6792.5,-2234.65,1390.14
190,-2.24997e+06,-3.71287e+06,5.39468e+06,51.3471,-121.215,559488,6816.48,-2200.46,1325.46
200,-2.18169e+06,-3.73471e+06,5.40761e+06,51.5181,-120.292,559527,6839.71,-2166.03,1260.62
210,-2.11318e+06,-3.75619e+06,5.41989e+06,51.6811,-119.361,559564,6862.17,-2131.39,1195.64
220,-2.04444e+06,-3.77733e+06,5.43153e+06,51.8359,-118.424,559600,6883.86,-2096.52,1130.51
230,-1.9755e+06,-3.79812e+06,5.4425e+06,51.9826,-117.48,559633,6904.78,-2061.44,1065.24
240,-1.90635e+06,-3.81856e+06,5.45283e+06,52.121,-116.53,559665,6924.93,-2026.13,999.85
250,-1.83701e+06,-3.83864e+06,5.4625e+06,52.251,-115.574,559694,6944.31,-1990.62,934.338
260,-1.76747e+06,-3.85837e+06,5.47152e+06,52.3726,-114.612,559722,6962.91,-1954.9,868.715
270,-1.69775e+06,-3.87774e+06,5.47987e+06,52.4855,-113.645,559748,6980.73,-1918.97,802.988
280,-1.62786e+06,-3.89675e+06,5.48758e+06,52.5899,-112.673,559772,6997.77,-1882.84,737.165
290,-1.5578e+06,-3.9154e+06,5.49462e+06,52.6855,-111.696,559794,7014.03,-1846.51,671.254
300,-1.48758e+06,-3.93368e+06,5.501e+06,52.7723,-110.715,559814,7029.51,-1809.98,605.263
310,-1.41721e+06,-3.9516e+06,5.50672e+06,52.8504,-109.73,559831,7044.21,-1773.26,539.199
320,-1.3467e+06,-3.96914e+06,5.51178e+06,52.9195,-108.742,559847,7058.12,-1736.35,473.071
330,-1.27605e+06,-3.98632e+06,5.51618e+06,52.9796,-107.75,559861,7071.24,-1699.25,406.886
340,-1.20528e+06,-4.00313e+06,5.51992e+06,53.0308,-106.756,559873,7083.57,-1661.97,340.653
350,-1.13438e+06,-4.01956e+06,5.523e+06,53.073,-105.76,559882,7095.12,-1624.5,274.379
360,-1.06338e+06,-4.03562e+06,5.52541e+06,53.1061,-104.762,559890,7105.87,-1586.86,208.073
370,-992267,-4.0513e+06,5.52716e+06,53.1301,-103.762,559895,7115.83,-1549.05,141.741
380,-921062,-4.0666e+06,5.52824e+06,53.145,-102.762,559899,7125,-1511.06,75.3925
390,-849770,-4.08152e+06,5.52867e+06,53.1508,-101.761,559900,7133.38,-1472.91,9.03494
400,-778398,-4.09606e+06,5.52842e+06,53.1475,-100.76,559900,7140.96,-1434.6,-57.3236
410,-706954,-4.11021e+06,5.52752e+06,53.135,-99.7593,559897,7147.74,-1396.12,-123.675
420,-635446,-4.12398e+06,5.52595e+06,53.1135,-98.7596,559892,7153.74,-1357.49,-190.012
430,-563882,-4.13736e+06,5.52372e+06,53.0829,-97.761,559885,7158.93,-1318.7,-256.327
440,-492270,-4.15035e+06,5.52082e+06,53.0432,-96.7642,559876,7163.33,-1279.76,-322.61
450,-420618,-4.16295e+06,5.51727e+06,52.9945,-95.7695,559865,7166.93,-1240.68,-388.855
460,-348934,-4.17516e+06,5.51305e+06,52.9367,-94.7773,559852,7169.73,-1201.45,-455.054
470,-277226,-4.18698e+06,5.50817e+06,52.87,-93.7881,559837,7171.74,-1162.08,-521.198
480,-205502,-4.19841e+06,5.50262e+06,52.7944,-92.8023,559820,7172.95,-1122.58,-587.28
490,-133770,-4.20943e+06,5.49642e+06,52.71,-91.8202,559801,7173.36,-1082.94,-653.292
500,-62037.8,-4.22006e+06,5.48956e+06,52.6167,-90.8422,559780,7172.98,-1043.18,-719.225
510,9686.7,-4.2303e+06,5.48204e+06,52.5148,-89.8688,559757,7171.8,-1003.29,-785.073
520,81395.4,-4.24013e+06,5.47386e+06,52.4041,-88.9003,559731,7169.82,-963.273,-850.827
530,153080,-4.24956e+06,5.46502e+06,52.2849,-87.9369,559704,7167.05,-923.14,-916.479
540,224734,-4.25859e+06,5.45553e+06,52.1572,-86.9792,559675,7163.48,-882.893,-982.022
550,296347,-4.26722e+06,5.44538e+06,52.0211,-86.0273,559644,7159.12,-842.534,-1047.45
560,367913,-4.27544e+06,5.43458e+06,51.8767,-85.0817,559611,7153.96,-802.068,-1112.75
570,439424,-4.28326e+06,5.42313e+06,51.724,-84.1425,559577,7148.01,-761.497,-1177.91
580,510871,-4.29067e+06,5.41102e+06,51.5632,-83.21,559540,7141.27,-720.826,-1242.94
590,582246,-4.29768e+06,5.39827e+06,51.3944,-82.2846,559502,7133.73,-680.059,-1307.82
600,653542,-4.30427e+06,5.38487e+06,51.2177,-81.3664,559461,7125.41,-639.198,-1372.54
610,724751,-4.31046e+06,5.37082e+06,51.0332,-80.4557,559419,7116.29,-598.247,-1437.1
620,795865,-4.31624e+06,5.35612e+06,50.8409,-79.5527,559375,7106.39,-557.211,-1501.48
630,866876,-4.3216e+06,5.34079e+06,50.6411,-78.6575,559329,7095.69,-516.093,-1565.69
640,937776,-4.32656e+06,5.32481e+06,50.4338,-77.7704,559282,7084.22,-474.896,-1629.71
650,1.00856e+06,-4.3311e+06,5.3082e+06,50.2192,-76.8915,559233,7071.96,-433.625,-1693.53
660,1.07921e+06,-4.33523e+06,5.29094e+06,49.9974,-76.0209,559182,7058.91,-392.284,-1757.15
670,1.14973e+06,-4.33895e+06,5.27305e+06,49.7684,-75.1589,559130,7045.09,-350.875,-1820.56
680,1.22011e+06,-4.34225e+06,5.25453e+06,49.5325,-74.3054,559076,7030.48,-309.403,-1883.76
690,1.29034e+06,-4.34513e+06,5.23538e+06,49.2897,-73.4606,559020,7015.1,-267.871,-1946.73
700,1.36041e+06,-4.34761e+06,5.2156e+06,49.0402,-72.6246,558963,6998.94,-226.284,-2009.46
710,1.43032e+06,-4.34966e+06,5.19519e+06,48.784,-71.7974,558905,6982.01,-184.645,-2071.96
720,1.50005e+06,-4.3513e+06,5.17416e+06,48.5214,-70.9791,558845,6964.31,-142.958,-2134.2
730,1.5696e+06,-4.35252e+06,5.15251e+06,48.2524,-70.1697,558783,6945.83,-101.226,-2196.2
740,1.63896e+06,-4.35332e+06,5.13024e+06,47.9772,-69.3694,558720,6926.59,-59.4546,-2257.93
750,1.70813e+06,-4.35371e+06,5.10735e+06,47.6958,-68.578,558656,6906.59,-17.6463,-2319.39
760,1.77709e+06,-4.35368e+06,5.08385e+06,47.4085,-67.7956,558590,6885.82,24.1946,-2380.57
770,1.84584e+06,-4.35322e+06,5.05974e+06,47.1153,-67.0222,558524,6864.29,66.0645,-2441.46
780,1.91437e+06,-4.35235e+06,5.03502e+06,46.8164,-66.2578,558456,6842,107.959,-2502.07
790,1.98268e+06,-4.35107e+06,5.0097e+06,46.5118,-65.5023,558386,6818.96,149.875,-2562.38
800,2.05075e+06,-4.34936e+06,4.98378e+06,46.2017,-64.7558,558316,6795.17,191.808,-2622.37
810,2.11858e+06,-4.34723e+06,4.95725e+06,45.8863,-64.0181,558244,6770.63,233.755,-2682.06
820,2.18616e+06,-4.34468e+06,4.93014e+06,45.5656,-63.2893,558172,6745.34,275.71,-2741.42
830,2.25349e+06,-4.34171e+06,4.90243e+06,45.2397,-62.5693,558098,6719.31,317.672,-2800.46
840,2.32054e+06,-4.33833e+06,4.87413e+06,44.9088,-61.8579,558024,6692.53,359.634,-2859.16
850,2.38733e+06,-4.33452e+06,4.84524e+06,44.573,-61.1553,557948,6665.02,401.595,-2917.52
860,2.45384e+06,-4.3303e+06,4.81578e+06,44.2323,-60.4611,557872,6636.78,443.549,-2975.53
870,2.52007e+06,-4.32565e+06,4.78573e+06,43.887,-59.7755,557795,6607.81,485.493,-3033.18
880,2.586e+06,-4.32059e+06,4.75512e+06,43.5371,-59.0983,557717,6578.1,527.423,-3090.47
890,2.65163e+06,-4.3151e+06,4.72393e+06,43.1827,-58.4293,557638,6547.68,569.335,-3147.39
900,2.71695e+06,-4.3092e+06,4.69217e+06,42.8239,-57.7686,557559,6516.53,611.225,-3203.93
910,2.78195e+06,-4.30288e+06,4.65985e+06,42.4608,-57.116,557479,6484.67,653.089,-3260.09
920,2.84664e+06,-4.29614e+06,4.62697e+06,42.0936,-56.4714,557399,6452.1,694.924,-3315.86
930,2.91099e+06,-4.28898e+06,4.59353e+06,41.7223,-55.8347,557318,6418.81,736.724,-3371.23
940,2.97501e+06,-4.2814e+06,4.55955e+06,41.347,-55.2058,557236,6384.82,778.487,-3426.2
950,3.03869e+06,-4.27341e+06,4.52501e+06,40.9678,-54.5846,557154,6350.13,820.208,-3480.76
960,3.10201e+06,-4.265e+06,4.48993e+06,40.5848,-53.9709,557072,6314.74,861.883,-3534.9
970,3.16498e+06,-4.25617e+06,4.45432e+06,40.1982,-53.3647,556989,6278.66,903.508,-3588.62
980,3.22758e+06,-4.24693e+06,4.41816e+06,39.8079,-52.7659,556906,6241.89,945.08,-3641.9
990,3.28982e+06,-4.23727e+06,4.38148e+06,39.4141,-52.1743,556823,6204.44,986.595,-3694.75
