0,-3.56119e+06,-4.22735e+06,-4.1895e+06,-37.3305,-130.111,565430,6000.88,-1133.94,-3960.16
5960,-3.76316e+06,-3.10261e+06,-4.93172e+06,-45.4948,-140.496,568793,6047.39,-2959.39,-2754.34
5970,-3.70249e+06,-3.13206e+06,-4.95896e+06,-45.8156,-139.771,568924,6087.39,-2931.24,-2695.23
5980,-3.64142e+06,-3.16123e+06,-4.98562e+06,-46.1313,-139.038,569053,6126.71,-2902.81,-2635.8
5990,-3.57996e+06,-3.19011e+06,-5.01168e+06,-46.4416,-138.296,569179,6165.34,-2874.09,-2576.05
10,-3.50098e+06,-4.23848e+06,-4.22885e+06,-37.74,-129.557,565597,6041.21,-1092.43,-3909.8
20,-3.44037e+06,-4.2492e+06,-4.2677e+06,-38.1464,-128.995,565764,6080.87,-1050.86,-3858.96
30,-3.37936e+06,-4.2595e+06,-4.30603e+06,-38.5497,-128.427,565930,6119.88,-1009.22,-3807.67
40,-3.31797e+06,-4.26938e+06,-4.34385e+06,-38.9497,-127.853,566095,6158.21,-967.518,-3755.93
50,-3.2562e+06,-4.27885e+06,-4.38115e+06,-39.3464,-127.271,566258,6195.87,-925.762,-3703.74
60,-3.19406e+06,-4.2879e+06,-4.41792e+06,-39.7397,-126.682,566421,6232.86,-883.952,-3651.11
70,-3.13155e+06,-4.29653e+06,-4.45417e+06,-40.1296,-126.087,566581,6269.16,-842.094,-3598.04
80,-3.06868e+06,-4.30474e+06,-4.48988e+06,-40.5158,-125.484,566741,6304.78,-800.191,-3544.55
90,-3.00545e+06,-4.31253e+06,-4.52506e+06,-40.8984,-124.873,566899,6339.71,-758.248,-3490.64
100,-2.94189e+06,-4.31991e+06,-4.55969e+06,-41.2772,-124.255,567055,6373.94,-716.267,-3436.31
110,-2.87798e+06,-4.32686e+06,-4.59378e+06,-41.6521,-123.63,567210,6407.48,-674.253,-3381.57
120,-2.81374e+06,-4.33339e+06,-4.62732e+06,-42.0231,-122.996,567363,6440.31,-632.211,-3326.44
130,-2.74917e+06,-4.3395e+06,-4.66031e+06,-42.3901,-122.355,567515,6472.45,-590.143,-3270.9
140,-2.68429e+06,-4.34519e+06,-4.69274e+06,-42.7529,-121.706,567665,6503.87,-548.054,-3214.98
150,-2.6191e+06,-4.35046e+06,-4.72461e+06,-43.1115,-121.049,567813,6534.58,-505.948,-3158.68
160,-2.5536e+06,-4.35531e+06,-4.75591e+06,-43.4657,-120.384,567959,6564.57,-463.829,-3102
170,-2.48781e+06,-4.35974e+06,-4.78665e+06,-43.8156,-119.711,568103,6593.85,-421.7,-3044.96
180,-2.42173e+06,-4.36375e+06,-4.81681e+06,-44.1608,-119.029,568245,6622.4,-379.567,-2987.55
190,-2.35537e+06,-4.36733e+06,-4.84639e+06,-44.5014,-118.339,568385,6650.23,-337.431,-2929.79
200,-2.28873e+06,-4.37049e+06,-4.8754e+06,-44.8372,-117.64,568523,6677.32,-295.298,-2871.68
210,-2.22182e+06,-4.37324e+06,-4.90383e+06,-45.1682,-116.933,568659,6703.69,-253.171,-2813.23
220,-2.15466e+06,-4.37556e+06,-4.93167e+06,-45.4942,-116.217,568792,6729.32,-211.055,-2754.45
230,-2.08724e+06,-4.37746e+06,-4.95891e+06,-45.8151,-115.493,568924,6754.21,-168.952,-2695.34
240,-2.01958e+06,-4.37894e+06,-4.98557e+06,-46.1307,-114.759,569053,6778.36,-126.868,-2635.91
250,-1.95167e+06,-4.38e+06,-5.01163e+06,-46.4411,-114.017,569179,6801.77,-84.8051,-2576.16
260,-1.88354e+06,-4.38063e+06,-5.03709e+06,-46.746,-113.266,569303,6824.43,-42.7681,-2516.12
270,-1.81519e+06,-4.38085e+06,-5.06195e+06,-47.0453,-112.506,569425,6846.34,-0.760705,-2455.77
280,-1.74662e+06,-4.38065e+06,-5.08621e+06,-47.3389,-111.738,569544,6867.5,41.2133,-2395.13
290,-1.67784e+06,-4.38003e+06,-5.10986e+06,-47.6268,-110.96,569661,6887.9,83.1501,-2334.21
300,-1.60886e+06,-4.37899e+06,-5.13289e+06,-47.9087,-110.174,569775,6907.55,125.046,-2273.02
310,-1.53969e+06,-4.37753e+06,-5.15531e+06,-48.1845,-109.378,569886,6926.44,166.897,-2211.55
320,-1.47034e+06,-4.37565e+06,-5.17712e+06,-48.4542,-108.574,569995,6944.56,208.699,-2149.82
330,-1.4008e+06,-4.37335e+06,-5.19831e+06,-48.7176,-107.761,570101,6961.93,250.448,-2087.84
340,-1.3311e+06,-4.37064e+06,-5.21888e+06,-48.9746,-106.938,570204,6978.53,292.142,-2025.61
350,-1.26124e+06,-4.36751e+06,-5.23882e+06,-49.2251,-106.108,570304,6994.36,333.775,-1963.14
360,-1.19122e+06,-4.36396e+06,-5.25814e+06,-49.4688,-105.268,570402,7009.42,375.345,-1900.43
370,-1.12105e+06,-4.36e+06,-5.27683e+06,-49.7058,-104.42,570496,7023.71,416.846,-1837.51
380,-1.05075e+06,-4.35563e+06,-5.29489e+06,-49.9359,-103.563,570588,7037.22,458.277,-1774.36
390,-980310,-4.35084e+06,-5.31232e+06,-50.159,-102.698,570677,7049.97,499.633,-1711
400,-909750,-4.34563e+06,-5.32911e+06,-50.3749,-101.824,570762,7061.93,540.909,-1647.45
410,-839074,-4.34002e+06,-5.34526e+06,-50.5835,-100.942,570845,7073.12,582.104,-1583.69
420,-768291,-4.33399e+06,-5.36078e+06,-50.7848,-100.052,570924,7083.53,623.212,-1519.75
430,-697407,-4.32756e+06,-5.37566e+06,-50.9786,-99.1548,571001,7093.16,664.23,-1455.63
440,-626430,-4.32071e+06,-5.38989e+06,-51.1647,-98.2494,571074,7102.01,705.155,-1391.34
450,-555370,-4.31345e+06,-5.40348e+06,-51.3431,-97.3366,571144,7110.07,745.983,-1326.88
460,-484232,-4.30579e+06,-5.41643e+06,-51.5137,-96.4166,571211,7117.35,786.71,-1262.27
470,-413025,-4.29772e+06,-5.42873e+06,-51.6764,-95.4895,571274,7123.85,827.332,-1197.5
480,-341758,-4.28924e+06,-5.44038e+06,-51.831,-94.5556,571335,7129.56,867.846,-1132.6
490,-270437,-4.28036e+06,-5.45138e+06,-51.9774,-93.6152,571392,7134.49,908.249,-1067.56
500,-199071,-4.27108e+06,-5.46173e+06,-52.1157,-92.6686,571446,7138.62,948.537,-1002.39
510,-127668,-4.26139e+06,-5.47143e+06,-52.2456,-91.716,571496,7141.97,988.705,-937.109
520,-56234.7,-4.2513e+06,-5.48047e+06,-52.3671,-90.7578,571543,7144.54,1028.75,-871.713
530,15220,-4.24082e+06,-5.48886e+06,-52.4801,-89.7944,571587,7146.31,1068.67,-806.215
540,86688.5,-4.22993e+06,-5.4966e+06,-52.5845,-88.8259,571627,7147.29,1108.46,-740.621
550,158163,-4.21865e+06,-5.50367e+06,-52.6803,-87.8529,571664,7147.49,1148.12,-674.94
560,229635,-4.20697e+06,-5.5101e+06,-52.7673,-86.8756,571698,7146.89,1187.64,-609.179
570,301098,-4.1949e+06,-5.51586e+06,-52.8456,-85.8945,571728,7145.5,1227.02,-543.345
580,372542,-4.18243e+06,-5.52096e+06,-52.9151,-84.9099,571755,7143.33,1266.26,-477.448
590,443961,-4.16957e+06,-5.52541e+06,-52.9756,-83.9222,571778,7140.36,1305.36,-411.494
600,515347,-4.15632e+06,-5.52919e+06,-53.0273,-82.9319,571798,7136.61,1344.3,-345.491
610,586690,-4.14269e+06,-5.53232e+06,-53.07,-81.9393,571814,7132.07,1383.08,-279.448
620,657985,-4.12866e+06,-5.53478e+06,-53.1037,-80.9449,571827,7126.73,1421.72,-213.371
630,729222,-4.11425e+06,-5.53658e+06,-53.1283,-79.9491,571836,7120.61,1460.19,-147.269
640,800394,-4.09946e+06,-5.53773e+06,-53.144,-78.9523,571842,7113.7,1498.49,-81.15
650,871493,-4.08428e+06,-5.53821e+06,-53.1506,-77.955,571845,7106.01,1536.63,-15.0211
660,942511,-4.06873e+06,-5.53803e+06,-53.1481,-76.9576,571844,7097.52,1574.6,51.1095
670,1.01344e+06,-4.05279e+06,-5.53718e+06,-53.1366,-75.9605,571839,7088.25,1612.4,117.234
680,1.08427e+06,-4.03648e+06,-5.53568e+06,-53.116,-74.9642,571831,7078.2,1650.02,183.345
690,1.155e+06,-4.01979e+06,-5.53352e+06,-53.0864,-73.9691,571820,7067.36,1687.46,249.434
700,1.22562e+06,-4.00273e+06,-5.53069e+06,-53.0478,-72.9757,571805,7055.74,1724.71,315.493
710,1.29611e+06,-3.9853e+06,-5.52721e+06,-53.0002,-71.9842,571786,7043.33,1761.78,381.516
720,1.36648e+06,-3.9675e+06,-5.52306e+06,-52.9437,-70.9953,571765,7030.14,1798.66,447.493
730,1.43671e+06,-3.94933e+06,-5.51826e+06,-52.8783,-70.0093,571739,7016.18,1835.34,513.417
740,1.5068e+06,-3.93079e+06,-5.51279e+06,-52.804,-69.0265,571711,7001.43,1871.83,579.28
750,1.57674e+06,-3.91189e+06,-5.50667e+06,-52.7209,-68.0475,571678,6985.91,1908.12,645.075
760,1.64652e+06,-3.89263e+06,-5.49989e+06,-52.6291,-67.0724,571643,6969.61,1944.21,710.794
770,1.71613e+06,-3.87301e+06,-5.49246e+06,-52.5286,-66.1019,571604,6952.54,1980.09,776.428
780,1.78557e+06,-3.85303e+06,-5.48437e+06,-52.4195,-65.1361,571561,6934.7,2015.76,841.971
790,1.85482e+06,-3.83269e+06,-5.47562e+06,-52.3018,-64.1755,571516,6916.08,2051.23,907.414
800,1.92388e+06,-3.812e+06,-5.46622e+06,-52.1758,-63.2203,571467,6896.7,2086.47,972.75
810,1.99275e+06,-3.79096e+06,-5.45616e+06,-52.0413,-62.271,571414,6876.55,2121.5,1037.97
820,2.06141e+06,-3.76958e+06,-5.44546e+06,-51.8986,-61.3277,571358,6855.63,2156.31,1103.07
830,2.12986e+06,-3.74784e+06,-5.4341e+06,-51.7476,-60.3909,571299,6833.95,2190.89,1168.04
840,2.19809e+06,-3.72576e+06,-5.4221e+06,-51.5886,-59.4606,571237,6811.52,2225.25,1232.87
850,2.26609e+06,-3.70333e+06,-5.40945e+06,-51.4216,-58.5373,571172,6788.32,2259.38,1297.55
860,2.33385e+06,-3.68057e+06,-5.39615e+06,-51.2468,-57.6212,571103,6764.37,2293.27,1362.08
870,2.40137e+06,-3.65747e+06,-5.3822e+06,-51.0641,-56.7124,571031,6739.66,2326.93,1426.45
880,2.46864e+06,-3.63403e+06,-5.36762e+06,-50.8738,-55.8113,570956,6714.2,2360.36,1490.65
890,2.53565e+06,-3.61026e+06,-5.35239e+06,-50.6759,-54.9179,570878,6688,2393.54,1554.67
900,2.6024e+06,-3.58616e+06,-5.33653e+06,-50.4706,-54.0324,570796,6661.05,2426.47,1618.51
910,2.66887e+06,-3.56174e+06,-5.32002e+06,-50.258,-53.1551,570712,6633.35,2459.16,1682.16
920,2.73506e+06,-3.53698e+06,-5.30288e+06,-50.0382,-52.2861,570625,6604.92,2491.6,1745.61
930,2.80097e+06,-3.5119e+06,-5.28511e+06,-49.8113,-51.4254,570534,6575.75,2523.79,1808.85
940,2.86658e+06,-3.48651e+06,-5.26671e+06,-49.5774,-50.5733,570441,6545.84,2555.72,1871.88
950,2.93188e+06,-3.46079e+06,-5.24767e+06,-49.3367,-49.7297,570345,6515.21,2587.4,1934.68
960,2.99688e+06,-3.43476e+06,-5.22801e+06,-49.0892,-48.8948,570245,6483.84,2618.82,1997.26
970,3.06156e+06,-3.40842e+06,-5.20773e+06,-48.8352,-48.0687,570143,6451.75,2649.97,2059.6
980,3.12591e+06,-3.38176e+06,-5.18682e+06,-48.5747,-47.2515,570039,6418.94,2680.85,2121.7
990,3.18993e+06,-3.3548e+06,-5.1653e+06,-48.3079,-46.443,569931,6385.42,2711.47,2183.54
