0,-3.32419e+06,2.63666e+06,5.47232e+06,52.3833,141.579,559725,-3567.17,-6292,862.737
5960,-3.17833e+06,2.7519e+06,5.50209e+06,52.7872,139.113,559818,-5313.11,-4947.23,-593.415
5970,-3.23131e+06,2.7023e+06,5.49582e+06,52.7019,140.095,559799,-5282.15,-4972.01,-659.42
5980,-3.28397e+06,2.65246e+06,5.4889e+06,52.6078,141.072,559778,-5250.59,-4996.23,-725.346
5990,-3.33632e+06,2.60238e+06,5.48132e+06,52.505,142.045,559754,-5218.45,-5019.91,-791.186
10,-3.35971e+06,2.57361e+06,5.48061e+06,52.4955,142.547,559750,-3536.54,-6317.87,797.001
20,-3.39492e+06,2.5103e+06,5.48825e+06,52.5991,143.52,559774,-3505.52,-6343.02,731.17
30,-3.42982e+06,2.44675e+06,5.49524e+06,52.6939,144.497,559796,-3474.13,-6367.47,665.251
40,-3.4644e+06,2.38296e+06,5.50156e+06,52.78,145.478,559815,-3442.35,-6391.21,599.253
50,-3.49866e+06,2.31893e+06,5.50722e+06,52.8572,146.463,559833,-3410.2,-6414.22,533.183
60,-3.5326e+06,2.25467e+06,5.51222e+06,52.9255,147.452,559849,-3377.68,-6436.53,467.049
70,-3.56622e+06,2.1902e+06,5.51656e+06,52.9848,148.444,559862,-3344.78,-6458.11,400.86
80,-3.5995e+06,2.12552e+06,5.52024e+06,53.0352,149.438,559874,-3311.52,-6478.97,334.622
90,-3.63245e+06,2.06062e+06,5.52325e+06,53.0765,150.434,559883,-3277.89,-6499.11,268.345
100,-3.66505e+06,1.99554e+06,5.52561e+06,53.1088,151.433,559890,-3243.9,-6518.52,202.035
110,-3.69732e+06,1.93026e+06,5.5273e+06,53.132,152.432,559896,-3209.56,-6537.2,135.702
120,-3.72924e+06,1.86479e+06,5.52832e+06,53.1461,153.433,559899,-3174.85,-6555.16,69.3521
130,-3.76082e+06,1.79916e+06,5.52868e+06,53.151,154.434,559900,-3139.8,-6572.39,2.99409
140,-3.79204e+06,1.73335e+06,5.52838e+06,53.1469,155.435,559899,-3104.39,-6588.88,-63.3643
150,-3.8229e+06,1.66738e+06,5.52742e+06,53.1336,156.435,559896,-3068.64,-6604.64,-129.715
160,-3.85341e+06,1.60126e+06,5.52579e+06,53.1113,157.435,559891,-3032.55,-6619.67,-196.05
170,-3.88355e+06,1.53499e+06,5.52349e+06,53.0798,158.433,559884,-2996.11,-6633.96,-262.362
180,-3.91333e+06,1.46858e+06,5.52054e+06,53.0393,159.43,559875,-2959.34,-6647.51,-328.643
190,-3.94274e+06,1.40204e+06,5.51692e+06,52.9897,160.425,559864,-2922.24,-6660.33,-394.884
200,-3.97178e+06,1.33538e+06,5.51264e+06,52.9312,161.416,559851,-2884.8,-6672.41,-461.078
210,-4.00044e+06,1.2686e+06,5.5077e+06,52.8637,162.405,559836,-2847.04,-6683.74,-527.217
220,-4.02872e+06,1.20171e+06,5.5021e+06,52.7873,163.391,559818,-2808.95,-6694.34,-593.293
230,-4.05661e+06,1.13471e+06,5.49583e+06,52.702,164.373,559799,-2770.55,-6704.19,-659.298
240,-4.08412e+06,1.06763e+06,5.48891e+06,52.608,165.35,559778,-2731.82,-6713.3,-725.225
250,-4.11125e+06,1.00045e+06,5.48133e+06,52.5052,166.323,559754,-2692.79,-6721.67,-791.064
260,-4.13798e+06,933194,5.47309e+06,52.3938,167.291,559729,-2653.44,-6729.29,-856.809
270,-4.16432e+06,865867,5.46419e+06,52.2738,168.254,559702,-2613.79,-6736.17,-922.452
280,-4.19025e+06,798474,5.45464e+06,52.1453,169.211,559673,-2573.84,-6742.3,-987.984
290,-4.21579e+06,731023,5.44444e+06,52.0085,170.163,559641,-2533.59,-6747.69,-1053.4
300,-4.24093e+06,663522,5.43357e+06,51.8633,171.108,559608,-2493.04,-6752.34,-1118.69
310,-4.26565e+06,595979,5.42206e+06,51.7099,172.046,559573,-2452.2,-6756.24,-1183.84
320,-4.28997e+06,528400,5.4099e+06,51.5483,172.978,559537,-2411.07,-6759.39,-1248.85
330,-4.31387e+06,460794,5.39709e+06,51.3788,173.903,559498,-2369.66,-6761.8,-1313.72
340,-4.33736e+06,393167,5.38362e+06,51.2014,174.82,559457,-2327.97,-6763.46,-1378.43
350,-4.36043e+06,325527,5.36952e+06,51.0161,175.731,559415,-2286.01,-6764.38,-1442.97
360,-4.38308e+06,257882,5.35477e+06,50.8232,176.633,559371,-2243.77,-6764.55,-1507.34
370,-4.4053e+06,190239,5.33937e+06,50.6227,177.527,559325,-2201.26,-6763.98,-1571.53
380,-4.4271e+06,122605,5.32334e+06,50.4147,178.414,559278,-2158.49,-6762.67,-1635.53
390,-4.44847e+06,54988.2,5.30666e+06,50.1995,179.292,559228,-2115.46,-6760.61,-1699.33
400,-4.46941e+06,-12604.4,5.28935e+06,49.977,-179.838,559178,-2072.17,-6757.81,-1762.94
410,-4.48992e+06,-80165.3,5.2714e+06,49.7474,-178.977,559125,-2028.63,-6754.26,-1826.33
420,-4.50998e+06,-147687,5.25282e+06,49.5108,-178.124,559071,-1984.85,-6749.98,-1889.5
430,-4.52961e+06,-215162,5.23361e+06,49.2674,-177.28,559015,-1940.81,-6744.95,-1952.45
440,-4.5488e+06,-282584,5.21378e+06,49.0172,-176.445,558958,-1896.54,-6739.19,-2015.16
450,-4.56754e+06,-349943,5.19331e+06,48.7605,-175.619,558899,-1852.03,-6732.69,-2077.64
460,-4.58584e+06,-417235,5.17222e+06,48.4973,-174.801,558839,-1807.29,-6725.45,-2139.86
470,-4.60369e+06,-484450,5.15052e+06,48.2277,-173.993,558777,-1762.33,-6717.47,-2201.83
480,-4.62109e+06,-551581,5.12819e+06,47.9519,-173.193,558714,-1717.14,-6708.76,-2263.54
490,-4.63803e+06,-618622,5.10525e+06,47.67,-172.403,558650,-1671.73,-6699.31,-2324.97
500,-4.65452e+06,-685565,5.08169e+06,47.3822,-171.621,558584,-1626.1,-6689.13,-2386.13
510,-4.67055e+06,-752402,5.05753e+06,47.0884,-170.849,558518,-1580.27,-6678.22,-2447
520,-4.68612e+06,-819127,5.03275e+06,46.789,-170.085,558449,-1534.23,-6666.58,-2507.58
530,-4.70123e+06,-885732,5.00737e+06,46.4839,-169.33,558380,-1487.99,-6654.22,-2567.85
540,-4.71588e+06,-952209,4.9814e+06,46.1734,-168.585,558310,-1441.55,-6641.13,-2627.82
550,-4.73007e+06,-1.01855e+06,4.95482e+06,45.8574,-167.848,558238,-1394.92,-6627.31,-2687.48
560,-4.74378e+06,-1.08475e+06,4.92765e+06,45.5362,-167.12,558165,-1348.1,-6612.77,-2746.82
570,-4.75703e+06,-1.1508e+06,4.89988e+06,45.2099,-166.4,558092,-1301.1,-6597.51,-2805.82
580,-4.7698e+06,-1.2167e+06,4.87153e+06,44.8785,-165.69,558017,-1253.92,-6581.54,-2864.49
590,-4.7821e+06,-1.28243e+06,4.8426e+06,44.5423,-164.988,557942,-1206.57,-6564.85,-2922.82
600,-4.79393e+06,-1.34799e+06,4.81308e+06,44.2012,-164.295,557865,-1159.04,-6547.44,-2980.8
610,-4.80528e+06,-1.41338e+06,4.78298e+06,43.8554,-163.61,557788,-1111.35,-6529.32,-3038.42
620,-4.81616e+06,-1.47858e+06,4.75231e+06,43.5051,-162.933,557710,-1063.5,-6510.5,-3095.67
630,-4.82655e+06,-1.54359e+06,4.72107e+06,43.1503,-162.265,557631,-1015.5,-6490.96,-3152.56
640,-4.83647e+06,-1.6084e+06,4.68926e+06,42.7911,-161.605,557552,-967.339,-6470.72,-3209.07
650,-4.8459e+06,-1.673e+06,4.65689e+06,42.4277,-160.953,557472,-919.034,-6449.79,-3265.19
660,-4.85485e+06,-1.73739e+06,4.62396e+06,42.0601,-160.309,557391,-870.589,-6428.15,-3320.93
670,-4.86331e+06,-1.80156e+06,4.59047e+06,41.6884,-159.673,557310,-822.006,-6405.81,-3376.26
680,-4.87129e+06,-1.8655e+06,4.55644e+06,41.3127,-159.045,557229,-773.291,-6382.79,-3431.19
690,-4.87878e+06,-1.92921e+06,4.52185e+06,40.9332,-158.425,557147,-724.448,-6359.07,-3485.71
700,-4.88578e+06,-1.99268e+06,4.48672e+06,40.5499,-157.812,557064,-675.483,-6334.66,-3539.81
710,-4.89229e+06,-2.0559e+06,4.45106e+06,40.1629,-157.206,556982,-626.4,-6309.57,-3593.49
720,-4.8983e+06,-2.11887e+06,4.41485e+06,39.7723,-156.608,556899,-577.204,-6283.8,-3646.74
730,-4.90383e+06,-2.18158e+06,4.37812e+06,39.3782,-156.017,556816,-527.9,-6257.35,-3699.55
740,-4.90886e+06,-2.24402e+06,4.34086e+06,38.9807,-155.433,556733,-478.493,-6230.23,-3751.92
750,-4.9134e+06,-2.30618e+06,4.30309e+06,38.5798,-154.856,556649,-428.987,-6202.43,-3803.84
760,-4.91744e+06,-2.36806e+06,4.26479e+06,38.1757,-154.286,556566,-379.388,-6173.97,-3855.3
770,-4.92099e+06,-2.42966e+06,4.22598e+06,37.7684,-153.723,556482,-329.701,-6144.84,-3906.3
780,-4.92404e+06,-2.49096e+06,4.18667e+06,37.358,-153.166,556399,-279.93,-6115.05,-3956.83
790,-4.92659e+06,-2.55196e+06,4.14685e+06,36.9446,-152.616,556316,-230.081,-6084.61,-4006.89
800,-4.92864e+06,-2.61265e+06,4.10653e+06,36.5282,-152.072,556233,-180.158,-6053.51,-4056.46
810,-4.93019e+06,-2.67302e+06,4.06572e+06,36.109,-151.535,556150,-130.167,-6021.76,-4105.55
820,-4.93124e+06,-2.73308e+06,4.02442e+06,35.687,-151.003,556068,-80.1127,-5989.36,-4154.15
830,-4.93179e+06,-2.79281e+06,3.98264e+06,35.2622,-150.478,555986,-29.9998,-5956.33,-4202.25
840,-4.93184e+06,-2.8522e+06,3.94038e+06,34.8348,-149.958,555904,20.1665,-5922.65,-4249.85
850,-4.93139e+06,-2.91126e+06,3.89764e+06,34.4048,-149.444,555823,70.381,-5888.34,-4296.93
860,-4.93043e+06,-2.96997e+06,3.85444e+06,33.9723,-148.936,555742,120.639,-5853.4,-4343.5
870,-4.92897e+06,-3.02833e+06,3.81078e+06,33.5373,-148.434,555662,170.935,-5817.84,-4389.55
880,-4.92701e+06,-3.08632e+06,3.76665e+06,33.0999,-147.937,555582,221.263,-5781.65,-4435.08
890,-4.92455e+06,-3.14396e+06,3.72208e+06,32.6602,-147.445,555503,271.62,-5744.85,-4480.07
900,-4.92158e+06,-3.20122e+06,3.67705e+06,32.2182,-146.958,555425,321.999,-5707.43,-4524.52
910,-4.91811e+06,-3.2581e+06,3.63159e+06,31.7741,-146.477,555348,372.396,-5669.41,-4568.43
920,-4.91413e+06,-3.3146e+06,3.58569e+06,31.3277,-146,555271,422.806,-5630.78,-4611.79
930,-4.90965e+06,-3.37072e+06,3.53935e+06,30.8792,-145.528,555196,473.223,-5591.56,-4654.6
940,-4.90467e+06,-3.42643e+06,3.4926e+06,30.4288,-145.062,555121,523.642,-5551.74,-4696.85
950,-4.89918e+06,-3.48175e+06,3.44542e+06,29.9763,-144.599,555048,574.057,-5511.33,-4738.54
960,-4.89319e+06,-3.53666e+06,3.39783e+06,29.5218,-144.142,554975,624.465,-5470.34,-4779.66
970,-4.88669e+06,-3.59115e+06,3.34983e+06,29.0655,-143.688,554904,674.859,-5428.76,-4820.2
980,-4.87969e+06,-3.64523e+06,3.30143e+06,28.6074,-143.239,554833,725.235,-5386.61,-4860.17
990,-4.87219e+06,-3.69888e+06,3.25263e+06,28.1474,-142.795,554764,775.587,-5343.89,-4899.55
