0,3.95452e+06,3.14843e+06,4.94997e+06,44.5729,38.5254,707177,-4980.65,5064.5,755.957
1,3.94954e+06,3.1535e+06,4.95072e+06,44.5814,38.6055,707179,-4984.33,5061.71,750.381
2,3.94455e+06,3.15856e+06,4.95147e+06,44.5899,38.6856,707181,-4988,5058.91,744.803
3,3.93957e+06,3.16361e+06,4.95221e+06,44.5984,38.7657,707183,-4991.67,5056.1,739.226
4,3.93457e+06,3.16867e+06,4.95295e+06,44.6067,38.8459,707185,-4995.34,5053.29,733.647
5,3.92957e+06,3.17372e+06,4.95368e+06,44.615,38.9261,707187,-4999,5050.47,728.067
6,3.92457e+06,3.17877e+06,4.9544e+06,44.6233,39.0063,707188,-5002.65,5047.65,722.487
7,3.91957e+06,3.18382e+06,4.95512e+06,44.6314,39.0865,707190,-5006.3,5044.82,716.906
8,3.91456e+06,3.18886e+06,4.95584e+06,44.6395,39.1668,707192,-5009.95,5041.99,711.324
9,3.90955e+06,3.1939e+06,4.95655e+06,44.6476,39.247,707194,-5013.59,5039.15,705.741
10,3.90453e+06,3.19894e+06,4.95725e+06,44.6556,39.3273,707196,-5017.22,5036.31,700.157
11,3.89951e+06,3.20397e+06,4.95795e+06,44.6635,39.4077,707198,-5020.85,5033.46,694.573
12,3.89449e+06,3.209e+06,4.95864e+06,44.6714,39.488,707199,-5024.47,5030.61,688.988
13,3.88947e+06,3.21403e+06,4.95933e+06,44.6792,39.5684,707201,-5028.09,5027.75,683.402
14,3.88444e+06,3.21906e+06,4.96001e+06,44.6869,39.6488,707203,-5031.71,5024.89,677.815
15,3.8794e+06,3.22408e+06,4.96068e+06,44.6946,39.7292,707205,-5035.31,5022.02,672.227
16,3.87437e+06,3.2291e+06,4.96135e+06,44.7022,39.8096,707206,-5038.92,5019.14,666.639
17,3.86932e+06,3.23412e+06,4.96201e+06,44.7098,39.8901,707208,-5042.51,5016.27,661.05
18,3.86428e+06,3.23914e+06,4.96267e+06,44.7172,39.9706,707210,-5046.11,5013.38,655.46
19,3.85923e+06,3.24415e+06,4.96333e+06,44.7247,40.0511,707211,-5049.69,5010.49,649.87
20,3.85418e+06,3.24916e+06,4.96397e+06,44.732,40.1316,707213,-5053.27,5007.6,644.279
21,3.84913e+06,3.25416e+06,4.96461e+06,44.7393,40.2122,707215,-5056.85,5004.7,638.687
22,3.84407e+06,3.25917e+06,4.96525e+06,44.7466,40.2927,707216,-5060.42,5001.8,633.094
23,3.839e+06,3.26417e+06,4.96588e+06,44.7537,40.3733,707218,-5063.99,4998.89,627.501
24,3.83394e+06,3.26916e+06,4.9665e+06,44.7609,40.4539,707220,-5067.55,4995.98,621.907
25,3.82887e+06,3.27416e+06,4.96712e+06,44.7679,40.5345,707221,-5071.11,4993.06,616.312
26,3.8238e+06,3.27915e+06,4.96774e+06,44.7749,40.6152,707223,-5074.66,4990.13,610.717
27,3.81872e+06,3.28414e+06,4.96835e+06,44.7818,40.6959,707224,-5078.2,4987.2,605.121
28,3.81364e+06,3.28912e+06,4.96895e+06,44.7887,40.7766,707226,-5081.74,4984.27,599.524
29,3.80856e+06,3.29411e+06,4.96954e+06,44.7955,40.8573,707227,-5085.28,4981.33,593.926
30,3.80347e+06,3.29909e+06,4.97014e+06,44.8022,40.938,707229,-5088.8,4978.39,588.328
31,3.79838e+06,3.30406e+06,4.97072e+06,44.8089,41.0188,707231,-5092.33,4975.44,582.729
32,3.79329e+06,3.30904e+06,4.9713e+06,44.8155,41.0995,707232,-5095.85,4972.48,577.13
33,3.78819e+06,3.31401e+06,4.97188e+06,44.822,41.1803,707234,-5099.36,4969.52,571.53
34,3.78309e+06,3.31898e+06,4.97244e+06,44.8285,41.2611,707235,-5102.87,4966.56,565.929
35,3.77798e+06,3.32394e+06,4.97301e+06,44.8349,41.342,707236,-5106.37,4963.59,560.328
36,3.77287e+06,3.3289e+06,4.97356e+06,44.8413,41.4228,707238,-5109.87,4960.62,554.726
37,3.76776e+06,3.33386e+06,4.97412e+06,44.8476,41.5037,707239,-5113.36,4957.64,549.123
38,3.76265e+06,3.33882e+06,4.97466e+06,44.8538,41.5845,707241,-5116.85,4954.65,543.52
39,3.75753e+06,3.34377e+06,4.9752e+06,44.86,41.6654,707242,-5120.33,4951.66,537.916
40,3.75241e+06,3.34872e+06,4.97574e+06,44.8661,41.7464,707244,-5123.81,4948.67,532.311
41,3.74728e+06,3.35367e+06,4.97627e+06,44.8721,41.8273,707245,-5127.28,4945.67,526.706
42,3.74215e+06,3.35861e+06,4.97679e+06,44.8781,41.9083,707246,-5130.75,4942.66,521.101
43,3.73702e+06,3.36356e+06,4.97731e+06,44.884,41.9892,707248,-5134.21,4939.65,515.494
44,3.73188e+06,3.36849e+06,4.97782e+06,44.8899,42.0702,707249,-5137.66,4936.64,509.888
45,3.72674e+06,3.37343e+06,4.97833e+06,44.8957,42.1512,707250,-5141.11,4933.62,504.28
46,3.7216e+06,3.37836e+06,4.97883e+06,44.9014,42.2323,707252,-5144.56,4930.6,498.672
47,3.71646e+06,3.38329e+06,4.97933e+06,44.907,42.3133,707253,-5148,4927.57,493.064
48,3.71131e+06,3.38822e+06,4.97982e+06,44.9126,42.3943,707254,-5151.43,4924.53,487.455
49,3.70615e+06,3.39314e+06,4.9803e+06,44.9182,42.4754,707255,-5154.86,4921.49,481.845
50,3.701e+06,3.39806e+06,4.98078e+06,44.9236,42.5565,707257,-5158.28,4918.45,476.235
51,3.69584e+06,3.40298e+06,4.98125e+06,44.929,42.6376,707258,-5161.7,4915.4,470.624
52,3.69067e+06,3.40789e+06,4.98172e+06,44.9344,42.7187,707259,-5165.11,4912.34,465.013
53,3.68551e+06,3.4128e+06,4.98218e+06,44.9397,42.7999,707260,-5168.52,4909.28,459.401
54,3.68034e+06,3.41771e+06,4.98264e+06,44.9449,42.881,707261,-5171.92,4906.22,453.789
55,3.67516e+06,3.42261e+06,4.98309e+06,44.95,42.9622,707263,-5175.32,4903.15,448.176
56,3.66998e+06,3.42751e+06,4.98354e+06,44.9551,43.0434,707264,-5178.71,4900.07,442.563
57,3.6648e+06,3.43241e+06,4.98398e+06,44.9601,43.1246,707265,-5182.1,4896.99,436.949
58,3.65962e+06,3.43731e+06,4.98441e+06,44.9651,43.2058,707266,-5185.48,4893.91,431.335
59,3.65443e+06,3.4422e+06,4.98484e+06,44.97,43.287,707267,-5188.85,4890.82,425.72
60,3.64924e+06,3.44709e+06,4.98526e+06,44.9748,43.3683,707268,-5192.23,4887.73,420.105
61,3.64405e+06,3.45198e+06,4.98568e+06,44.9796,43.4495,707269,-5195.59,4884.63,414.489
62,3.63885e+06,3.45686e+06,4.98609e+06,44.9843,43.5308,707270,-5198.95,4881.52,408.873
63,3.63365e+06,3.46174e+06,4.9865e+06,44.9889,43.6121,707271,-5202.3,4878.41,403.256
64,3.62845e+06,3.46662e+06,4.9869e+06,44.9935,43.6934,707273,-5205.65,4875.3,397.639
65,3.62324e+06,3.47149e+06,4.98729e+06,44.998,43.7747,707274,-5209,4872.18,392.022
66,3.61803e+06,3.47636e+06,4.98768e+06,45.0025,43.856,707275,-5212.33,4869.05,386.404
67,3.61281e+06,3.48123e+06,4.98807e+06,45.0069,43.9373,707276,-5215.67,4865.92,380.785
68,3.6076e+06,3.48609e+06,4.98844e+06,45.0112,44.0187,707277,-5218.99,4862.79,375.167
69,3.60238e+06,3.49095e+06,4.98882e+06,45.0154,44.1001,707278,-5222.32,4859.65,369.547
70,3.59715e+06,3.49581e+06,4.98918e+06,45.0196,44.1814,707279,-5225.63,4856.51,363.928
71,3.59193e+06,3.50067e+06,4.98954e+06,45.0238,44.2628,707279,-5228.94,4853.36,358.308
72,3.5867e+06,3.50552e+06,4.9899e+06,45.0278,44.3442,707280,-5232.25,4850.2,352.687
73,3.58146e+06,3.51037e+06,4.99025e+06,45.0318,44.4256,707281,-5235.55,4847.04,347.066
74,3.57622e+06,3.51521e+06,4.99059e+06,45.0358,44.5071,707282,-5238.84,4843.88,341.445
75,3.57098e+06,3.52006e+06,4.99093e+06,45.0397,44.5885,707283,-5242.13,4840.71,335.823
76,3.56574e+06,3.52489e+06,4.99127e+06,45.0435,44.67,707284,-5245.42,4837.54,330.201
77,3.56049e+06,3.52973e+06,4.99159e+06,45.0472,44.7514,707285,-5248.7,4834.36,324.579
78,3.55524e+06,3.53456e+06,4.99191e+06,45.0509,44.8329,707286,-5251.97,4831.18,318.956
79,3.54999e+06,3.53939e+06,4.99223e+06,45.0545,44.9144,707286,-5255.24,4827.99,313.333
80,3.54473e+06,3.54422e+06,4.99254e+06,45.0581,44.9959,707287,-5258.5,4824.79,307.71
81,3.53947e+06,3.54904e+06,4.99285e+06,45.0615,45.0774,707288,-5261.76,4821.59,302.086
82,3.53421e+06,3.55386e+06,4.99315e+06,45.065,45.1589,707289,-5265.01,4818.39,296.462
83,3.52894e+06,3.55868e+06,4.99344e+06,45.0683,45.2404,707290,-5268.25,4815.18,290.837
84,3.52367e+06,3.56349e+06,4.99373e+06,45.0716,45.3219,707290,-5271.5,4811.97,285.212
85,3.5184e+06,3.5683e+06,4.99401e+06,45.0749,45.4035,707291,-5274.73,4808.75,279.587
86,3.51312e+06,3.57311e+06,4.99429e+06,45.078,45.485,707292,-5277.96,4805.53,273.962
87,3.50784e+06,3.57791e+06,4.99456e+06,45.0811,45.5666,707293,-5281.19,4802.3,268.336
88,3.50256e+06,3.58271e+06,4.99482e+06,45.0842,45.6482,707293,-5284.4,4799.07,262.71
89,3.49727e+06,3.58751e+06,4.99508e+06,45.0872,45.7297,707294,-5287.62,4795.83,257.084
90,3.49198e+06,3.59231e+06,4.99534e+06,45.0901,45.8113,707295,-5290.83,4792.59,251.457
91,3.48669e+06,3.5971e+06,4.99559e+06,45.0929,45.8929,707295,-5294.03,4789.34,245.83
92,3.4814e+06,3.60188e+06,4.99583e+06,45.0957,45.9745,707296,-5297.23,4786.09,240.203
93,3.4761e+06,3.60667e+06,4.99607e+06,45.0984,46.0561,707297,-5300.42,4782.83,234.576
94,3.4708e+06,3.61145e+06,4.9963e+06,45.1011,46.1378,707297,-5303.61,4779.57,228.948
95,3.46549e+06,3.61623e+06,4.99652e+06,45.1037,46.2194,707298,-5306.79,4776.3,223.32
96,3.46018e+06,3.621e+06,4.99674e+06,45.1062,46.301,707298,-5309.96,4773.03,217.692
97,3.45487e+06,3.62577e+06,4.99696e+06,45.1086,46.3827,707299,-5313.13,4769.75,212.063
98,3.44956e+06,3.63054e+06,4.99717e+06,45.111,46.4643,707299,-5316.3,4766.47,206.434
99,3.44424e+06,3.63531e+06,4.99737e+06,45.1134,46.546,707300,-5319.46,4763.19,200.806
100,3.43892e+06,3.64007e+06,4.99757e+06,45.1156,46.6276,707300,-5322.61,4759.89,195.176
101,3.43359e+06,3.64483e+06,4.99776e+06,45.1178,46.7093,707301,-5325.76,4756.6,189.547
102,3.42827e+06,3.64958e+06,4.99795e+06,45.12,46.791,707301,-5328.9,4753.3,183.917
103,3.42294e+06,3.65433e+06,4.99813e+06,45.1221,46.8727,707302,-5332.04,4749.99,178.288
104,3.4176e+06,3.65908e+06,4.99831e+06,45.1241,46.9544,707302,-5335.17,4746.68,172.658
105,3.41226e+06,3.66383e+06,4.99848e+06,45.126,47.0361,707303,-5338.3,4743.36,167.027
106,3.40692e+06,3.66857e+06,4.99864e+06,45.1279,47.1178,707303,-5341.42,4740.04,161.397
107,3.40158e+06,3.67331e+06,4.9988e+06,45.1297,47.1995,707304,-5344.53,4736.72,155.766
108,3.39624e+06,3.67804e+06,4.99895e+06,45.1315,47.2812,707304,-5347.64,4733.39,150.136
109,3.39089e+06,3.68277e+06,4.9991e+06,45.1332,47.3629,707305,-5350.75,4730.05,144.505
110,3.38553e+06,3.6875e+06,4.99924e+06,45.1348,47.4446,707305,-5353.84,4726.71,138.874
111,3.38018e+06,3.69223e+06,4.99938e+06,45.1363,47.5264,707305,-5356.94,4723.37,133.242
112,3.37482e+06,3.69695e+06,4.99951e+06,45.1378,47.6081,707306,-5360.03,4720.02,127.611
113,3.36946e+06,3.70167e+06,4.99963e+06,45.1393,47.6898,707306,-5363.11,4716.67,121.979
114,3.36409e+06,3.70638e+06,4.99975e+06,45.1406,47.7716,707306,-5366.18,4713.31,116.348
115,3.35873e+06,3.71109e+06,4.99986e+06,45.1419,47.8533,707307,-5369.26,4709.94,110.716
116,3.35336e+06,3.7158e+06,4.99997e+06,45.1432,47.9351,707307,-5372.32,4706.57,105.084
117,3.34798e+06,3.72051e+06,5.00008e+06,45.1443,48.0168,707307,-5375.38,4703.2,99.452
118,3.34261e+06,3.72521e+06,5.00017e+06,45.1454,48.0986,707307,-5378.44,4699.82,93.8199
119,3.33723e+06,3.72991e+06,5.00026e+06,45.1465,48.1803,707308,-5381.49,4696.44,88.1876
120,3.33184e+06,3.7346e+06,5.00035e+06,45.1475,48.2621,707308,-5384.53,4693.05,82.5553
121,3.32646e+06,3.73929e+06,5.00043e+06,45.1484,48.3439,707308,-5387.57,4689.66,76.9228
122,3.32107e+06,3.74398e+06,5.0005e+06,45.1492,48.4256,707308,-5390.6,4686.26,71.2903
123,3.31567e+06,3.74867e+06,5.00057e+06,45.15,48.5074,707308,-5393.63,4682.86,65.6577
124,3.31028e+06,3.75335e+06,5.00063e+06,45.1507,48.5892,707309,-5396.65,4679.45,60.025
125,3.30488e+06,3.75802e+06,5.00069e+06,45.1514,48.671,707309,-5399.67,4676.04,54.3922
126,3.29948e+06,3.7627e+06,5.00074e+06,45.152,48.7527,707309,-5402.68,4672.62,48.7594
127,3.29408e+06,3.76737e+06,5.00079e+06,45.1525,48.8345,707309,-5405.68,4669.2,43.1265
128,3.28867e+06,3.77204e+06,5.00083e+06,45.153,48.9163,707309,-5408.68,4665.77,37.4936
129,3.28326e+06,3.7767e+06,5.00086e+06,45.1534,48.9981,707309,-5411.67,4662.34,31.8607
130,3.27785e+06,3.78136e+06,5.00089e+06,45.1537,49.0799,707309,-5414.66,4658.91,26.2277
131,3.27243e+06,3.78602e+06,5.00092e+06,45.154,49.1616,707309,-5417.65,4655.47,20.5946
132,3.26701e+06,3.79067e+06,5.00093e+06,45.1542,49.2434,707309,-5420.62,4652.02,14.9616
133,3.26159e+06,3.79532e+06,5.00095e+06,45.1543,49.3252,707309,-5423.59,4648.57,9.32852
134,3.25616e+06,3.79997e+06,5.00095e+06,45.1544,49.407,707310,-5426.56,4645.11,3.69544
135,3.25074e+06,3.80461e+06,5.00095e+06,45.1544,49.4888,707310,-5429.52,4641.65,-1.93764
136,3.2453e+06,3.80925e+06,5.00095e+06,45.1543,49.5706,707310,-5432.48,4638.19,-7.57072
137,3.23987e+06,3.81389e+06,5.00094e+06,45.1542,49.6524,707309,-5435.43,4634.72,-13.2038
138,3.23443e+06,3.81852e+06,5.00092e+06,45.154,49.7341,707309,-5438.37,4631.25,-18.8368
139,3.22899e+06,3.82315e+06,5.0009e+06,45.1538,49.8159,707309,-5441.31,4627.77,-24.4699
140,3.22355e+06,3.82778e+06,5.00087e+06,45.1535,49.8977,707309,-5444.24,4624.28,-30.1029
141,3.21811e+06,3.8324e+06,5.00084e+06,45.1531,49.9795,707309,-5447.17,4620.8,-35.7359
142,3.21266e+06,3.83702e+06,5.0008e+06,45.1527,50.0613,707309,-5450.09,4617.3,-41.3688
143,3.2072e+06,3.84164e+06,5.00076e+06,45.1521,50.143,707309,-5453,4613.81,-47.0017
144,3.20175e+06,3.84625e+06,5.00071e+06,45.1516,50.2248,707309,-5455.91,4610.3,-52.6345
145,3.19629e+06,3.85086e+06,5.00065e+06,45.1509,50.3066,707309,-5458.82,4606.8,-58.2673
146,3.19083e+06,3.85546e+06,5.00059e+06,45.1502,50.3884,707309,-5461.72,4603.28,-63.9
147,3.18537e+06,3.86006e+06,5.00052e+06,45.1495,50.4701,707308,-5464.61,4599.77,-69.5326
148,3.1799e+06,3.86466e+06,5.00045e+06,45.1486,50.5519,707308,-5467.5,4596.25,-75.1652
149,3.17443e+06,3.86925e+06,5.00037e+06,45.1478,50.6337,707308,-5470.38,4592.72,-80.7977
150,3.16896e+06,3.87385e+06,5.00029e+06,45.1468,50.7154,707308,-5473.26,4589.19,-86.43
151,3.16349e+06,3.87843e+06,5.0002e+06,45.1458,50.7972,707308,-5476.13,4585.65,-92.0623
152,3.15801e+06,3.88302e+06,5.00011e+06,45.1447,50.879,707307,-5479,4582.11,-97.6945
153,3.15253e+06,3.8876e+06,5.00001e+06,45.1435,50.9607,707307,-5481.86,4578.57,-103.327
154,3.14705e+06,3.89217e+06,4.9999e+06,45.1423,51.0425,707307,-5484.71,4575.02,-108.959
155,3.14156e+06,3.89675e+06,4.99979e+06,45.141,51.1242,707307,-5487.56,4571.46,-114.59
156,3.13607e+06,3.90132e+06,4.99967e+06,45.1397,51.206,707306,-5490.4,4567.9,-120.222
157,3.13058e+06,3.90588e+06,4.99955e+06,45.1383,51.2877,707306,-5493.24,4564.34,-125.854
158,3.12509e+06,3.91045e+06,4.99942e+06,45.1368,51.3694,707306,-5496.07,4560.77,-131.485
159,3.11959e+06,3.915e+06,4.99928e+06,45.1353,51.4512,707305,-5498.9,4557.2,-137.116
160,3.11409e+06,3.91956e+06,4.99914e+06,45.1337,51.5329,707305,-5501.72,4553.62,-142.747
161,3.10858e+06,3.92411e+06,4.999e+06,45.132,51.6146,707305,-5504.53,4550.04,-148.378
162,3.10308e+06,3.92866e+06,4.99885e+06,45.1303,51.6963,707304,-5507.34,4546.45,-154.009
163,3.09757e+06,3.93321e+06,4.99869e+06,45.1285,51.778,707304,-5510.15,4542.86,-159.64
164,3.09206e+06,3.93775e+06,4.99853e+06,45.1266,51.8597,707303,-5512.95,4539.26,-165.27
165,3.08654e+06,3.94228e+06,4.99836e+06,45.1247,51.9414,707303,-5515.74,4535.66,-170.901
166,3.08103e+06,3.94682e+06,4.99819e+06,45.1227,52.0231,707303,-5518.52,4532.06,-176.531
167,3.07551e+06,3.95135e+06,4.99801e+06,45.1206,52.1048,707302,-5521.31,4528.45,-182.161
168,3.06998e+06,3.95587e+06,4.99782e+06,45.1185,52.1865,707302,-5524.08,4524.83,-187.79
169,3.06446e+06,3.9604e+06,4.99763e+06,45.1163,52.2682,707301,-5526.85,4521.21,-193.42
170,3.05893e+06,3.96492e+06,4.99743e+06,45.1141,52.3498,707301,-5529.62,4517.59,-199.049
171,3.0534e+06,3.96943e+06,4.99723e+06,45.1118,52.4315,707300,-5532.37,4513.96,-204.678
172,3.04787e+06,3.97394e+06,4.99703e+06,45.1094,52.5132,707300,-5535.13,4510.32,-210.307
173,3.04233e+06,3.97845e+06,4.99681e+06,45.107,52.5948,707299,-5537.87,4506.69,-215.935
174,3.03679e+06,3.98296e+06,4.99659e+06,45.1044,52.6764,707298,-5540.62,4503.04,-221.564
175,3.03125e+06,3.98746e+06,4.99637e+06,45.1019,52.7581,707298,-5543.35,4499.39,-227.192
176,3.0257e+06,3.99196e+06,4.99614e+06,45.0992,52.8397,707297,-5546.08,4495.74,-232.819
177,3.02016e+06,3.99645e+06,4.9959e+06,45.0965,52.9213,707297,-5548.81,4492.09,-238.447
178,3.01461e+06,4.00094e+06,4.99566e+06,45.0938,53.0029,707296,-5551.53,4488.42,-244.074
179,3.00905e+06,4.00543e+06,4.99542e+06,45.091,53.0845,707295,-5554.24,4484.76,-249.701
180,3.0035e+06,4.00991e+06,4.99516e+06,45.0881,53.1661,707295,-5556.95,4481.09,-255.328
181,2.99794e+06,4.01439e+06,4.9949e+06,45.0851,53.2477,707294,-5559.65,4477.41,-260.954
182,2.99238e+06,4.01887e+06,4.99464e+06,45.0821,53.3293,707293,-5562.34,4473.73,-266.581
183,2.98681e+06,4.02334e+06,4.99437e+06,45.079,53.4108,707293,-5565.03,4470.05,-272.206
184,2.98125e+06,4.02781e+06,4.9941e+06,45.0759,53.4924,707292,-5567.72,4466.36,-277.832
185,2.97568e+06,4.03227e+06,4.99382e+06,45.0726,53.5739,707291,-5570.4,4462.66,-283.457
186,2.97011e+06,4.03673e+06,4.99353e+06,45.0694,53.6555,707291,-5573.07,4458.96,-289.082
187,2.96453e+06,4.04119e+06,4.99324e+06,45.066,53.737,707290,-5575.74,4455.26,-294.707
188,2.95896e+06,4.04564e+06,4.99294e+06,45.0626,53.8185,707289,-5578.4,4451.55,-300.331
189,2.95338e+06,4.05009e+06,4.99264e+06,45.0591,53.9,707288,-5581.06,4447.84,-305.955
190,2.94779e+06,4.05454e+06,4.99233e+06,45.0556,53.9815,707288,-5583.71,4444.13,-311.578
191,2.94221e+06,4.05898e+06,4.99201e+06,45.052,54.063,707287,-5586.35,4440.4,-317.202
192,2.93662e+06,4.06342e+06,4.99169e+06,45.0484,54.1445,707286,-5588.99,4436.68,-322.824
193,2.93103e+06,4.06785e+06,4.99137e+06,45.0446,54.2259,707285,-5591.63,4432.95,-328.447
194,2.92544e+06,4.07228e+06,4.99104e+06,45.0408,54.3074,707284,-5594.26,4429.21,-334.069
195,2.91984e+06,4.07671e+06,4.9907e+06,45.037,54.3888,707283,-5596.88,4425.47,-339.691
196,2.91424e+06,4.08113e+06,4.99036e+06,45.0331,54.4702,707282,-5599.49,4421.73,-345.312
197,2.90864e+06,4.08555e+06,4.99001e+06,45.0291,54.5517,707282,-5602.1,4417.98,-350.933
198,2.90304e+06,4.08997e+06,4.98966e+06,45.025,54.6331,707281,-5604.71,4414.23,-356.554
199,2.89743e+06,4.09438e+06,4.9893e+06,45.0209,54.7145,707280,-5607.31,4410.47,-362.174
