0,-2.13068e+06,5.592e+06,3.77749e+06,32.4186,110.858,704679,-6243.45,-22.2613,-3478.7
1,-2.13692e+06,5.59198e+06,3.77401e+06,32.3852,110.914,704673,-6241.07,-27.6071,-3482.96
2,-2.14316e+06,5.59195e+06,3.77052e+06,32.3518,110.97,704667,-6238.68,-32.9532,-3487.21
3,-2.1494e+06,5.59191e+06,3.76703e+06,32.3183,111.026,704661,-6236.28,-38.2996,-3491.46
4,-2.15564e+06,5.59187e+06,3.76354e+06,32.2847,111.081,704655,-6233.88,-43.6464,-3495.7
5,-2.16187e+06,5.59182e+06,3.76004e+06,32.2512,111.137,704649,-6231.47,-48.9934,-3499.94
6,-2.1681e+06,5.59177e+06,3.75654e+06,32.2176,111.193,704643,-6229.05,-54.3408,-3504.18
7,-2.17433e+06,5.59171e+06,3.75303e+06,32.184,111.248,704637,-6226.63,-59.6884,-3508.41
8,-2.18055e+06,5.59165e+06,3.74952e+06,32.1504,111.304,704631,-6224.21,-65.0364,-3512.64
9,-2.18678e+06,5.59158e+06,3.74601e+06,32.1167,111.36,704625,-6221.77,-70.3846,-3516.86
10,-2.193e+06,5.59151e+06,3.74249e+06,32.083,111.415,704620,-6219.33,-75.7332,-3521.08
11,-2.19922e+06,5.59143e+06,3.73897e+06,32.0493,111.471,704614,-6216.89,-81.082,-3525.3
12,-2.20543e+06,5.59135e+06,3.73544e+06,32.0155,111.526,704608,-6214.44,-86.4311,-3529.51
13,-2.21164e+06,5.59126e+06,3.73191e+06,31.9818,111.581,704602,-6211.98,-91.7804,-3533.72
14,-2.21785e+06,5.59116e+06,3.72837e+06,31.948,111.637,704596,-6209.51,-97.13,-3537.92
15,-2.22406e+06,5.59107e+06,3.72483e+06,31.9141,111.692,704590,-6207.04,-102.48,-3542.12
16,-2.23027e+06,5.59096e+06,3.72129e+06,31.8803,111.747,704584,-6204.57,-107.83,-3546.32
17,-2.23647e+06,5.59085e+06,3.71774e+06,31.8464,111.803,704578,-6202.09,-113.18,-3550.51
18,-2.24267e+06,5.59073e+06,3.71419e+06,31.8125,111.858,704572,-6199.6,-118.531,-3554.7
19,-2.24887e+06,5.59061e+06,3.71063e+06,31.7785,111.913,704566,-6197.1,-123.882,-3558.88
20,-2.25507e+06,5.59049e+06,3.70707e+06,31.7446,111.968,704560,-6194.6,-129.233,-3563.06
21,-2.26126e+06,5.59035e+06,3.7035e+06,31.7106,112.023,704555,-6192.09,-134.584,-3567.24
22,-2.26745e+06,5.59022e+06,3.69994e+06,31.6765,112.078,704549,-6189.58,-139.936,-3571.41
23,-2.27364e+06,5.59007e+06,3.69636e+06,31.6425,112.133,704543,-6187.06,-145.288,-3575.58
24,-2.27983e+06,5.58993e+06,3.69278e+06,31.6084,112.188,704537,-6184.54,-150.64,-3579.74
25,-2.28601e+06,5.58977e+06,3.6892e+06,31.5743,112.243,704531,-6182,-155.992,-3583.9
26,-2.29219e+06,5.58961e+06,3.68562e+06,31.5402,112.298,704525,-6179.47,-161.344,-3588.06
27,-2.29837e+06,5.58945e+06,3.68203e+06,31.506,112.352,704519,-6176.92,-166.697,-3592.21
28,-2.30454e+06,5.58928e+06,3.67843e+06,31.4718,112.407,704513,-6174.37,-172.05,-3596.36
29,-2.31072e+06,5.58911e+06,3.67483e+06,31.4376,112.462,704507,-6171.81,-177.402,-3600.5
30,-2.31689e+06,5.58893e+06,3.67123e+06,31.4033,112.516,704502,-6169.25,-182.756,-3604.64
31,-2.32305e+06,5.58874e+06,3.66762e+06,31.3691,112.571,704496,-6166.68,-188.109,-3608.78
32,-2.32922e+06,5.58855e+06,3.66401e+06,31.3348,112.626,704490,-6164.11,-193.462,-3612.91
33,-2.33538e+06,5.58835e+06,3.6604e+06,31.3004,112.68,704484,-6161.53,-198.816,-3617.04
34,-2.34154e+06,5.58815e+06,3.65678e+06,31.2661,112.735,704478,-6158.94,-204.17,-3621.16
35,-2.3477e+06,5.58795e+06,3.65316e+06,31.2317,112.789,704472,-6156.35,-209.524,-3625.28
36,-2.35386e+06,5.58773e+06,3.64953e+06,31.1973,112.843,704466,-6153.75,-214.878,-3629.4
37,-2.36001e+06,5.58752e+06,3.6459e+06,31.1629,112.898,704461,-6151.14,-220.232,-3633.51
38,-2.36616e+06,5.58729e+06,3.64226e+06,31.1284,112.952,704455,-6148.53,-225.587,-3637.61
39,-2.37231e+06,5.58706e+06,3.63862e+06,31.0939,113.006,704449,-6145.92,-230.941,-3641.72
40,-2.37845e+06,5.58683e+06,3.63498e+06,31.0594,113.061,704443,-6143.29,-236.296,-3645.82
41,-2.38459e+06,5.58659e+06,3.63133e+06,31.0249,113.115,704437,-6140.66,-241.651,-3649.91
42,-2.39073e+06,5.58635e+06,3.62768e+06,30.9903,113.169,704431,-6138.03,-247.006,-3654
43,-2.39687e+06,5.5861e+06,3.62402e+06,30.9557,113.223,704425,-6135.38,-252.361,-3658.09
44,-2.403e+06,5.58584e+06,3.62036e+06,30.9211,113.277,704420,-6132.74,-257.716,-3662.17
45,-2.40913e+06,5.58558e+06,3.6167e+06,30.8865,113.331,704414,-6130.08,-263.071,-3666.25
46,-2.41526e+06,5.58532e+06,3.61303e+06,30.8518,113.385,704408,-6127.42,-268.426,-3670.33
47,-2.42139e+06,5.58505e+06,3.60936e+06,30.8171,113.439,704402,-6124.76,-273.782,-3674.4
48,-2.42751e+06,5.58477e+06,3.60568e+06,30.7824,113.493,704396,-6122.08,-279.137,-3678.46
49,-2.43363e+06,5.58449e+06,3.602e+06,30.7476,113.547,704391,-6119.41,-284.493,-3682.52
50,-2.43975e+06,5.5842e+06,3.59832e+06,30.7128,113.601,704385,-6116.72,-289.849,-3686.58
51,-2.44587e+06,5.58391e+06,3.59463e+06,30.678,113.654,704379,-6114.03,-295.205,-3690.63
52,-2.45198e+06,5.58361e+06,3.59093e+06,30.6432,113.708,704373,-6111.33,-300.56,-3694.68
53,-2.45809e+06,5.58331e+06,3.58724e+06,30.6083,113.762,704367,-6108.63,-305.916,-3698.73
54,-2.4642e+06,5.583e+06,3.58354e+06,30.5735,113.815,704362,-6105.92,-311.272,-3702.77
55,-2.4703e+06,5.58268e+06,3.57983e+06,30.5386,113.869,704356,-6103.21,-316.628,-3706.81
56,-2.4764e+06,5.58236e+06,3.57612e+06,30.5036,113.923,704350,-6100.49,-321.985,-3710.84
57,-2.4825e+06,5.58204e+06,3.57241e+06,30.4687,113.976,704344,-6097.76,-327.341,-3714.87
58,-2.4886e+06,5.58171e+06,3.56869e+06,30.4337,114.03,704338,-6095.03,-332.697,-3718.89
59,-2.49469e+06,5.58137e+06,3.56497e+06,30.3987,114.083,704333,-6092.29,-338.053,-3722.91
60,-2.50078e+06,5.58103e+06,3.56125e+06,30.3636,114.136,704327,-6089.54,-343.409,-3726.93
61,-2.50687e+06,5.58069e+06,3.55752e+06,30.3286,114.19,704321,-6086.79,-348.765,-3730.94
62,-2.51296e+06,5.58034e+06,3.55379e+06,30.2935,114.243,704315,-6084.04,-354.122,-3734.95
63,-2.51904e+06,5.57998e+06,3.55005e+06,30.2584,114.296,704309,-6081.27,-359.478,-3738.95
64,-2.52512e+06,5.57962e+06,3.54631e+06,30.2233,114.35,704304,-6078.5,-364.834,-3742.95
65,-2.5312e+06,5.57925e+06,3.54256e+06,30.1881,114.403,704298,-6075.73,-370.191,-3746.95
66,-2.53727e+06,5.57888e+06,3.53881e+06,30.1529,114.456,704292,-6072.95,-375.547,-3750.94
67,-2.54334e+06,5.5785e+06,3.53506e+06,30.1177,114.509,704286,-6070.16,-380.903,-3754.93
68,-2.54941e+06,5.57812e+06,3.5313e+06,30.0825,114.562,704281,-6067.37,-386.259,-3758.91
69,-2.55548e+06,5.57773e+06,3.52754e+06,30.0472,114.615,704275,-6064.57,-391.616,-3762.89
70,-2.56154e+06,5.57733e+06,3.52378e+06,30.0119,114.668,704269,-6061.76,-396.972,-3766.86
71,-2.5676e+06,5.57693e+06,3.52001e+06,29.9766,114.721,704264,-6058.95,-402.328,-3770.83
72,-2.57366e+06,5.57653e+06,3.51624e+06,29.9413,114.774,704258,-6056.14,-407.684,-3774.8
73,-2.57971e+06,5.57612e+06,3.51246e+06,29.9059,114.827,704252,-6053.31,-413.041,-3778.76
74,-2.58576e+06,5.5757e+06,3.50868e+06,29.8705,114.88,704246,-6050.48,-418.397,-3782.71
75,-2.59181e+06,5.57528e+06,3.50489e+06,29.8351,114.933,704241,-6047.65,-423.753,-3786.67
76,-2.59786e+06,5.57485e+06,3.50111e+06,29.7997,114.985,704235,-6044.81,-429.109,-3790.61
77,-2.6039e+06,5.57442e+06,3.49731e+06,29.7642,115.038,704229,-6041.96,-434.465,-3794.56
78,-2.60994e+06,5.57398e+06,3.49352e+06,29.7287,115.091,704224,-6039.11,-439.82,-3798.5
79,-2.61598e+06,5.57354e+06,3.48972e+06,29.6932,115.143,704218,-6036.25,-445.176,-3802.43
80,-2.62202e+06,5.57309e+06,3.48591e+06,29.6577,115.196,704212,-6033.38,-450.532,-3806.37
81,-2.62805e+06,5.57264e+06,3.4821e+06,29.6221,115.248,704206,-6030.51,-455.888,-3810.29
82,-2.63408e+06,5.57218e+06,3.47829e+06,29.5866,115.301,704201,-6027.63,-461.243,-3814.22
83,-2.6401e+06,5.57172e+06,3.47448e+06,29.551,115.353,704195,-6024.75,-466.599,-3818.13
84,-2.64613e+06,5.57125e+06,3.47066e+06,29.5153,115.406,704189,-6021.86,-471.954,-3822.05
85,-2.65215e+06,5.57077e+06,3.46683e+06,29.4797,115.458,704184,-6018.97,-477.309,-3825.96
86,-2.65816e+06,5.5703e+06,3.463e+06,29.444,115.511,704178,-6016.07,-482.665,-3829.86
87,-2.66418e+06,5.56981e+06,3.45917e+06,29.4083,115.563,704172,-6013.16,-488.02,-3833.76
88,-2.67019e+06,5.56932e+06,3.45534e+06,29.3726,115.615,704167,-6010.25,-493.375,-3837.66
89,-2.6762e+06,5.56882e+06,3.4515e+06,29.3368,115.667,704161,-6007.33,-498.729,-3841.55
90,-2.68221e+06,5.56832e+06,3.44765e+06,29.301,115.72,704156,-6004.4,-504.084,-3845.44
91,-2.68821e+06,5.56781e+06,3.44381e+06,29.2652,115.772,704150,-6001.47,-509.439,-3849.33
92,-2.69421e+06,5.5673e+06,3.43995e+06,29.2294,115.824,704144,-5998.54,-514.793,-3853.21
93,-2.70021e+06,5.56679e+06,3.4361e+06,29.1936,115.876,704139,-5995.59,-520.147,-3857.08
94,-2.7062e+06,5.56626e+06,3.43224e+06,29.1577,115.928,704133,-5992.65,-525.502,-3860.95
95,-2.71219e+06,5.56573e+06,3.42838e+06,29.1218,115.98,704127,-5989.69,-530.856,-3864.82
96,-2.71818e+06,5.5652e+06,3.42451e+06,29.0859,116.032,704122,-5986.73,-536.209,-3868.68
97,-2.72416e+06,5.56466e+06,3.42064e+06,29.0499,116.084,704116,-5983.77,-541.563,-3872.54
98,-2.73015e+06,5.56412e+06,3.41677e+06,29.014,116.136,704111,-5980.79,-546.917,-3876.39
99,-2.73613e+06,5.56357e+06,3.41289e+06,28.978,116.188,704105,-5977.82,-552.27,-3880.24
100,-2.7421e+06,5.56301e+06,3.409e+06,28.942,116.239,704099,-5974.83,-557.623,-3884.09
101,-2.74808e+06,5.56245e+06,3.40512e+06,28.9059,116.291,704094,-5971.84,-562.976,-3887.93
102,-2.75405e+06,5.56189e+06,3.40123e+06,28.8699,116.343,704088,-5968.85,-568.329,-3891.76
103,-2.76001e+06,5.56132e+06,3.39734e+06,28.8338,116.395,704083,-5965.84,-573.682,-3895.59
104,-2.76598e+06,5.56074e+06,3.39344e+06,28.7977,116.446,704077,-5962.84,-579.034,-3899.42
105,-2.77194e+06,5.56016e+06,3.38954e+06,28.7616,116.498,704072,-5959.82,-584.386,-3903.24
106,-2.7779e+06,5.55957e+06,3.38563e+06,28.7254,116.549,704066,-5956.8,-589.738,-3907.06
107,-2.78385e+06,5.55898e+06,3.38172e+06,28.6892,116.601,704060,-5953.78,-595.09,-3910.88
108,-2.7898e+06,5.55838e+06,3.37781e+06,28.6531,116.653,704055,-5950.75,-600.442,-3914.69
109,-2.79575e+06,5.55778e+06,3.37389e+06,28.6168,116.704,704049,-5947.71,-605.793,-3918.49
110,-2.8017e+06,5.55717e+06,3.36997e+06,28.5806,116.755,704044,-5944.67,-611.144,-3922.29
111,-2.80764e+06,5.55656e+06,3.36605e+06,28.5443,116.807,704038,-5941.62,-616.495,-3926.09
112,-2.81358e+06,5.55594e+06,3.36212e+06,28.508,116.858,704033,-5938.57,-621.846,-3929.88
113,-2.81952e+06,5.55531e+06,3.35819e+06,28.4717,116.909,704027,-5935.51,-627.196,-3933.67
114,-2.82545e+06,5.55468e+06,3.35425e+06,28.4354,116.961,704022,-5932.44,-632.546,-3937.45
115,-2.83139e+06,5.55405e+06,3.35031e+06,28.399,117.012,704016,-5929.37,-637.896,-3941.23
116,-2.83731e+06,5.55341e+06,3.34637e+06,28.3626,117.063,704011,-5926.29,-643.246,-3945
117,-2.84324e+06,5.55276e+06,3.34242e+06,28.3262,117.114,704005,-5923.2,-648.595,-3948.77
118,-2.84916e+06,5.55211e+06,3.33847e+06,28.2898,117.165,704000,-5920.12,-653.944,-3952.54
119,-2.85508e+06,5.55145e+06,3.33452e+06,28.2534,117.216,703994,-5917.02,-659.293,-3956.3
120,-2.86099e+06,5.55079e+06,3.33056e+06,28.2169,117.268,703989,-5913.92,-664.642,-3960.06
121,-2.86691e+06,5.55012e+06,3.3266e+06,28.1804,117.319,703983,-5910.81,-669.99,-3963.81
122,-2.87282e+06,5.54945e+06,3.32263e+06,28.1439,117.37,703978,-5907.7,-675.338,-3967.56
123,-2.87872e+06,5.54877e+06,3.31866e+06,28.1074,117.42,703972,-5904.58,-680.686,-3971.3
124,-2.88462e+06,5.54809e+06,3.31469e+06,28.0708,117.471,703967,-5901.45,-686.033,-3975.04
125,-2.89052e+06,5.5474e+06,3.31071e+06,28.0342,117.522,703962,-5898.32,-691.38,-3978.77
126,-2.89642e+06,5.54671e+06,3.30673e+06,27.9976,117.573,703956,-5895.19,-696.727,-3982.5
127,-2.90231e+06,5.54601e+06,3.30275e+06,27.961,117.624,703951,-5892.05,-702.073,-3986.23
128,-2.90821e+06,5.5453e+06,3.29876e+06,27.9243,117.675,703945,-5888.9,-707.419,-3989.95
129,-2.91409e+06,5.54459e+06,3.29477e+06,27.8877,117.725,703940,-5885.74,-712.765,-3993.66
130,-2.91998e+06,5.54388e+06,3.29077e+06,27.851,117.776,703934,-5882.58,-718.111,-3997.38
131,-2.92586e+06,5.54316e+06,3.28677e+06,27.8143,117.827,703929,-5879.42,-723.456,-4001.08
132,-2.93174e+06,5.54243e+06,3.28277e+06,27.7775,117.877,703924,-5876.25,-728.801,-4004.78
133,-2.93761e+06,5.5417e+06,3.27876e+06,27.7408,117.928,703918,-5873.07,-734.145,-4008.48
134,-2.94348e+06,5.54096e+06,3.27475e+06,27.704,117.978,703913,-5869.89,-739.489,-4012.18
135,-2.94935e+06,5.54022e+06,3.27074e+06,27.6672,118.029,703907,-5866.7,-744.833,-4015.87
136,-2.95522e+06,5.53947e+06,3.26672e+06,27.6304,118.079,703902,-5863.5,-750.176,-4019.55
137,-2.96108e+06,5.53872e+06,3.2627e+06,27.5935,118.13,703897,-5860.3,-755.519,-4023.23
138,-2.96694e+06,5.53796e+06,3.25868e+06,27.5567,118.18,703891,-5857.1,-760.862,-4026.91
139,-2.97279e+06,5.5372e+06,3.25465e+06,27.5198,118.23,703886,-5853.89,-766.204,-4030.58
140,-2.97864e+06,5.53643e+06,3.25061e+06,27.4829,118.281,703881,-5850.67,-771.546,-4034.24
141,-2.98449e+06,5.53565e+06,3.24658e+06,27.4459,118.331,703875,-5847.45,-776.888,-4037.91
142,-2.99034e+06,5.53487e+06,3.24254e+06,27.409,118.381,703870,-5844.22,-782.229,-4041.56
143,-2.99618e+06,5.53409e+06,3.2385e+06,27.372,118.431,703865,-5840.98,-787.569,-4045.22
144,-3.00202e+06,5.5333e+06,3.23445e+06,27.335,118.481,703859,-5837.74,-792.91,-4048.86
145,-3.00786e+06,5.5325e+06,3.2304e+06,27.298,118.532,703854,-5834.49,-798.25,-4052.51
146,-3.01369e+06,5.5317e+06,3.22634e+06,27.261,118.582,703849,-5831.24,-803.589,-4056.15
147,-3.01952e+06,5.5309e+06,3.22229e+06,27.2239,118.632,703844,-5827.98,-808.928,-4059.78
148,-3.02535e+06,5.53009e+06,3.21822e+06,27.1868,118.682,703838,-5824.72,-814.267,-4063.41
149,-3.03117e+06,5.52927e+06,3.21416e+06,27.1497,118.732,703833,-5821.45,-819.605,-4067.04
150,-3.03699e+06,5.52845e+06,3.21009e+06,27.1126,118.782,703828,-5818.18,-824.943,-4070.66
151,-3.04281e+06,5.52762e+06,3.20602e+06,27.0755,118.832,703822,-5814.9,-830.28,-4074.27
152,-3.04862e+06,5.52679e+06,3.20194e+06,27.0383,118.881,703817,-5811.61,-835.617,-4077.89
153,-3.05443e+06,5.52595e+06,3.19786e+06,27.0011,118.931,703812,-5808.32,-840.953,-4081.49
154,-3.06023e+06,5.5251e+06,3.19378e+06,26.9639,118.981,703807,-5805.02,-846.289,-4085.09
155,-3.06604e+06,5.52425e+06,3.18969e+06,26.9267,119.031,703801,-5801.71,-851.625,-4088.69
156,-3.07184e+06,5.5234e+06,3.1856e+06,26.8894,119.081,703796,-5798.41,-856.96,-4092.29
157,-3.07764e+06,5.52254e+06,3.18151e+06,26.8522,119.13,703791,-5795.09,-862.295,-4095.87
158,-3.08343e+06,5.52168e+06,3.17741e+06,26.8149,119.18,703786,-5791.77,-867.629,-4099.46
159,-3.08922e+06,5.52081e+06,3.17331e+06,26.7776,119.23,703781,-5788.44,-872.962,-4103.04
160,-3.09501e+06,5.51993e+06,3.1692e+06,26.7403,119.279,703775,-5785.11,-878.296,-4106.61
161,-3.10079e+06,5.51905e+06,3.16509e+06,26.7029,119.329,703770,-5781.77,-883.628,-4110.18
162,-3.10657e+06,5.51816e+06,3.16098e+06,26.6655,119.378,703765,-5778.43,-888.96,-4113.75
163,-3.11235e+06,5.51727e+06,3.15687e+06,26.6281,119.428,703760,-5775.08,-894.292,-4117.31
164,-3.11812e+06,5.51637e+06,3.15275e+06,26.5907,119.477,703755,-5771.72,-899.623,-4120.87
165,-3.12389e+06,5.51547e+06,3.14863e+06,26.5533,119.527,703750,-5768.36,-904.954,-4124.42
166,-3.12966e+06,5.51456e+06,3.1445e+06,26.5159,119.576,703744,-5765,-910.284,-4127.96
167,-3.13542e+06,5.51365e+06,3.14037e+06,26.4784,119.625,703739,-5761.63,-915.614,-4131.51
168,-3.14118e+06,5.51273e+06,3.13624e+06,26.4409,119.675,703734,-5758.25,-920.943,-4135.04
169,-3.14694e+06,5.51181e+06,3.1321e+06,26.4034,119.724,703729,-5754.86,-926.271,-4138.58
170,-3.15269e+06,5.51088e+06,3.12796e+06,26.3658,119.773,703724,-5751.48,-931.599,-4142.11
171,-3.15844e+06,5.50995e+06,3.12382e+06,26.3283,119.822,703719,-5748.08,-936.927,-4145.63
172,-3.16419e+06,5.50901e+06,3.11967e+06,26.2907,119.872,703714,-5744.68,-942.254,-4149.15
173,-3.16993e+06,5.50806e+06,3.11552e+06,26.2531,119.921,703709,-5741.27,-947.58,-4152.66
174,-3.17567e+06,5.50711e+06,3.11136e+06,26.2155,119.97,703704,-5737.86,-952.906,-4156.17
175,-3.1814e+06,5.50616e+06,3.1072e+06,26.1779,120.019,703699,-5734.44,-958.231,-4159.68
176,-3.18714e+06,5.50519e+06,3.10304e+06,26.1402,120.068,703693,-5731.02,-963.556,-4163.18
177,-3.19287e+06,5.50423e+06,3.09888e+06,26.1026,120.117,703688,-5727.59,-968.88,-4166.67
178,-3.19859e+06,5.50326e+06,3.09471e+06,26.0649,120.166,703683,-5724.16,-974.203,-4170.16
179,-3.20431e+06,5.50228e+06,3.09054e+06,26.0272,120.215,703678,-5720.72,-979.526,-4173.65
180,-3.21003e+06,5.5013e+06,3.08636e+06,25.9894,120.264,703673,-5717.27,-984.849,-4177.13
181,-3.21575e+06,5.50031e+06,3.08218e+06,25.9517,120.313,703668,-5713.82,-990.171,-4180.61
182,-3.22146e+06,5.49932e+06,3.078e+06,25.9139,120.361,703663,-5710.37,-995.492,-4184.08
183,-3.22717e+06,5.49832e+06,3.07382e+06,25.8761,120.41,703658,-5706.9,-1000.81,-4187.55
184,-3.23287e+06,5.49732e+06,3.06963e+06,25.8383,120.459,703653,-5703.43,-1006.13,-4191.01
185,-3.23858e+06,5.49631e+06,3.06543e+06,25.8005,120.508,703648,-5699.96,-1011.45,-4194.47
186,-3.24427e+06,5.49529e+06,3.06124e+06,25.7626,120.556,703643,-5696.48,-1016.77,-4197.92
187,-3.24997e+06,5.49427e+06,3.05704e+06,25.7248,120.605,703638,-5693,-1022.09,-4201.37
188,-3.25566e+06,5.49325e+06,3.05283e+06,25.6869,120.654,703633,-5689.51,-1027.41,-4204.81
189,-3.26135e+06,5.49222e+06,3.04863e+06,25.649,120.702,703628,-5686.01,-1032.72,-4208.25
190,-3.26703e+06,5.49118e+06,3.04442e+06,25.6111,120.751,703623,-5682.51,-1038.04,-4211.69
191,-3.27271e+06,5.49014e+06,3.0402e+06,25.5731,120.799,703619,-5679,-1043.35,-4215.12
192,-3.27839e+06,5.4891e+06,3.03599e+06,25.5352,120.848,703614,-5675.49,-1048.67,-4218.54
193,-3.28406e+06,5.48805e+06,3.03177e+06,25.4972,120.896,703609,-5671.97,-1053.98,-4221.96
194,-3.28973e+06,5.48699e+06,3.02754e+06,25.4592,120.945,703604,-5668.45,-1059.3,-4225.38
195,-3.2954e+06,5.48593e+06,3.02332e+06,25.4212,120.993,703599,-5664.92,-1064.61,-4228.79
196,-3.30106e+06,5.48486e+06,3.01909e+06,25.3831,121.042,703594,-5661.38,-1069.92,-4232.19
197,-3.30672e+06,5.48379e+06,3.01485e+06,25.3451,121.09,703589,-5657.84,-1075.23,-4235.59
198,-3.31238e+06,5.48271e+06,3.01062e+06,25.307,121.138,703584,-5654.3,-1080.54,-4238.99
199,-3.31803e+06,5.48163e+06,3.00637e+06,25.2689,121.187,703579,-5650.74,-1085.85,-4242.38
