0,-3.9583e+06,-3.15522e+06,-4.95759e+06,-44.576,-141.441,717645,4973.34,-5055.62,-753.735
1,-3.95333e+06,-3.16027e+06,-4.95834e+06,-44.5845,-141.361,717649,4977.01,-5052.83,-748.175
2,-3.94835e+06,-3.16532e+06,-4.95909e+06,-44.593,-141.281,717652,4980.67,-5050.04,-742.614
3,-3.94337e+06,-3.17037e+06,-4.95983e+06,-44.6014,-141.202,717656,4984.32,-5047.24,-737.052
4,-3.93838e+06,-3.17542e+06,-4.96056e+06,-44.6097,-141.122,717659,4987.97,-5044.43,-731.49
5,-3.93339e+06,-3.18046e+06,-4.96129e+06,-44.6179,-141.042,717662,4991.62,-5041.62,-725.926
6,-3.9284e+06,-3.1855e+06,-4.96202e+06,-44.6261,-140.962,717666,4995.26,-5038.81,-720.362
7,-3.9234e+06,-3.19054e+06,-4.96273e+06,-44.6342,-140.882,717669,4998.9,-5035.99,-714.797
8,-3.9184e+06,-3.19557e+06,-4.96344e+06,-44.6423,-140.802,717672,5002.53,-5033.16,-709.231
9,-3.9134e+06,-3.2006e+06,-4.96415e+06,-44.6503,-140.722,717676,5006.15,-5030.33,-703.665
10,-3.90839e+06,-3.20563e+06,-4.96485e+06,-44.6582,-140.642,717679,5009.77,-5027.5,-698.097
11,-3.90338e+06,-3.21066e+06,-4.96555e+06,-44.6661,-140.562,717682,5013.39,-5024.66,-692.529
12,-3.89836e+06,-3.21568e+06,-4.96624e+06,-44.6739,-140.481,717685,5017,-5021.81,-686.96
13,-3.89334e+06,-3.2207e+06,-4.96692e+06,-44.6817,-140.401,717689,5020.6,-5018.96,-681.39
14,-3.88832e+06,-3.22572e+06,-4.9676e+06,-44.6894,-140.321,717692,5024.2,-5016.1,-675.82
15,-3.88329e+06,-3.23074e+06,-4.96827e+06,-44.697,-140.241,717695,5027.79,-5013.24,-670.249
16,-3.87826e+06,-3.23575e+06,-4.96894e+06,-44.7046,-140.161,717698,5031.38,-5010.38,-664.677
17,-3.87323e+06,-3.24076e+06,-4.9696e+06,-44.7121,-140.081,717701,5034.97,-5007.51,-659.104
18,-3.8682e+06,-3.24576e+06,-4.97026e+06,-44.7195,-140,717704,5038.55,-5004.63,-653.531
19,-3.86315e+06,-3.25077e+06,-4.97091e+06,-44.7269,-139.92,717707,5042.12,-5001.75,-647.956
20,-3.85811e+06,-3.25577e+06,-4.97155e+06,-44.7342,-139.84,717710,5045.69,-4998.87,-642.382
21,-3.85306e+06,-3.26076e+06,-4.97219e+06,-44.7415,-139.759,717713,5049.25,-4995.97,-636.806
22,-3.84801e+06,-3.26576e+06,-4.97283e+06,-44.7487,-139.679,717716,5052.81,-4993.08,-631.23
23,-3.84296e+06,-3.27075e+06,-4.97346e+06,-44.7558,-139.599,717719,5056.36,-4990.18,-625.653
24,-3.8379e+06,-3.27574e+06,-4.97408e+06,-44.7629,-139.518,717722,5059.91,-4987.27,-620.075
25,-3.83284e+06,-3.28072e+06,-4.9747e+06,-44.7699,-139.438,717725,5063.45,-4984.36,-614.497
26,-3.82777e+06,-3.28571e+06,-4.97531e+06,-44.7769,-139.358,717728,5066.99,-4981.44,-608.917
27,-3.8227e+06,-3.29069e+06,-4.97591e+06,-44.7837,-139.277,717731,5070.52,-4978.52,-603.338
28,-3.81763e+06,-3.29566e+06,-4.97652e+06,-44.7906,-139.197,717733,5074.05,-4975.6,-597.757
29,-3.81256e+06,-3.30064e+06,-4.97711e+06,-44.7973,-139.116,717736,5077.57,-4972.67,-592.176
30,-3.80748e+06,-3.30561e+06,-4.9777e+06,-44.804,-139.036,717739,5081.08,-4969.73,-586.594
31,-3.80239e+06,-3.31058e+06,-4.97828e+06,-44.8106,-138.955,717742,5084.59,-4966.79,-581.012
32,-3.79731e+06,-3.31554e+06,-4.97886e+06,-44.8172,-138.875,717744,5088.1,-4963.84,-575.429
33,-3.79222e+06,-3.3205e+06,-4.97943e+06,-44.8237,-138.794,717747,5091.6,-4960.89,-569.845
34,-3.78712e+06,-3.32546e+06,-4.98e+06,-44.8302,-138.714,717750,5095.1,-4957.94,-564.261
35,-3.78203e+06,-3.33042e+06,-4.98056e+06,-44.8366,-138.633,717752,5098.58,-4954.97,-558.676
36,-3.77693e+06,-3.33537e+06,-4.98112e+06,-44.8429,-138.553,717755,5102.07,-4952.01,-553.09
37,-3.77182e+06,-3.34032e+06,-4.98167e+06,-44.8491,-138.472,717757,5105.55,-4949.04,-547.504
38,-3.76672e+06,-3.34527e+06,-4.98221e+06,-44.8553,-138.391,717760,5109.02,-4946.06,-541.917
39,-3.76161e+06,-3.35022e+06,-4.98275e+06,-44.8615,-138.311,717763,5112.49,-4943.08,-536.33
40,-3.75649e+06,-3.35516e+06,-4.98329e+06,-44.8675,-138.23,717765,5115.96,-4940.09,-530.742
41,-3.75137e+06,-3.3601e+06,-4.98381e+06,-44.8735,-138.149,717768,5119.41,-4937.1,-525.153
42,-3.74625e+06,-3.36503e+06,-4.98434e+06,-44.8795,-138.069,717770,5122.87,-4934.11,-519.564
43,-3.74113e+06,-3.36997e+06,-4.98485e+06,-44.8853,-137.988,717772,5126.32,-4931.11,-513.975
44,-3.736e+06,-3.37489e+06,-4.98536e+06,-44.8912,-137.907,717775,5129.76,-4928.1,-508.384
45,-3.73087e+06,-3.37982e+06,-4.98587e+06,-44.8969,-137.826,717777,5133.19,-4925.09,-502.793
46,-3.72573e+06,-3.38474e+06,-4.98637e+06,-44.9026,-137.746,717779,5136.63,-4922.07,-497.202
47,-3.7206e+06,-3.38967e+06,-4.98686e+06,-44.9082,-137.665,717782,5140.05,-4919.05,-491.61
48,-3.71545e+06,-3.39458e+06,-4.98735e+06,-44.9138,-137.584,717784,5143.48,-4916.03,-486.017
49,-3.71031e+06,-3.3995e+06,-4.98784e+06,-44.9193,-137.503,717786,5146.89,-4912.99,-480.424
50,-3.70516e+06,-3.40441e+06,-4.98831e+06,-44.9247,-137.422,717789,5150.3,-4909.96,-474.831
51,-3.70001e+06,-3.40932e+06,-4.98879e+06,-44.9301,-137.341,717791,5153.71,-4906.92,-469.236
52,-3.69485e+06,-3.41422e+06,-4.98925e+06,-44.9354,-137.261,717793,5157.11,-4903.87,-463.642
53,-3.68969e+06,-3.41912e+06,-4.98971e+06,-44.9407,-137.18,717795,5160.5,-4900.82,-458.047
54,-3.68453e+06,-3.42402e+06,-4.99017e+06,-44.9458,-137.099,717797,5163.89,-4897.77,-452.451
55,-3.67937e+06,-3.42892e+06,-4.99062e+06,-44.951,-137.018,717799,5167.28,-4894.7,-446.855
56,-3.6742e+06,-3.43381e+06,-4.99106e+06,-44.956,-136.937,717801,5170.66,-4891.64,-441.258
57,-3.66902e+06,-3.4387e+06,-4.9915e+06,-44.961,-136.856,717803,5174.03,-4888.57,-435.661
58,-3.66385e+06,-3.44359e+06,-4.99193e+06,-44.9659,-136.775,717805,5177.4,-4885.49,-430.063
59,-3.65867e+06,-3.44847e+06,-4.99236e+06,-44.9708,-136.694,717807,5180.76,-4882.41,-424.465
60,-3.65349e+06,-3.45336e+06,-4.99278e+06,-44.9756,-136.613,717809,5184.12,-4879.33,-418.866
61,-3.6483e+06,-3.45823e+06,-4.9932e+06,-44.9804,-136.532,717811,5187.47,-4876.24,-413.267
62,-3.64311e+06,-3.46311e+06,-4.99361e+06,-44.985,-136.451,717813,5190.82,-4873.14,-407.668
63,-3.63792e+06,-3.46798e+06,-4.99401e+06,-44.9897,-136.37,717815,5194.16,-4870.04,-402.068
64,-3.63272e+06,-3.47285e+06,-4.99441e+06,-44.9942,-136.289,717817,5197.5,-4866.94,-396.467
65,-3.62752e+06,-3.47771e+06,-4.99481e+06,-44.9987,-136.208,717819,5200.83,-4863.83,-390.866
66,-3.62232e+06,-3.48258e+06,-4.9952e+06,-45.0031,-136.127,717821,5204.15,-4860.71,-385.265
67,-3.61712e+06,-3.48743e+06,-4.99558e+06,-45.0075,-136.046,717822,5207.48,-4857.59,-379.663
68,-3.61191e+06,-3.49229e+06,-4.99595e+06,-45.0118,-135.965,717824,5210.79,-4854.47,-374.061
69,-3.60669e+06,-3.49714e+06,-4.99633e+06,-45.016,-135.884,717826,5214.1,-4851.34,-368.458
70,-3.60148e+06,-3.50199e+06,-4.99669e+06,-45.0202,-135.802,717828,5217.4,-4848.2,-362.855
71,-3.59626e+06,-3.50684e+06,-4.99705e+06,-45.0243,-135.721,717829,5220.7,-4845.06,-357.252
72,-3.59104e+06,-3.51168e+06,-4.99741e+06,-45.0283,-135.64,717831,5224,-4841.92,-351.648
73,-3.58581e+06,-3.51652e+06,-4.99775e+06,-45.0323,-135.559,717833,5227.29,-4838.77,-346.044
74,-3.58058e+06,-3.52136e+06,-4.9981e+06,-45.0362,-135.478,717834,5230.57,-4835.61,-340.439
75,-3.57535e+06,-3.5262e+06,-4.99844e+06,-45.0401,-135.397,717836,5233.85,-4832.45,-334.834
76,-3.57012e+06,-3.53103e+06,-4.99877e+06,-45.0438,-135.315,717837,5237.12,-4829.29,-329.229
77,-3.56488e+06,-3.53585e+06,-4.99909e+06,-45.0476,-135.234,717839,5240.39,-4826.12,-323.623
78,-3.55963e+06,-3.54068e+06,-4.99941e+06,-45.0512,-135.153,717840,5243.65,-4822.95,-318.017
79,-3.55439e+06,-3.5455e+06,-4.99973e+06,-45.0548,-135.072,717842,5246.9,-4819.77,-312.411
80,-3.54914e+06,-3.55032e+06,-5.00004e+06,-45.0584,-134.991,717843,5250.15,-4816.58,-306.804
81,-3.54389e+06,-3.55513e+06,-5.00034e+06,-45.0618,-134.909,717845,5253.4,-4813.39,-301.197
82,-3.53863e+06,-3.55994e+06,-5.00064e+06,-45.0652,-134.828,717846,5256.64,-4810.2,-295.589
83,-3.53338e+06,-3.56475e+06,-5.00093e+06,-45.0686,-134.747,717847,5259.87,-4807,-289.982
84,-3.52811e+06,-3.56956e+06,-5.00122e+06,-45.0719,-134.665,717849,5263.1,-4803.8,-284.374
85,-3.52285e+06,-3.57436e+06,-5.0015e+06,-45.0751,-134.584,717850,5266.33,-4800.59,-278.765
86,-3.51758e+06,-3.57916e+06,-5.00178e+06,-45.0782,-134.503,717851,5269.55,-4797.38,-273.156
87,-3.51231e+06,-3.58396e+06,-5.00205e+06,-45.0813,-134.422,717853,5272.76,-4794.16,-267.547
88,-3.50704e+06,-3.58875e+06,-5.00231e+06,-45.0843,-134.34,717854,5275.97,-4790.94,-261.938
89,-3.50176e+06,-3.59354e+06,-5.00257e+06,-45.0873,-134.259,717855,5279.17,-4787.71,-256.328
90,-3.49648e+06,-3.59832e+06,-5.00283e+06,-45.0902,-134.178,717856,5282.37,-4784.48,-250.719
91,-3.49119e+06,-3.60311e+06,-5.00308e+06,-45.093,-134.096,717857,5285.56,-4781.24,-245.108
92,-3.48591e+06,-3.60789e+06,-5.00332e+06,-45.0958,-134.015,717859,5288.74,-4778,-239.498
93,-3.48062e+06,-3.61266e+06,-5.00355e+06,-45.0985,-133.934,717860,5291.92,-4774.75,-233.887
94,-3.47532e+06,-3.61744e+06,-5.00379e+06,-45.1011,-133.852,717861,5295.1,-4771.5,-228.276
95,-3.47003e+06,-3.62221e+06,-5.00401e+06,-45.1037,-133.771,717862,5298.27,-4768.24,-222.665
96,-3.46473e+06,-3.62697e+06,-5.00423e+06,-45.1062,-133.689,717863,5301.43,-4764.98,-217.053
97,-3.45942e+06,-3.63174e+06,-5.00444e+06,-45.1086,-133.608,717864,5304.59,-4761.71,-211.442
98,-3.45412e+06,-3.6365e+06,-5.00465e+06,-45.111,-133.527,717865,5307.75,-4758.44,-205.83
99,-3.44881e+06,-3.64125e+06,-5.00486e+06,-45.1133,-133.445,717866,5310.89,-4755.17,-200.218
100,-3.4435e+06,-3.64601e+06,-5.00505e+06,-45.1156,-133.364,717867,5314.04,-4751.89,-194.605
101,-3.43818e+06,-3.65076e+06,-5.00525e+06,-45.1178,-133.282,717868,5317.17,-4748.6,-188.993
102,-3.43286e+06,-3.6555e+06,-5.00543e+06,-45.1199,-133.201,717868,5320.31,-4745.31,-183.38
103,-3.42754e+06,-3.66025e+06,-5.00561e+06,-45.122,-133.12,717869,5323.43,-4742.01,-177.767
104,-3.42221e+06,-3.66499e+06,-5.00579e+06,-45.124,-133.038,717870,5326.55,-4738.71,-172.153
105,-3.41689e+06,-3.66972e+06,-5.00596e+06,-45.1259,-132.957,717871,5329.67,-4735.41,-166.54
106,-3.41156e+06,-3.67446e+06,-5.00612e+06,-45.1278,-132.875,717872,5332.78,-4732.1,-160.926
107,-3.40622e+06,-3.67919e+06,-5.00628e+06,-45.1296,-132.794,717872,5335.88,-4728.78,-155.313
108,-3.40088e+06,-3.68391e+06,-5.00643e+06,-45.1313,-132.712,717873,5338.98,-4725.46,-149.699
109,-3.39554e+06,-3.68864e+06,-5.00658e+06,-45.133,-132.631,717874,5342.08,-4722.14,-144.084
110,-3.3902e+06,-3.69336e+06,-5.00672e+06,-45.1346,-132.549,717874,5345.16,-4718.81,-138.47
111,-3.38485e+06,-3.69808e+06,-5.00686e+06,-45.1362,-132.468,717875,5348.25,-4715.48,-132.856
112,-3.3795e+06,-3.70279e+06,-5.00699e+06,-45.1377,-132.386,717876,5351.32,-4712.14,-127.241
113,-3.37415e+06,-3.7075e+06,-5.00711e+06,-45.1391,-132.305,717876,5354.4,-4708.8,-121.626
114,-3.36879e+06,-3.71221e+06,-5.00723e+06,-45.1404,-132.223,717877,5357.46,-4705.45,-116.011
115,-3.36344e+06,-3.71691e+06,-5.00734e+06,-45.1417,-132.142,717877,5360.52,-4702.09,-110.396
116,-3.35807e+06,-3.72161e+06,-5.00745e+06,-45.143,-132.06,717878,5363.58,-4698.74,-104.781
117,-3.35271e+06,-3.72631e+06,-5.00755e+06,-45.1441,-131.979,717878,5366.63,-4695.37,-99.166
118,-3.34734e+06,-3.731e+06,-5.00765e+06,-45.1452,-131.897,717879,5369.67,-4692.01,-93.5507
119,-3.34197e+06,-3.73569e+06,-5.00774e+06,-45.1463,-131.816,717879,5372.71,-4688.63,-87.9352
120,-3.33659e+06,-3.74038e+06,-5.00782e+06,-45.1472,-131.734,717880,5375.74,-4685.26,-82.3197
121,-3.33122e+06,-3.74506e+06,-5.0079e+06,-45.1481,-131.653,717880,5378.77,-4681.87,-76.704
122,-3.32584e+06,-3.74974e+06,-5.00798e+06,-45.149,-131.571,717880,5381.79,-4678.49,-71.0883
123,-3.32045e+06,-3.75442e+06,-5.00805e+06,-45.1498,-131.49,717881,5384.81,-4675.1,-65.4724
124,-3.31507e+06,-3.75909e+06,-5.00811e+06,-45.1505,-131.408,717881,5387.82,-4671.7,-59.8566
125,-3.30968e+06,-3.76376e+06,-5.00816e+06,-45.1511,-131.327,717881,5390.83,-4668.3,-54.2406
126,-3.30429e+06,-3.76843e+06,-5.00822e+06,-45.1517,-131.245,717881,5393.83,-4664.89,-48.6246
127,-3.29889e+06,-3.77309e+06,-5.00826e+06,-45.1523,-131.164,717882,5396.82,-4661.48,-43.0085
128,-3.29349e+06,-3.77775e+06,-5.0083e+06,-45.1527,-131.082,717882,5399.81,-4658.07,-37.3924
129,-3.28809e+06,-3.78241e+06,-5.00834e+06,-45.1531,-131.001,717882,5402.8,-4654.65,-31.7762
130,-3.28269e+06,-3.78706e+06,-5.00837e+06,-45.1534,-130.919,717882,5405.78,-4651.22,-26.16
131,-3.27728e+06,-3.79171e+06,-5.00839e+06,-45.1537,-130.838,717882,5408.75,-4647.79,-20.5438
132,-3.27187e+06,-3.79636e+06,-5.00841e+06,-45.1539,-130.756,717882,5411.72,-4644.36,-14.9276
133,-3.26646e+06,-3.801e+06,-5.00842e+06,-45.154,-130.675,717882,5414.68,-4640.92,-9.3113
134,-3.26104e+06,-3.80564e+06,-5.00843e+06,-45.1541,-130.593,717882,5417.63,-4637.48,-3.69503
135,-3.25562e+06,-3.81028e+06,-5.00843e+06,-45.1541,-130.512,717882,5420.59,-4634.03,1.92125
136,-3.2502e+06,-3.81491e+06,-5.00842e+06,-45.1541,-130.43,717882,5423.53,-4630.58,7.53753
137,-3.24477e+06,-3.81954e+06,-5.00841e+06,-45.154,-130.349,717882,5426.47,-4627.12,13.1538
138,-3.23935e+06,-3.82416e+06,-5.0084e+06,-45.1538,-130.267,717882,5429.4,-4623.66,18.7701
139,-3.23391e+06,-3.82878e+06,-5.00837e+06,-45.1535,-130.186,717882,5432.33,-4620.19,24.3863
140,-3.22848e+06,-3.8334e+06,-5.00835e+06,-45.1532,-130.104,717882,5435.26,-4616.72,30.0025
141,-3.22304e+06,-3.83802e+06,-5.00831e+06,-45.1528,-130.022,717882,5438.17,-4613.24,35.6187
142,-3.2176e+06,-3.84263e+06,-5.00828e+06,-45.1524,-129.941,717882,5441.09,-4609.76,41.2348
143,-3.21216e+06,-3.84724e+06,-5.00823e+06,-45.1519,-129.859,717881,5443.99,-4606.27,46.8509
144,-3.20672e+06,-3.85184e+06,-5.00818e+06,-45.1513,-129.778,717881,5446.89,-4602.78,52.4669
145,-3.20127e+06,-3.85644e+06,-5.00813e+06,-45.1507,-129.696,717881,5449.79,-4599.29,58.0829
146,-3.19582e+06,-3.86104e+06,-5.00807e+06,-45.15,-129.615,717881,5452.68,-4595.79,63.6988
147,-3.19036e+06,-3.86563e+06,-5.008e+06,-45.1492,-129.533,717880,5455.56,-4592.28,69.3146
148,-3.18491e+06,-3.87022e+06,-5.00793e+06,-45.1484,-129.452,717880,5458.44,-4588.77,74.9304
149,-3.17945e+06,-3.87481e+06,-5.00785e+06,-45.1475,-129.37,717879,5461.31,-4585.26,80.5461
150,-3.17398e+06,-3.8794e+06,-5.00777e+06,-45.1466,-129.289,717879,5464.18,-4581.74,86.1617
151,-3.16852e+06,-3.88398e+06,-5.00768e+06,-45.1456,-129.207,717879,5467.04,-4578.22,91.7772
152,-3.16305e+06,-3.88855e+06,-5.00758e+06,-45.1445,-129.126,717878,5469.9,-4574.69,97.3926
153,-3.15758e+06,-3.89312e+06,-5.00748e+06,-45.1433,-129.044,717878,5472.75,-4571.16,103.008
154,-3.1521e+06,-3.89769e+06,-5.00738e+06,-45.1421,-128.963,717877,5475.6,-4567.62,108.623
155,-3.14663e+06,-3.90226e+06,-5.00726e+06,-45.1409,-128.881,717877,5478.44,-4564.08,114.238
156,-3.14115e+06,-3.90682e+06,-5.00715e+06,-45.1395,-128.8,717876,5481.27,-4560.53,119.853
157,-3.13566e+06,-3.91138e+06,-5.00702e+06,-45.1381,-128.718,717876,5484.1,-4556.98,125.468
158,-3.13018e+06,-3.91594e+06,-5.0069e+06,-45.1367,-128.637,717875,5486.92,-4553.42,131.082
159,-3.12469e+06,-3.92049e+06,-5.00676e+06,-45.1351,-128.555,717874,5489.74,-4549.86,136.697
160,-3.1192e+06,-3.92504e+06,-5.00662e+06,-45.1335,-128.474,717874,5492.55,-4546.29,142.311
161,-3.11371e+06,-3.92958e+06,-5.00648e+06,-45.1319,-128.392,717873,5495.36,-4542.72,147.925
162,-3.10821e+06,-3.93412e+06,-5.00633e+06,-45.1302,-128.311,717872,5498.16,-4539.15,153.54
163,-3.10271e+06,-3.93866e+06,-5.00617e+06,-45.1284,-128.23,717871,5500.95,-4535.57,159.153
164,-3.09721e+06,-3.94319e+06,-5.00601e+06,-45.1265,-128.148,717871,5503.74,-4531.99,164.767
165,-3.0917e+06,-3.94772e+06,-5.00584e+06,-45.1246,-128.067,717870,5506.52,-4528.4,170.381
166,-3.08619e+06,-3.95225e+06,-5.00567e+06,-45.1226,-127.985,717869,5509.3,-4524.8,175.994
167,-3.08068e+06,-3.95677e+06,-5.00549e+06,-45.1206,-127.904,717868,5512.08,-4521.2,181.607
168,-3.07517e+06,-3.96129e+06,-5.00531e+06,-45.1185,-127.822,717867,5514.84,-4517.6,187.22
169,-3.06965e+06,-3.96581e+06,-5.00512e+06,-45.1163,-127.741,717866,5517.6,-4513.99,192.833
170,-3.06413e+06,-3.97032e+06,-5.00492e+06,-45.1141,-127.66,717866,5520.36,-4510.38,198.445
171,-3.05861e+06,-3.97483e+06,-5.00472e+06,-45.1118,-127.578,717865,5523.11,-4506.77,204.057
172,-3.05309e+06,-3.97933e+06,-5.00451e+06,-45.1094,-127.497,717864,5525.85,-4503.15,209.669
173,-3.04756e+06,-3.98383e+06,-5.0043e+06,-45.107,-127.415,717863,5528.59,-4499.52,215.281
174,-3.04203e+06,-3.98833e+06,-5.00408e+06,-45.1045,-127.334,717862,5531.33,-4495.89,220.893
175,-3.0365e+06,-3.99283e+06,-5.00386e+06,-45.1019,-127.253,717861,5534.05,-4492.25,226.504
176,-3.03096e+06,-3.99732e+06,-5.00363e+06,-45.0993,-127.171,717859,5536.78,-4488.61,232.115
177,-3.02543e+06,-4.0018e+06,-5.00339e+06,-45.0966,-127.09,717858,5539.49,-4484.97,237.726
178,-3.01988e+06,-4.00629e+06,-5.00315e+06,-45.0939,-127.008,717857,5542.2,-4481.32,243.336
179,-3.01434e+06,-4.01077e+06,-5.00291e+06,-45.0911,-126.927,717856,5544.91,-4477.67,248.947
180,-3.00879e+06,-4.01524e+06,-5.00265e+06,-45.0882,-126.846,717855,5547.61,-4474.01,254.557
181,-3.00325e+06,-4.01971e+06,-5.0024e+06,-45.0853,-126.764,717854,5550.3,-4470.35,260.166
182,-2.99769e+06,-4.02418e+06,-5.00213e+06,-45.0823,-126.683,717852,5552.99,-4466.68,265.776
183,-2.99214e+06,-4.02865e+06,-5.00187e+06,-45.0792,-126.602,717851,5555.67,-4463.01,271.385
184,-2.98658e+06,-4.03311e+06,-5.00159e+06,-45.0761,-126.521,717850,5558.35,-4459.33,276.994
185,-2.98102e+06,-4.03757e+06,-5.00131e+06,-45.0729,-126.439,717848,5561.02,-4455.65,282.602
186,-2.97546e+06,-4.04202e+06,-5.00103e+06,-45.0696,-126.358,717847,5563.68,-4451.97,288.211
187,-2.9699e+06,-4.04647e+06,-5.00074e+06,-45.0663,-126.277,717846,5566.34,-4448.28,293.818
188,-2.96433e+06,-4.05092e+06,-5.00044e+06,-45.0629,-126.195,717844,5569,-4444.58,299.426
189,-2.95876e+06,-4.05536e+06,-5.00014e+06,-45.0595,-126.114,717843,5571.65,-4440.88,305.033
190,-2.95318e+06,-4.0598e+06,-4.99983e+06,-45.056,-126.033,717841,5574.29,-4437.18,310.64
191,-2.94761e+06,-4.06423e+06,-4.99952e+06,-45.0524,-125.952,717840,5576.93,-4433.47,316.247
192,-2.94203e+06,-4.06866e+06,-4.9992e+06,-45.0487,-125.871,717839,5579.56,-4429.76,321.853
193,-2.93645e+06,-4.07309e+06,-4.99887e+06,-45.045,-125.789,717837,5582.19,-4426.04,327.459
194,-2.93087e+06,-4.07752e+06,-4.99854e+06,-45.0413,-125.708,717835,5584.81,-4422.32,333.064
195,-2.92528e+06,-4.08194e+06,-4.99821e+06,-45.0374,-125.627,717834,5587.42,-4418.59,338.669
196,-2.91969e+06,-4.08635e+06,-4.99786e+06,-45.0335,-125.546,717832,5590.03,-4414.86,344.274
197,-2.9141e+06,-4.09077e+06,-4.99752e+06,-45.0296,-125.465,717831,5592.63,-4411.12,349.878
198,-2.90851e+06,-4.09518e+06,-4.99716e+06,-45.0256,-125.383,717829,5595.23,-4407.38,355.482
199,-2.90291e+06,-4.09958e+06,-4.99681e+06,-45.0215,-125.302,717827,5597.82,-4403.64,361.086
