0,-2.60995e+06,5.38502e+06,3.77749e+06,32.4186,115.858,704679,-6217.75,-566.329,-3478.7
1,-2.61617e+06,5.38445e+06,3.77401e+06,32.3852,115.914,704673,-6214.91,-571.447,-3482.96
2,-2.62238e+06,5.38388e+06,3.77052e+06,32.3517,115.97,704667,-6212.06,-576.564,-3487.21
3,-2.62859e+06,5.3833e+06,3.76703e+06,32.3183,116.026,704661,-6209.21,-581.681,-3491.46
4,-2.6348e+06,5.38271e+06,3.76354e+06,32.2847,116.081,704655,-6206.35,-586.798,-3495.7
5,-2.641e+06,5.38212e+06,3.76004e+06,32.2512,116.137,704649,-6203.49,-591.915,-3499.94
6,-2.64721e+06,5.38153e+06,3.75654e+06,32.2176,116.193,704643,-6200.61,-597.032,-3504.18
7,-2.6534e+06,5.38093e+06,3.75303e+06,32.184,116.248,704637,-6197.74,-602.148,-3508.41
8,-2.6596e+06,5.38033e+06,3.74952e+06,32.1504,116.304,704631,-6194.85,-607.264,-3512.64
9,-2.66579e+06,5.37972e+06,3.74601e+06,32.1167,116.36,704625,-6191.96,-612.38,-3516.86
10,-2.67198e+06,5.3791e+06,3.74249e+06,32.083,116.415,704620,-6189.07,-617.496,-3521.08
11,-2.67817e+06,5.37848e+06,3.73897e+06,32.0493,116.471,704614,-6186.16,-622.611,-3525.3
12,-2.68436e+06,5.37786e+06,3.73544e+06,32.0155,116.526,704608,-6183.26,-627.726,-3529.51
13,-2.69054e+06,5.37723e+06,3.73191e+06,31.9818,116.581,704602,-6180.34,-632.841,-3533.72
14,-2.69672e+06,5.37659e+06,3.72837e+06,31.948,116.637,704596,-6177.42,-637.955,-3537.92
15,-2.70289e+06,5.37595e+06,3.72483e+06,31.9141,116.692,704590,-6174.49,-643.069,-3542.12
16,-2.70907e+06,5.3753e+06,3.72129e+06,31.8803,116.747,704584,-6171.56,-648.183,-3546.32
17,-2.71524e+06,5.37465e+06,3.71774e+06,31.8464,116.803,704578,-6168.62,-653.297,-3550.51
18,-2.7214e+06,5.374e+06,3.71419e+06,31.8125,116.858,704572,-6165.67,-658.41,-3554.7
19,-2.72757e+06,5.37334e+06,3.71063e+06,31.7785,116.913,704566,-6162.72,-663.523,-3558.88
20,-2.73373e+06,5.37267e+06,3.70707e+06,31.7446,116.968,704560,-6159.76,-668.636,-3563.06
21,-2.73989e+06,5.372e+06,3.7035e+06,31.7106,117.023,704555,-6156.8,-673.749,-3567.24
22,-2.74604e+06,5.37132e+06,3.69993e+06,31.6765,117.078,704549,-6153.83,-678.861,-3571.41
23,-2.7522e+06,5.37064e+06,3.69636e+06,31.6425,117.133,704543,-6150.85,-683.973,-3575.58
24,-2.75834e+06,5.36995e+06,3.69278e+06,31.6084,117.188,704537,-6147.87,-689.084,-3579.74
25,-2.76449e+06,5.36926e+06,3.6892e+06,31.5743,117.243,704531,-6144.88,-694.195,-3583.9
26,-2.77063e+06,5.36857e+06,3.68562e+06,31.5402,117.298,704525,-6141.89,-699.306,-3588.06
27,-2.77678e+06,5.36786e+06,3.68203e+06,31.506,117.352,704519,-6138.89,-704.416,-3592.21
28,-2.78291e+06,5.36716e+06,3.67843e+06,31.4718,117.407,704513,-6135.88,-709.527,-3596.36
29,-2.78905e+06,5.36645e+06,3.67483e+06,31.4376,117.462,704507,-6132.87,-714.636,-3600.5
30,-2.79518e+06,5.36573e+06,3.67123e+06,31.4033,117.516,704502,-6129.85,-719.746,-3604.64
31,-2.80131e+06,5.36501e+06,3.66762e+06,31.3691,117.571,704496,-6126.82,-724.855,-3608.78
32,-2.80743e+06,5.36428e+06,3.66401e+06,31.3348,117.626,704490,-6123.79,-729.964,-3612.91
33,-2.81355e+06,5.36355e+06,3.6604e+06,31.3004,117.68,704484,-6120.75,-735.072,-3617.04
34,-2.81967e+06,5.36281e+06,3.65678e+06,31.2661,117.735,704478,-6117.71,-740.18,-3621.16
35,-2.82579e+06,5.36207e+06,3.65316e+06,31.2317,117.789,704472,-6114.66,-745.288,-3625.28
36,-2.8319e+06,5.36132e+06,3.64953e+06,31.1973,117.843,704466,-6111.6,-750.395,-3629.4
37,-2.83801e+06,5.36056e+06,3.6459e+06,31.1629,117.898,704461,-6108.54,-755.502,-3633.51
38,-2.84412e+06,5.35981e+06,3.64226e+06,31.1284,117.952,704455,-6105.47,-760.608,-3637.62
39,-2.85022e+06,5.35904e+06,3.63862e+06,31.0939,118.006,704449,-6102.4,-765.714,-3641.72
40,-2.85632e+06,5.35828e+06,3.63498e+06,31.0594,118.061,704443,-6099.32,-770.82,-3645.82
41,-2.86242e+06,5.3575e+06,3.63133e+06,31.0249,118.115,704437,-6096.23,-775.925,-3649.91
42,-2.86852e+06,5.35672e+06,3.62768e+06,30.9903,118.169,704431,-6093.14,-781.03,-3654
43,-2.87461e+06,5.35594e+06,3.62402e+06,30.9557,118.223,704425,-6090.04,-786.134,-3658.09
44,-2.8807e+06,5.35515e+06,3.62036e+06,30.9211,118.277,704420,-6086.94,-791.238,-3662.17
45,-2.88678e+06,5.35436e+06,3.6167e+06,30.8864,118.331,704414,-6083.83,-796.342,-3666.25
46,-2.89286e+06,5.35356e+06,3.61303e+06,30.8518,118.385,704408,-6080.71,-801.445,-3670.33
47,-2.89894e+06,5.35275e+06,3.60936e+06,30.8171,118.439,704402,-6077.59,-806.548,-3674.4
48,-2.90502e+06,5.35195e+06,3.60568e+06,30.7824,118.493,704396,-6074.46,-811.65,-3678.46
49,-2.91109e+06,5.35113e+06,3.602e+06,30.7476,118.547,704391,-6071.32,-816.752,-3682.52
50,-2.91716e+06,5.35031e+06,3.59832e+06,30.7128,118.601,704385,-6068.18,-821.853,-3686.58
51,-2.92323e+06,5.34949e+06,3.59463e+06,30.678,118.654,704379,-6065.04,-826.954,-3690.64
52,-2.92929e+06,5.34866e+06,3.59093e+06,30.6432,118.708,704373,-6061.88,-832.055,-3694.69
53,-2.93535e+06,5.34782e+06,3.58724e+06,30.6083,118.762,704367,-6058.72,-837.155,-3698.73
54,-2.94141e+06,5.34698e+06,3.58354e+06,30.5735,118.815,704362,-6055.56,-842.254,-3702.77
55,-2.94746e+06,5.34614e+06,3.57983e+06,30.5386,118.869,704356,-6052.39,-847.353,-3706.81
56,-2.95351e+06,5.34529e+06,3.57612e+06,30.5036,118.923,704350,-6049.21,-852.452,-3710.84
57,-2.95956e+06,5.34443e+06,3.57241e+06,30.4687,118.976,704344,-6046.03,-857.55,-3714.87
58,-2.96561e+06,5.34357e+06,3.56869e+06,30.4337,119.03,704338,-6042.84,-862.647,-3718.89
59,-2.97165e+06,5.34271e+06,3.56497e+06,30.3987,119.083,704333,-6039.64,-867.744,-3722.92
60,-2.97769e+06,5.34184e+06,3.56125e+06,30.3636,119.136,704327,-6036.44,-872.841,-3726.93
61,-2.98372e+06,5.34096e+06,3.55752e+06,30.3286,119.19,704321,-6033.23,-877.937,-3730.94
62,-2.98975e+06,5.34008e+06,3.55379e+06,30.2935,119.243,704315,-6030.02,-883.033,-3734.95
63,-2.99578e+06,5.3392e+06,3.55005e+06,30.2584,119.296,704309,-6026.8,-888.128,-3738.95
64,-3.00181e+06,5.33831e+06,3.54631e+06,30.2233,119.35,704304,-6023.58,-893.222,-3742.95
65,-3.00783e+06,5.33741e+06,3.54256e+06,30.1881,119.403,704298,-6020.34,-898.317,-3746.95
66,-3.01385e+06,5.33651e+06,3.53881e+06,30.1529,119.456,704292,-6017.11,-903.41,-3750.94
67,-3.01986e+06,5.3356e+06,3.53506e+06,30.1177,119.509,704286,-6013.86,-908.503,-3754.93
68,-3.02587e+06,5.33469e+06,3.5313e+06,30.0825,119.562,704281,-6010.61,-913.596,-3758.91
69,-3.03188e+06,5.33378e+06,3.52754e+06,30.0472,119.615,704275,-6007.36,-918.687,-3762.89
70,-3.03789e+06,5.33286e+06,3.52378e+06,30.0119,119.668,704269,-6004.1,-923.779,-3766.86
71,-3.04389e+06,5.33193e+06,3.52001e+06,29.9766,119.721,704264,-6000.83,-928.87,-3770.83
72,-3.04989e+06,5.331e+06,3.51624e+06,29.9413,119.774,704258,-5997.56,-933.96,-3774.8
73,-3.05589e+06,5.33006e+06,3.51246e+06,29.9059,119.827,704252,-5994.28,-939.05,-3778.76
74,-3.06188e+06,5.32912e+06,3.50868e+06,29.8705,119.88,704246,-5990.99,-944.139,-3782.71
75,-3.06787e+06,5.32817e+06,3.50489e+06,29.8351,119.933,704241,-5987.7,-949.227,-3786.67
76,-3.07386e+06,5.32722e+06,3.50111e+06,29.7997,119.985,704235,-5984.4,-954.315,-3790.62
77,-3.07984e+06,5.32626e+06,3.49731e+06,29.7642,120.038,704229,-5981.1,-959.403,-3794.56
78,-3.08582e+06,5.3253e+06,3.49352e+06,29.7287,120.091,704224,-5977.79,-964.49,-3798.5
79,-3.09179e+06,5.32434e+06,3.48972e+06,29.6932,120.143,704218,-5974.48,-969.576,-3802.43
80,-3.09777e+06,5.32336e+06,3.48591e+06,29.6577,120.196,704212,-5971.16,-974.661,-3806.37
81,-3.10374e+06,5.32239e+06,3.4821e+06,29.6221,120.248,704206,-5967.83,-979.746,-3810.29
82,-3.1097e+06,5.3214e+06,3.47829e+06,29.5866,120.301,704201,-5964.5,-984.831,-3814.22
83,-3.11566e+06,5.32042e+06,3.47448e+06,29.5509,120.353,704195,-5961.16,-989.915,-3818.13
84,-3.12162e+06,5.31942e+06,3.47066e+06,29.5153,120.406,704189,-5957.81,-994.998,-3822.05
85,-3.12758e+06,5.31843e+06,3.46683e+06,29.4797,120.458,704184,-5954.46,-1000.08,-3825.96
86,-3.13353e+06,5.31742e+06,3.463e+06,29.444,120.511,704178,-5951.11,-1005.16,-3829.86
87,-3.13948e+06,5.31642e+06,3.45917e+06,29.4083,120.563,704172,-5947.74,-1010.24,-3833.77
88,-3.14543e+06,5.3154e+06,3.45534e+06,29.3726,120.615,704167,-5944.38,-1015.32,-3837.66
89,-3.15137e+06,5.31439e+06,3.4515e+06,29.3368,120.667,704161,-5941,-1020.4,-3841.55
90,-3.15731e+06,5.31336e+06,3.44765e+06,29.301,120.72,704156,-5937.62,-1025.48,-3845.44
91,-3.16325e+06,5.31233e+06,3.44381e+06,29.2652,120.772,704150,-5934.24,-1030.56,-3849.33
92,-3.16918e+06,5.3113e+06,3.43995e+06,29.2294,120.824,704144,-5930.84,-1035.64,-3853.21
93,-3.17511e+06,5.31026e+06,3.4361e+06,29.1936,120.876,704139,-5927.45,-1040.72,-3857.08
94,-3.18103e+06,5.30922e+06,3.43224e+06,29.1577,120.928,704133,-5924.04,-1045.8,-3860.95
95,-3.18696e+06,5.30817e+06,3.42838e+06,29.1218,120.98,704127,-5920.63,-1050.87,-3864.82
96,-3.19288e+06,5.30712e+06,3.42451e+06,29.0859,121.032,704122,-5917.22,-1055.95,-3868.68
97,-3.19879e+06,5.30606e+06,3.42064e+06,29.0499,121.084,704116,-5913.79,-1061.02,-3872.54
98,-3.2047e+06,5.305e+06,3.41676e+06,29.014,121.136,704111,-5910.37,-1066.1,-3876.39
99,-3.21061e+06,5.30393e+06,3.41289e+06,28.978,121.188,704105,-5906.93,-1071.17,-3880.24
100,-3.21652e+06,5.30285e+06,3.409e+06,28.942,121.239,704099,-5903.5,-1076.24,-3884.09
101,-3.22242e+06,5.30178e+06,3.40512e+06,28.9059,121.291,704094,-5900.05,-1081.31,-3887.93
102,-3.22832e+06,5.30069e+06,3.40123e+06,28.8699,121.343,704088,-5896.6,-1086.39,-3891.76
103,-3.23421e+06,5.2996e+06,3.39733e+06,28.8338,121.395,704083,-5893.14,-1091.46,-3895.59
104,-3.2401e+06,5.29851e+06,3.39344e+06,28.7977,121.446,704077,-5889.68,-1096.53,-3899.42
105,-3.24599e+06,5.29741e+06,3.38954e+06,28.7616,121.498,704072,-5886.21,-1101.6,-3903.24
106,-3.25188e+06,5.29631e+06,3.38563e+06,28.7254,121.549,704066,-5882.74,-1106.66,-3907.06
107,-3.25776e+06,5.2952e+06,3.38172e+06,28.6892,121.601,704060,-5879.26,-1111.73,-3910.88
108,-3.26363e+06,5.29408e+06,3.37781e+06,28.653,121.653,704055,-5875.77,-1116.8,-3914.69
109,-3.26951e+06,5.29296e+06,3.37389e+06,28.6168,121.704,704049,-5872.28,-1121.86,-3918.49
110,-3.27538e+06,5.29184e+06,3.36997e+06,28.5806,121.755,704044,-5868.78,-1126.93,-3922.29
111,-3.28125e+06,5.29071e+06,3.36605e+06,28.5443,121.807,704038,-5865.28,-1132,-3926.09
112,-3.28711e+06,5.28957e+06,3.36212e+06,28.508,121.858,704033,-5861.77,-1137.06,-3929.88
113,-3.29297e+06,5.28843e+06,3.35819e+06,28.4717,121.909,704027,-5858.25,-1142.12,-3933.67
114,-3.29883e+06,5.28729e+06,3.35425e+06,28.4354,121.961,704022,-5854.73,-1147.19,-3937.45
115,-3.30468e+06,5.28614e+06,3.35031e+06,28.399,122.012,704016,-5851.21,-1152.25,-3941.23
116,-3.31053e+06,5.28499e+06,3.34637e+06,28.3626,122.063,704011,-5847.67,-1157.31,-3945
117,-3.31637e+06,5.28383e+06,3.34242e+06,28.3262,122.114,704005,-5844.14,-1162.37,-3948.77
118,-3.32222e+06,5.28266e+06,3.33847e+06,28.2898,122.165,704000,-5840.59,-1167.43,-3952.54
119,-3.32806e+06,5.28149e+06,3.33452e+06,28.2534,122.216,703994,-5837.04,-1172.49,-3956.3
120,-3.33389e+06,5.28032e+06,3.33056e+06,28.2169,122.268,703989,-5833.49,-1177.54,-3960.06
121,-3.33972e+06,5.27914e+06,3.3266e+06,28.1804,122.319,703983,-5829.92,-1182.6,-3963.81
122,-3.34555e+06,5.27795e+06,3.32263e+06,28.1439,122.37,703978,-5826.36,-1187.66,-3967.56
123,-3.35138e+06,5.27676e+06,3.31866e+06,28.1074,122.42,703972,-5822.78,-1192.71,-3971.3
124,-3.3572e+06,5.27557e+06,3.31469e+06,28.0708,122.471,703967,-5819.21,-1197.77,-3975.04
125,-3.36301e+06,5.27436e+06,3.31071e+06,28.0342,122.522,703962,-5815.62,-1202.82,-3978.77
126,-3.36883e+06,5.27316e+06,3.30673e+06,27.9976,122.573,703956,-5812.03,-1207.87,-3982.5
127,-3.37464e+06,5.27195e+06,3.30275e+06,27.961,122.624,703951,-5808.43,-1212.93,-3986.23
128,-3.38044e+06,5.27073e+06,3.29876e+06,27.9243,122.675,703945,-5804.83,-1217.98,-3989.95
129,-3.38625e+06,5.26951e+06,3.29477e+06,27.8877,122.725,703940,-5801.22,-1223.03,-3993.66
130,-3.39205e+06,5.26829e+06,3.29077e+06,27.851,122.776,703934,-5797.61,-1228.08,-3997.38
131,-3.39784e+06,5.26706e+06,3.28677e+06,27.8143,122.827,703929,-5793.99,-1233.13,-4001.08
132,-3.40363e+06,5.26582e+06,3.28277e+06,27.7775,122.877,703924,-5790.37,-1238.18,-4004.79
133,-3.40942e+06,5.26458e+06,3.27876e+06,27.7408,122.928,703918,-5786.74,-1243.22,-4008.48
134,-3.41521e+06,5.26333e+06,3.27475e+06,27.704,122.978,703913,-5783.1,-1248.27,-4012.18
135,-3.42099e+06,5.26208e+06,3.27074e+06,27.6672,123.029,703907,-5779.46,-1253.31,-4015.87
136,-3.42677e+06,5.26083e+06,3.26672e+06,27.6304,123.079,703902,-5775.81,-1258.36,-4019.55
137,-3.43254e+06,5.25957e+06,3.2627e+06,27.5935,123.13,703897,-5772.16,-1263.4,-4023.23
138,-3.43831e+06,5.2583e+06,3.25868e+06,27.5567,123.18,703891,-5768.5,-1268.45,-4026.91
139,-3.44408e+06,5.25703e+06,3.25465e+06,27.5198,123.23,703886,-5764.83,-1273.49,-4030.58
140,-3.44984e+06,5.25575e+06,3.25061e+06,27.4829,123.281,703881,-5761.16,-1278.53,-4034.24
141,-3.4556e+06,5.25447e+06,3.24658e+06,27.4459,123.331,703875,-5757.48,-1283.57,-4037.91
142,-3.46136e+06,5.25319e+06,3.24254e+06,27.409,123.381,703870,-5753.8,-1288.61,-4041.56
143,-3.46711e+06,5.2519e+06,3.2385e+06,27.372,123.431,703865,-5750.11,-1293.65,-4045.22
144,-3.47286e+06,5.2506e+06,3.23445e+06,27.335,123.481,703859,-5746.42,-1298.69,-4048.86
145,-3.4786e+06,5.2493e+06,3.2304e+06,27.298,123.532,703854,-5742.72,-1303.72,-4052.51
146,-3.48434e+06,5.24799e+06,3.22634e+06,27.261,123.582,703849,-5739.01,-1308.76,-4056.15
147,-3.49008e+06,5.24668e+06,3.22229e+06,27.2239,123.632,703844,-5735.3,-1313.79,-4059.78
148,-3.49581e+06,5.24537e+06,3.21822e+06,27.1868,123.682,703838,-5731.59,-1318.83,-4063.41
149,-3.50154e+06,5.24404e+06,3.21416e+06,27.1497,123.732,703833,-5727.87,-1323.86,-4067.04
150,-3.50727e+06,5.24272e+06,3.21009e+06,27.1126,123.782,703828,-5724.14,-1328.89,-4070.66
151,-3.51299e+06,5.24139e+06,3.20602e+06,27.0755,123.832,703822,-5720.4,-1333.92,-4074.27
152,-3.51871e+06,5.24005e+06,3.20194e+06,27.0383,123.881,703817,-5716.66,-1338.95,-4077.89
153,-3.52442e+06,5.23871e+06,3.19786e+06,27.0011,123.931,703812,-5712.92,-1343.98,-4081.49
154,-3.53013e+06,5.23736e+06,3.19378e+06,26.9639,123.981,703807,-5709.17,-1349.01,-4085.1
155,-3.53584e+06,5.23601e+06,3.18969e+06,26.9267,124.031,703801,-5705.41,-1354.04,-4088.69
156,-3.54155e+06,5.23465e+06,3.1856e+06,26.8894,124.081,703796,-5701.65,-1359.06,-4092.29
157,-3.54725e+06,5.23329e+06,3.18151e+06,26.8522,124.13,703791,-5697.88,-1364.09,-4095.88
158,-3.55294e+06,5.23193e+06,3.17741e+06,26.8149,124.18,703786,-5694.11,-1369.11,-4099.46
159,-3.55863e+06,5.23055e+06,3.17331e+06,26.7776,124.23,703781,-5690.33,-1374.14,-4103.04
160,-3.56432e+06,5.22918e+06,3.1692e+06,26.7402,124.279,703775,-5686.55,-1379.16,-4106.61
161,-3.57001e+06,5.2278e+06,3.16509e+06,26.7029,124.329,703770,-5682.76,-1384.18,-4110.18
162,-3.57569e+06,5.22641e+06,3.16098e+06,26.6655,124.378,703765,-5678.96,-1389.2,-4113.75
163,-3.58136e+06,5.22502e+06,3.15687e+06,26.6281,124.428,703760,-5675.16,-1394.22,-4117.31
164,-3.58704e+06,5.22362e+06,3.15275e+06,26.5907,124.477,703755,-5671.35,-1399.24,-4120.87
165,-3.59271e+06,5.22222e+06,3.14863e+06,26.5533,124.527,703750,-5667.54,-1404.26,-4124.42
166,-3.59837e+06,5.22081e+06,3.1445e+06,26.5158,124.576,703744,-5663.72,-1409.27,-4127.97
167,-3.60403e+06,5.2194e+06,3.14037e+06,26.4784,124.625,703739,-5659.9,-1414.29,-4131.51
168,-3.60969e+06,5.21798e+06,3.13624e+06,26.4409,124.675,703734,-5656.07,-1419.3,-4135.05
169,-3.61535e+06,5.21656e+06,3.1321e+06,26.4034,124.724,703729,-5652.23,-1424.32,-4138.58
170,-3.621e+06,5.21513e+06,3.12796e+06,26.3658,124.773,703724,-5648.39,-1429.33,-4142.11
171,-3.62664e+06,5.2137e+06,3.12381e+06,26.3283,124.822,703719,-5644.55,-1434.34,-4145.63
172,-3.63229e+06,5.21227e+06,3.11967e+06,26.2907,124.872,703714,-5640.7,-1439.35,-4149.15
173,-3.63793e+06,5.21082e+06,3.11552e+06,26.2531,124.921,703709,-5636.84,-1444.36,-4152.66
174,-3.64356e+06,5.20938e+06,3.11136e+06,26.2155,124.97,703704,-5632.98,-1449.37,-4156.17
175,-3.64919e+06,5.20793e+06,3.1072e+06,26.1779,125.019,703699,-5629.11,-1454.37,-4159.68
176,-3.65482e+06,5.20647e+06,3.10304e+06,26.1402,125.068,703693,-5625.23,-1459.38,-4163.18
177,-3.66044e+06,5.20501e+06,3.09888e+06,26.1026,125.117,703688,-5621.35,-1464.39,-4166.67
178,-3.66606e+06,5.20354e+06,3.09471e+06,26.0649,125.166,703683,-5617.47,-1469.39,-4170.17
179,-3.67168e+06,5.20207e+06,3.09054e+06,26.0272,125.215,703678,-5613.58,-1474.39,-4173.65
180,-3.67729e+06,5.20059e+06,3.08636e+06,25.9894,125.264,703673,-5609.68,-1479.39,-4177.13
181,-3.6829e+06,5.19911e+06,3.08218e+06,25.9517,125.313,703668,-5605.78,-1484.39,-4180.61
182,-3.6885e+06,5.19762e+06,3.078e+06,25.9139,125.361,703663,-5601.87,-1489.39,-4184.08
183,-3.6941e+06,5.19613e+06,3.07382e+06,25.8761,125.41,703658,-5597.96,-1494.39,-4187.55
184,-3.6997e+06,5.19463e+06,3.06963e+06,25.8383,125.459,703653,-5594.04,-1499.39,-4191.01
185,-3.70529e+06,5.19313e+06,3.06543e+06,25.8005,125.508,703648,-5590.12,-1504.39,-4194.47
186,-3.71088e+06,5.19162e+06,3.06124e+06,25.7626,125.556,703643,-5586.19,-1509.38,-4197.92
187,-3.71646e+06,5.19011e+06,3.05704e+06,25.7248,125.605,703638,-5582.25,-1514.38,-4201.37
188,-3.72204e+06,5.1886e+06,3.05283e+06,25.6869,125.654,703633,-5578.31,-1519.37,-4204.82
189,-3.72762e+06,5.18707e+06,3.04863e+06,25.649,125.702,703628,-5574.37,-1524.36,-4208.25
190,-3.73319e+06,5.18555e+06,3.04442e+06,25.6111,125.751,703623,-5570.41,-1529.35,-4211.69
191,-3.73876e+06,5.18402e+06,3.0402e+06,25.5731,125.799,703619,-5566.46,-1534.34,-4215.12
192,-3.74432e+06,5.18248e+06,3.03599e+06,25.5352,125.848,703614,-5562.49,-1539.33,-4218.54
193,-3.74988e+06,5.18094e+06,3.03177e+06,25.4972,125.896,703609,-5558.53,-1544.32,-4221.96
194,-3.75544e+06,5.17939e+06,3.02754e+06,25.4592,125.945,703604,-5554.55,-1549.3,-4225.38
195,-3.76099e+06,5.17784e+06,3.02332e+06,25.4212,125.993,703599,-5550.57,-1554.29,-4228.79
196,-3.76654e+06,5.17628e+06,3.01909e+06,25.3831,126.042,703594,-5546.59,-1559.27,-4232.19
197,-3.77208e+06,5.17472e+06,3.01485e+06,25.3451,126.09,703589,-5542.6,-1564.26,-4235.6
198,-3.77763e+06,5.17315e+06,3.01061e+06,25.307,126.138,703584,-5538.6,-1569.24,-4238.99
199,-3.78316e+06,5.17158e+06,3.00637e+06,25.2689,126.187,703579,-5534.6,-1574.22,-4242.38
