0,3.06076e+06,-5.14531e+06,-3.78817e+06,-32.4801,-59.2531,712678,6139.96,1099.88,3470.85
1,3.0669e+06,-5.1442e+06,-3.7847e+06,-32.4468,-59.1972,712664,6136.71,1104.72,3475.11
2,3.07304e+06,-5.1431e+06,-3.78122e+06,-32.4134,-59.1414,712651,6133.44,1109.56,3479.35
3,3.07917e+06,-5.14199e+06,-3.77774e+06,-32.3801,-59.0856,712638,6130.18,1114.4,3483.6
4,3.0853e+06,-5.14087e+06,-3.77425e+06,-32.3467,-59.0299,712625,6126.9,1119.24,3487.84
5,3.09142e+06,-5.13975e+06,-3.77076e+06,-32.3133,-58.9742,712611,6123.62,1124.08,3492.08
6,3.09754e+06,-5.13862e+06,-3.76727e+06,-32.2798,-58.9186,712598,6120.34,1128.92,3496.31
7,3.10366e+06,-5.13749e+06,-3.76377e+06,-32.2463,-58.863,712585,6117.04,1133.76,3500.54
8,3.10978e+06,-5.13635e+06,-3.76027e+06,-32.2128,-58.8074,712571,6113.75,1138.59,3504.77
9,3.11589e+06,-5.13521e+06,-3.75676e+06,-32.1793,-58.7519,712558,6110.44,1143.43,3508.99
10,3.122e+06,-5.13407e+06,-3.75325e+06,-32.1457,-58.6964,712545,6107.13,1148.26,3513.21
11,3.1281e+06,-5.13292e+06,-3.74973e+06,-32.1121,-58.641,712531,6103.81,1153.09,3517.42
12,3.13421e+06,-5.13176e+06,-3.74622e+06,-32.0785,-58.5856,712518,6100.49,1157.93,3521.63
13,3.14031e+06,-5.1306e+06,-3.74269e+06,-32.0449,-58.5303,712505,6097.16,1162.76,3525.84
14,3.1464e+06,-5.12943e+06,-3.73916e+06,-32.0112,-58.475,712491,6093.83,1167.59,3530.04
15,3.15249e+06,-5.12826e+06,-3.73563e+06,-31.9775,-58.4198,712478,6090.49,1172.42,3534.24
16,3.15858e+06,-5.12709e+06,-3.7321e+06,-31.9438,-58.3645,712465,6087.14,1177.25,3538.43
17,3.16467e+06,-5.12591e+06,-3.72855e+06,-31.91,-58.3094,712451,6083.79,1182.08,3542.62
18,3.17075e+06,-5.12473e+06,-3.72501e+06,-31.8762,-58.2543,712438,6080.43,1186.91,3546.81
19,3.17683e+06,-5.12354e+06,-3.72146e+06,-31.8424,-58.1992,712424,6077.06,1191.73,3550.99
20,3.1829e+06,-5.12234e+06,-3.71791e+06,-31.8085,-58.1441,712411,6073.69,1196.56,3555.17
21,3.18898e+06,-5.12114e+06,-3.71435e+06,-31.7747,-58.0892,712398,6070.31,1201.39,3559.35
22,3.19504e+06,-5.11994e+06,-3.71079e+06,-31.7408,-58.0342,712384,6066.93,1206.21,3563.52
23,3.20111e+06,-5.11873e+06,-3.70722e+06,-31.7069,-57.9793,712371,6063.54,1211.03,3567.68
24,3.20717e+06,-5.11752e+06,-3.70365e+06,-31.6729,-57.9244,712357,6060.14,1215.86,3571.84
25,3.21323e+06,-5.1163e+06,-3.70008e+06,-31.6389,-57.8696,712344,6056.74,1220.68,3576
26,3.21928e+06,-5.11508e+06,-3.6965e+06,-31.6049,-57.8148,712330,6053.33,1225.5,3580.16
27,3.22534e+06,-5.11385e+06,-3.69292e+06,-31.5709,-57.7601,712317,6049.92,1230.32,3584.31
28,3.23138e+06,-5.11261e+06,-3.68933e+06,-31.5368,-57.7054,712304,6046.5,1235.14,3588.45
29,3.23743e+06,-5.11138e+06,-3.68574e+06,-31.5027,-57.6508,712290,6043.07,1239.96,3592.6
30,3.24347e+06,-5.11013e+06,-3.68215e+06,-31.4686,-57.5962,712277,6039.64,1244.78,3596.74
31,3.24951e+06,-5.10889e+06,-3.67855e+06,-31.4345,-57.5416,712263,6036.2,1249.6,3600.87
32,3.25554e+06,-5.10764e+06,-3.67495e+06,-31.4003,-57.4871,712250,6032.76,1254.41,3605
33,3.26157e+06,-5.10638e+06,-3.67134e+06,-31.3661,-57.4326,712236,6029.31,1259.23,3609.13
34,3.2676e+06,-5.10512e+06,-3.66773e+06,-31.3319,-57.3782,712223,6025.85,1264.04,3613.25
35,3.27363e+06,-5.10385e+06,-3.66411e+06,-31.2976,-57.3238,712209,6022.39,1268.86,3617.37
36,3.27965e+06,-5.10258e+06,-3.66049e+06,-31.2633,-57.2694,712196,6018.92,1273.67,3621.48
37,3.28566e+06,-5.1013e+06,-3.65687e+06,-31.229,-57.2151,712182,6015.44,1278.48,3625.59
38,3.29168e+06,-5.10002e+06,-3.65324e+06,-31.1947,-57.1608,712169,6011.96,1283.29,3629.7
39,3.29769e+06,-5.09874e+06,-3.64961e+06,-31.1603,-57.1066,712155,6008.48,1288.1,3633.8
40,3.30369e+06,-5.09745e+06,-3.64597e+06,-31.1259,-57.0524,712142,6004.98,1292.91,3637.9
41,3.3097e+06,-5.09615e+06,-3.64233e+06,-31.0915,-56.9983,712128,6001.49,1297.72,3641.99
42,3.3157e+06,-5.09485e+06,-3.63869e+06,-31.0571,-56.9442,712115,5997.98,1302.53,3646.08
43,3.32169e+06,-5.09355e+06,-3.63504e+06,-31.0226,-56.8901,712101,5994.47,1307.33,3650.17
44,3.32769e+06,-5.09224e+06,-3.63139e+06,-30.9881,-56.8361,712087,5990.95,1312.14,3654.25
45,3.33367e+06,-5.09092e+06,-3.62773e+06,-30.9536,-56.7821,712074,5987.43,1316.94,3658.33
46,3.33966e+06,-5.0896e+06,-3.62407e+06,-30.9191,-56.7282,712060,5983.9,1321.75,3662.4
47,3.34564e+06,-5.08828e+06,-3.62041e+06,-30.8845,-56.6743,712047,5980.37,1326.55,3666.47
48,3.35162e+06,-5.08695e+06,-3.61674e+06,-30.8499,-56.6204,712033,5976.83,1331.35,3670.54
49,3.3576e+06,-5.08562e+06,-3.61307e+06,-30.8153,-56.5666,712020,5973.28,1336.15,3674.6
50,3.36357e+06,-5.08428e+06,-3.60939e+06,-30.7806,-56.5129,712006,5969.73,1340.95,3678.66
51,3.36954e+06,-5.08293e+06,-3.60571e+06,-30.7459,-56.4591,711992,5966.17,1345.75,3682.71
52,3.3755e+06,-5.08159e+06,-3.60203e+06,-30.7112,-56.4055,711979,5962.61,1350.55,3686.76
53,3.38146e+06,-5.08023e+06,-3.59834e+06,-30.6765,-56.3518,711965,5959.03,1355.35,3690.8
54,3.38742e+06,-5.07888e+06,-3.59464e+06,-30.6418,-56.2982,711952,5955.46,1360.14,3694.84
55,3.39337e+06,-5.07751e+06,-3.59095e+06,-30.607,-56.2446,711938,5951.88,1364.94,3698.88
56,3.39932e+06,-5.07615e+06,-3.58725e+06,-30.5722,-56.1911,711924,5948.29,1369.73,3702.91
57,3.40527e+06,-5.07477e+06,-3.58354e+06,-30.5373,-56.1376,711911,5944.69,1374.52,3706.94
58,3.41121e+06,-5.0734e+06,-3.57983e+06,-30.5025,-56.0842,711897,5941.09,1379.32,3710.96
59,3.41715e+06,-5.07201e+06,-3.57612e+06,-30.4676,-56.0308,711884,5937.49,1384.11,3714.98
60,3.42309e+06,-5.07063e+06,-3.5724e+06,-30.4327,-55.9775,711870,5933.87,1388.9,3719
61,3.42902e+06,-5.06924e+06,-3.56868e+06,-30.3978,-55.9241,711856,5930.26,1393.69,3723.01
62,3.43495e+06,-5.06784e+06,-3.56496e+06,-30.3628,-55.8709,711843,5926.63,1398.48,3727.02
63,3.44087e+06,-5.06644e+06,-3.56123e+06,-30.3278,-55.8176,711829,5923,1403.26,3731.02
64,3.44679e+06,-5.06503e+06,-3.55749e+06,-30.2928,-55.7644,711815,5919.37,1408.05,3735.02
65,3.45271e+06,-5.06362e+06,-3.55376e+06,-30.2578,-55.7113,711802,5915.73,1412.83,3739.02
66,3.45862e+06,-5.06221e+06,-3.55002e+06,-30.2227,-55.6582,711788,5912.08,1417.62,3743.01
67,3.46453e+06,-5.06079e+06,-3.54627e+06,-30.1876,-55.6051,711774,5908.42,1422.4,3746.99
68,3.47044e+06,-5.05936e+06,-3.54252e+06,-30.1525,-55.5521,711761,5904.76,1427.18,3750.98
69,3.47634e+06,-5.05793e+06,-3.53877e+06,-30.1174,-55.4991,711747,5901.1,1431.96,3754.95
70,3.48224e+06,-5.0565e+06,-3.53501e+06,-30.0822,-55.4461,711733,5897.43,1436.74,3758.93
71,3.48814e+06,-5.05506e+06,-3.53125e+06,-30.047,-55.3932,711720,5893.75,1441.52,3762.9
72,3.49403e+06,-5.05362e+06,-3.52749e+06,-30.0118,-55.3403,711706,5890.07,1446.3,3766.86
73,3.49992e+06,-5.05217e+06,-3.52372e+06,-29.9766,-55.2875,711692,5886.38,1451.08,3770.83
74,3.5058e+06,-5.05071e+06,-3.51995e+06,-29.9413,-55.2347,711679,5882.68,1455.85,3774.78
75,3.51168e+06,-5.04926e+06,-3.51617e+06,-29.906,-55.182,711665,5878.98,1460.63,3778.74
76,3.51756e+06,-5.04779e+06,-3.51239e+06,-29.8707,-55.1292,711651,5875.28,1465.4,3782.68
77,3.52343e+06,-5.04633e+06,-3.5086e+06,-29.8354,-55.0766,711638,5871.56,1470.17,3786.63
78,3.5293e+06,-5.04485e+06,-3.50481e+06,-29.8,-55.0239,711624,5867.84,1474.95,3790.57
79,3.53517e+06,-5.04338e+06,-3.50102e+06,-29.7646,-54.9713,711610,5864.12,1479.72,3794.5
80,3.54103e+06,-5.04189e+06,-3.49723e+06,-29.7292,-54.9188,711597,5860.39,1484.49,3798.44
81,3.54689e+06,-5.04041e+06,-3.49343e+06,-29.6938,-54.8663,711583,5856.65,1489.25,3802.36
82,3.55275e+06,-5.03891e+06,-3.48962e+06,-29.6583,-54.8138,711569,5852.91,1494.02,3806.29
83,3.5586e+06,-5.03742e+06,-3.48581e+06,-29.6229,-54.7614,711555,5849.16,1498.79,3810.21
84,3.56444e+06,-5.03592e+06,-3.482e+06,-29.5873,-54.709,711542,5845.41,1503.55,3814.12
85,3.57029e+06,-5.03441e+06,-3.47818e+06,-29.5518,-54.6566,711528,5841.65,1508.32,3818.03
86,3.57613e+06,-5.0329e+06,-3.47436e+06,-29.5163,-54.6043,711514,5837.89,1513.08,3821.94
87,3.58196e+06,-5.03139e+06,-3.47054e+06,-29.4807,-54.552,711500,5834.12,1517.84,3825.84
88,3.5878e+06,-5.02987e+06,-3.46671e+06,-29.4451,-54.4998,711487,5830.34,1522.6,3829.74
89,3.59362e+06,-5.02834e+06,-3.46288e+06,-29.4094,-54.4476,711473,5826.56,1527.36,3833.63
90,3.59945e+06,-5.02681e+06,-3.45905e+06,-29.3738,-54.3954,711459,5822.77,1532.12,3837.52
91,3.60527e+06,-5.02528e+06,-3.45521e+06,-29.3381,-54.3433,711445,5818.97,1536.88,3841.4
92,3.61109e+06,-5.02374e+06,-3.45136e+06,-29.3024,-54.2912,711432,5815.17,1541.63,3845.28
93,3.6169e+06,-5.02219e+06,-3.44752e+06,-29.2667,-54.2392,711418,5811.37,1546.39,3849.16
94,3.62271e+06,-5.02064e+06,-3.44366e+06,-29.2309,-54.1872,711404,5807.56,1551.14,3853.03
95,3.62851e+06,-5.01909e+06,-3.43981e+06,-29.1952,-54.1352,711390,5803.74,1555.89,3856.9
96,3.63432e+06,-5.01753e+06,-3.43595e+06,-29.1594,-54.0833,711377,5799.91,1560.65,3860.76
97,3.64011e+06,-5.01597e+06,-3.43209e+06,-29.1236,-54.0314,711363,5796.09,1565.4,3864.62
98,3.64591e+06,-5.0144e+06,-3.42822e+06,-29.0877,-53.9796,711349,5792.25,1570.15,3868.48
99,3.6517e+06,-5.01283e+06,-3.42435e+06,-29.0519,-53.9278,711335,5788.41,1574.89,3872.33
100,3.65749e+06,-5.01125e+06,-3.42048e+06,-29.016,-53.876,711322,5784.56,1579.64,3876.17
101,3.66327e+06,-5.00967e+06,-3.4166e+06,-28.98,-53.8243,711308,5780.71,1584.39,3880.01
102,3.66905e+06,-5.00808e+06,-3.41272e+06,-28.9441,-53.7726,711294,5776.85,1589.13,3883.85
103,3.67482e+06,-5.00649e+06,-3.40883e+06,-28.9082,-53.7209,711280,5772.99,1593.87,3887.68
104,3.68059e+06,-5.0049e+06,-3.40494e+06,-28.8722,-53.6693,711266,5769.12,1598.62,3891.51
105,3.68636e+06,-5.00329e+06,-3.40105e+06,-28.8362,-53.6177,711253,5765.24,1603.36,3895.34
106,3.69212e+06,-5.00169e+06,-3.39715e+06,-28.8001,-53.5662,711239,5761.36,1608.1,3899.16
107,3.69788e+06,-5.00008e+06,-3.39325e+06,-28.7641,-53.5147,711225,5757.48,1612.84,3902.97
108,3.70364e+06,-4.99846e+06,-3.38934e+06,-28.728,-53.4632,711211,5753.58,1617.57,3906.78
109,3.70939e+06,-4.99684e+06,-3.38544e+06,-28.6919,-53.4118,711198,5749.68,1622.31,3910.59
110,3.71514e+06,-4.99522e+06,-3.38152e+06,-28.6558,-53.3604,711184,5745.78,1627.04,3914.39
111,3.72088e+06,-4.99359e+06,-3.37761e+06,-28.6196,-53.309,711170,5741.87,1631.78,3918.19
112,3.72662e+06,-4.99195e+06,-3.37369e+06,-28.5835,-53.2577,711156,5737.95,1636.51,3921.98
113,3.73236e+06,-4.99032e+06,-3.36976e+06,-28.5473,-53.2064,711142,5734.03,1641.24,3925.77
114,3.73809e+06,-4.98867e+06,-3.36584e+06,-28.5111,-53.1552,711128,5730.11,1645.97,3929.56
115,3.74382e+06,-4.98702e+06,-3.3619e+06,-28.4748,-53.104,711115,5726.17,1650.7,3933.34
116,3.74954e+06,-4.98537e+06,-3.35797e+06,-28.4386,-53.0528,711101,5722.24,1655.43,3937.11
117,3.75526e+06,-4.98371e+06,-3.35403e+06,-28.4023,-53.0017,711087,5718.29,1660.15,3940.89
118,3.76098e+06,-4.98205e+06,-3.35009e+06,-28.366,-52.9506,711073,5714.34,1664.88,3944.65
119,3.76669e+06,-4.98038e+06,-3.34614e+06,-28.3297,-52.8996,711059,5710.39,1669.6,3948.42
120,3.7724e+06,-4.97871e+06,-3.34219e+06,-28.2933,-52.8486,711046,5706.42,1674.33,3952.17
121,3.7781e+06,-4.97703e+06,-3.33824e+06,-28.2569,-52.7976,711032,5702.46,1679.05,3955.93
122,3.7838e+06,-4.97535e+06,-3.33428e+06,-28.2205,-52.7467,711018,5698.48,1683.77,3959.68
123,3.7895e+06,-4.97367e+06,-3.33032e+06,-28.1841,-52.6958,711004,5694.51,1688.48,3963.42
124,3.79519e+06,-4.97198e+06,-3.32635e+06,-28.1477,-52.6449,710990,5690.52,1693.2,3967.16
125,3.80088e+06,-4.97028e+06,-3.32238e+06,-28.1112,-52.5941,710976,5686.53,1697.92,3970.9
126,3.80657e+06,-4.96858e+06,-3.31841e+06,-28.0747,-52.5433,710963,5682.54,1702.63,3974.63
127,3.81225e+06,-4.96688e+06,-3.31443e+06,-28.0382,-52.4925,710949,5678.54,1707.35,3978.36
128,3.81792e+06,-4.96517e+06,-3.31045e+06,-28.0017,-52.4418,710935,5674.53,1712.06,3982.08
129,3.8236e+06,-4.96345e+06,-3.30647e+06,-27.9651,-52.3911,710921,5670.52,1716.77,3985.8
130,3.82926e+06,-4.96173e+06,-3.30248e+06,-27.9286,-52.3405,710907,5666.5,1721.48,3989.51
131,3.83493e+06,-4.96001e+06,-3.29849e+06,-27.892,-52.2899,710893,5662.47,1726.19,3993.22
132,3.84059e+06,-4.95828e+06,-3.29449e+06,-27.8554,-52.2393,710880,5658.44,1730.9,3996.93
133,3.84625e+06,-4.95655e+06,-3.2905e+06,-27.8187,-52.1888,710866,5654.41,1735.6,4000.63
134,3.8519e+06,-4.95481e+06,-3.28649e+06,-27.7821,-52.1383,710852,5650.37,1740.31,4004.32
135,3.85755e+06,-4.95307e+06,-3.28249e+06,-27.7454,-52.0878,710838,5646.32,1745.01,4008.02
136,3.86319e+06,-4.95132e+06,-3.27848e+06,-27.7087,-52.0374,710824,5642.27,1749.71,4011.7
137,3.86883e+06,-4.94957e+06,-3.27446e+06,-27.672,-51.987,710810,5638.21,1754.41,4015.39
138,3.87447e+06,-4.94781e+06,-3.27045e+06,-27.6352,-51.9367,710797,5634.15,1759.11,4019.06
139,3.8801e+06,-4.94605e+06,-3.26643e+06,-27.5984,-51.8864,710783,5630.08,1763.81,4022.74
140,3.88573e+06,-4.94428e+06,-3.2624e+06,-27.5616,-51.8361,710769,5626.01,1768.5,4026.41
141,3.89135e+06,-4.94251e+06,-3.25837e+06,-27.5248,-51.7858,710755,5621.93,1773.2,4030.07
142,3.89697e+06,-4.94074e+06,-3.25434e+06,-27.488,-51.7356,710741,5617.84,1777.89,4033.73
143,3.90259e+06,-4.93896e+06,-3.25031e+06,-27.4511,-51.6855,710727,5613.75,1782.58,4037.39
144,3.9082e+06,-4.93717e+06,-3.24627e+06,-27.4143,-51.6353,710713,5609.65,1787.28,4041.04
145,3.91381e+06,-4.93538e+06,-3.24222e+06,-27.3774,-51.5852,710700,5605.55,1791.97,4044.68
146,3.91941e+06,-4.93359e+06,-3.23818e+06,-27.3404,-51.5352,710686,5601.44,1796.65,4048.33
147,3.92501e+06,-4.93179e+06,-3.23413e+06,-27.3035,-51.4851,710672,5597.33,1801.34,4051.96
148,3.9306e+06,-4.92998e+06,-3.23007e+06,-27.2665,-51.4352,710658,5593.21,1806.03,4055.6
149,3.93619e+06,-4.92818e+06,-3.22602e+06,-27.2296,-51.3852,710644,5589.08,1810.71,4059.22
150,3.94178e+06,-4.92636e+06,-3.22195e+06,-27.1926,-51.3353,710630,5584.95,1815.39,4062.85
151,3.94736e+06,-4.92454e+06,-3.21789e+06,-27.1555,-51.2854,710616,5580.82,1820.07,4066.47
152,3.95294e+06,-4.92272e+06,-3.21382e+06,-27.1185,-51.2356,710603,5576.68,1824.75,4070.08
153,3.95852e+06,-4.9209e+06,-3.20975e+06,-27.0814,-51.1857,710589,5572.53,1829.43,4073.69
154,3.96409e+06,-4.91906e+06,-3.20567e+06,-27.0443,-51.136,710575,5568.38,1834.11,4077.3
155,3.96965e+06,-4.91723e+06,-3.2016e+06,-27.0072,-51.0862,710561,5564.22,1838.78,4080.9
156,3.97522e+06,-4.91539e+06,-3.19751e+06,-26.9701,-51.0365,710547,5560.05,1843.46,4084.49
157,3.98078e+06,-4.91354e+06,-3.19343e+06,-26.9329,-50.9868,710533,5555.89,1848.13,4088.09
158,3.98633e+06,-4.91169e+06,-3.18934e+06,-26.8958,-50.9372,710519,5551.71,1852.8,4091.67
159,3.99188e+06,-4.90983e+06,-3.18524e+06,-26.8586,-50.8876,710506,5547.53,1857.47,4095.26
160,3.99742e+06,-4.90797e+06,-3.18115e+06,-26.8214,-50.838,710492,5543.34,1862.14,4098.83
161,4.00297e+06,-4.90611e+06,-3.17705e+06,-26.7841,-50.7885,710478,5539.15,1866.81,4102.41
162,4.0085e+06,-4.90424e+06,-3.17294e+06,-26.7469,-50.739,710464,5534.96,1871.47,4105.98
163,4.01403e+06,-4.90237e+06,-3.16883e+06,-26.7096,-50.6895,710450,5530.75,1876.14,4109.54
164,4.01956e+06,-4.90049e+06,-3.16472e+06,-26.6723,-50.6401,710436,5526.55,1880.8,4113.1
165,4.02509e+06,-4.89861e+06,-3.16061e+06,-26.635,-50.5907,710422,5522.33,1885.46,4116.66
166,4.03061e+06,-4.89672e+06,-3.15649e+06,-26.5977,-50.5414,710409,5518.11,1890.12,4120.21
167,4.03612e+06,-4.89483e+06,-3.15237e+06,-26.5603,-50.492,710395,5513.89,1894.78,4123.75
168,4.04164e+06,-4.89293e+06,-3.14824e+06,-26.5229,-50.4428,710381,5509.66,1899.44,4127.29
169,4.04714e+06,-4.89103e+06,-3.14411e+06,-26.4855,-50.3935,710367,5505.42,1904.09,4130.83
170,4.05265e+06,-4.88912e+06,-3.13998e+06,-26.4481,-50.3443,710353,5501.18,1908.75,4134.36
171,4.05815e+06,-4.88721e+06,-3.13584e+06,-26.4107,-50.2951,710339,5496.94,1913.4,4137.89
172,4.06364e+06,-4.88529e+06,-3.1317e+06,-26.3732,-50.2459,710325,5492.68,1918.05,4141.41
173,4.06913e+06,-4.88337e+06,-3.12756e+06,-26.3357,-50.1968,710312,5488.43,1922.7,4144.93
174,4.07462e+06,-4.88145e+06,-3.12341e+06,-26.2982,-50.1477,710298,5484.16,1927.35,4148.44
175,4.0801e+06,-4.87952e+06,-3.11926e+06,-26.2607,-50.0987,710284,5479.9,1931.99,4151.95
176,4.08558e+06,-4.87758e+06,-3.11511e+06,-26.2232,-50.0497,710270,5475.62,1936.64,4155.46
177,4.09105e+06,-4.87565e+06,-3.11095e+06,-26.1856,-50.0007,710256,5471.34,1941.28,4158.96
178,4.09652e+06,-4.8737e+06,-3.10679e+06,-26.148,-49.9518,710242,5467.06,1945.92,4162.45
179,4.10198e+06,-4.87175e+06,-3.10263e+06,-26.1104,-49.9028,710229,5462.77,1950.56,4165.94
180,4.10745e+06,-4.8698e+06,-3.09846e+06,-26.0728,-49.854,710215,5458.47,1955.2,4169.43
181,4.1129e+06,-4.86784e+06,-3.09429e+06,-26.0352,-49.8051,710201,5454.17,1959.84,4172.91
182,4.11835e+06,-4.86588e+06,-3.09011e+06,-25.9975,-49.7563,710187,5449.86,1964.47,4176.38
183,4.1238e+06,-4.86391e+06,-3.08594e+06,-25.9599,-49.7075,710173,5445.55,1969.11,4179.85
184,4.12924e+06,-4.86194e+06,-3.08175e+06,-25.9222,-49.6588,710159,5441.24,1973.74,4183.32
185,4.13468e+06,-4.85997e+06,-3.07757e+06,-25.8845,-49.6101,710146,5436.91,1978.37,4186.78
186,4.14012e+06,-4.85799e+06,-3.07338e+06,-25.8467,-49.5614,710132,5432.58,1983,4190.24
187,4.14555e+06,-4.856e+06,-3.06919e+06,-25.809,-49.5127,710118,5428.25,1987.63,4193.69
188,4.15098e+06,-4.85401e+06,-3.06499e+06,-25.7712,-49.4641,710104,5423.91,1992.26,4197.14
189,4.1564e+06,-4.85202e+06,-3.06079e+06,-25.7334,-49.4156,710090,5419.57,1996.88,4200.58
190,4.16181e+06,-4.85002e+06,-3.05659e+06,-25.6956,-49.367,710076,5415.22,2001.5,4204.02
191,4.16723e+06,-4.84801e+06,-3.05239e+06,-25.6578,-49.3185,710063,5410.86,2006.13,4207.46
192,4.17264e+06,-4.846e+06,-3.04818e+06,-25.6199,-49.27,710049,5406.5,2010.75,4210.89
193,4.17804e+06,-4.84399e+06,-3.04397e+06,-25.582,-49.2216,710035,5402.14,2015.37,4214.31
194,4.18344e+06,-4.84197e+06,-3.03975e+06,-25.5441,-49.1732,710021,5397.77,2019.98,4217.73
195,4.18884e+06,-4.83995e+06,-3.03553e+06,-25.5062,-49.1248,710007,5393.39,2024.6,4221.14
196,4.19423e+06,-4.83792e+06,-3.03131e+06,-25.4683,-49.0764,709993,5389.01,2029.21,4224.56
197,4.19961e+06,-4.83589e+06,-3.02708e+06,-25.4304,-49.0281,709980,5384.62,2033.82,4227.96
198,4.205e+06,-4.83386e+06,-3.02285e+06,-25.3924,-48.9798,709966,5380.23,2038.43,4231.36
199,4.21037e+06,-4.83182e+06,-3.01862e+06,-25.3544,-48.9316,709952,5375.83,2043.04,4234.76
